10.000	0.083
20.000	0.086
30.000	0.086
40.000	0.087
50.000	0.087
60.000	0.089
70.000	0.089
80.000	0.089
90.000	0.089
100.000	0.090
110.000	0.090
120.000	0.091
130.000	0.092
140.000	0.093
150.000	0.094
160.000	0.095
170.000	0.095
180.000	0.095
190.000	0.096
200.000	0.095
210.000	0.096
220.000	0.095
230.000	0.094
240.000	0.093
250.000	0.094
260.000	0.093
270.000	0.093
280.000	0.093
290.000	0.094
300.000	0.095
310.000	0.095
320.000	0.095
330.000	0.096
340.000	0.097
350.000	0.096
360.000	0.097
370.000	0.097
380.000	0.097
390.000	0.098
400.000	0.098
410.000	0.098
420.000	0.099
430.000	0.098
440.000	0.099
450.000	0.099
460.000	0.100
470.000	0.100
480.000	0.099
490.000	0.101
500.000	0.101
510.000	0.102
520.000	0.101
530.000	0.101
540.000	0.101
550.000	0.102
560.000	0.101
570.000	0.101
580.000	0.102
590.000	0.102
600.000	0.102
610.000	0.102
620.000	0.103
630.000	0.103
640.000	0.103
650.000	0.103
660.000	0.103
670.000	0.103
680.000	0.104
690.000	0.103
700.000	0.103
710.000	0.104
720.000	0.104
730.000	0.103
740.000	0.104
750.000	0.103
760.000	0.104
770.000	0.103
780.000	0.104
790.000	0.104
800.000	0.105
810.000	0.106
820.000	0.106
830.000	0.105
840.000	0.106
850.000	0.105
860.000	0.105
870.000	0.105
880.000	0.106
890.000	0.107
900.000	0.106
910.000	0.107
920.000	0.107
930.000	0.106
940.000	0.106
950.000	0.108
960.000	0.108
970.000	0.109
980.000	0.108
990.000	0.108
1000.000	0.109
1010.000	0.109
1020.000	0.110
1030.000	0.110
1040.000	0.110
1050.000	0.109
1060.000	0.109
1070.000	0.110
1080.000	0.109
1090.000	0.109
1100.000	0.111
1110.000	0.110
1120.000	0.110
1130.000	0.110
1140.000	0.109
1150.000	0.110
1160.000	0.110
1170.000	0.110
1180.000	0.110
1190.000	0.110
1200.000	0.110
1210.000	0.111
1220.000	0.111
1230.000	0.112
1240.000	0.111
1250.000	0.112
1260.000	0.112
1270.000	0.112
1280.000	0.112
1290.000	0.112
1300.000	0.112
1310.000	0.112
1320.000	0.113
1330.000	0.113
1340.000	0.113
1350.000	0.114
1360.000	0.114
1370.000	0.114
1380.000	0.114
1390.000	0.115
1400.000	0.114
1410.000	0.114
1420.000	0.116
1430.000	0.115
1440.000	0.115
1450.000	0.114
1460.000	0.114
1470.000	0.115
1480.000	0.115
1490.000	0.115
1500.000	0.115
1510.000	0.115
1520.000	0.114
1530.000	0.115
1540.000	0.116
1550.000	0.117
1560.000	0.117
1570.000	0.116
1580.000	0.117
1590.000	0.116
1600.000	0.116
1610.000	0.116
1620.000	0.117
1630.000	0.116
1640.000	0.117
1650.000	0.118
1660.000	0.119
1670.000	0.119
1680.000	0.118
1690.000	0.119
1700.000	0.119
1710.000	0.119
1720.000	0.119
1730.000	0.119
1740.000	0.119
1750.000	0.119
1760.000	0.119
1770.000	0.119
1780.000	0.119
1790.000	0.121
1800.000	0.120
1810.000	0.120
1820.000	0.120
1830.000	0.120
1840.000	0.121
1850.000	0.122
1860.000	0.121
1870.000	0.121
1880.000	0.121
1890.000	0.122
1900.000	0.122
1910.000	0.121
1920.000	0.120
1930.000	0.121
1940.000	0.120
1950.000	0.122
1960.000	0.121
1970.000	0.121
1980.000	0.122
1990.000	0.122
2000.000	0.122
2010.000	0.122
2020.000	0.122
2030.000	0.122
2040.000	0.122
2050.000	0.122
2060.000	0.123
2070.000	0.122
2080.000	0.123
2090.000	0.123
2100.000	0.124
2110.000	0.125
2120.000	0.124
2130.000	0.124
2140.000	0.124
2150.000	0.123
2160.000	0.124
2170.000	0.124
2180.000	0.125
2190.000	0.126
2200.000	0.126
2210.000	0.127
2220.000	0.127
2230.000	0.127
2240.000	0.127
2250.000	0.127
2260.000	0.128
2270.000	0.127
2280.000	0.128
2290.000	0.127
2300.000	0.129
2310.000	0.128
2320.000	0.129
2330.000	0.128
2340.000	0.129
2350.000	0.129
2360.000	0.129
2370.000	0.128
2380.000	0.129
2390.000	0.128
2400.000	0.130
2410.000	0.129
2420.000	0.129
2430.000	0.128
2440.000	0.129
2450.000	0.130
2460.000	0.131
2470.000	0.130
2480.000	0.130
2490.000	0.130
2500.000	0.131
2510.000	0.132
2520.000	0.132
2530.000	0.132
2540.000	0.133
2550.000	0.133
2560.000	0.132
2570.000	0.133
2580.000	0.133
2590.000	0.133
2600.000	0.132
2610.000	0.134
2620.000	0.134
2630.000	0.134
2640.000	0.134
2650.000	0.134
2660.000	0.134
2670.000	0.134
2680.000	0.134
2690.000	0.134
2700.000	0.134
2710.000	0.134
2720.000	0.133
2730.000	0.133
2740.000	0.134
2750.000	0.133
2760.000	0.134
2770.000	0.135
2780.000	0.134
2790.000	0.134
2800.000	0.135
2810.000	0.135
2820.000	0.136
2830.000	0.136
2840.000	0.136
2850.000	0.136
2860.000	0.134
2870.000	0.137
2880.000	0.136
2890.000	0.137
2900.000	0.137
2910.000	0.137
2920.000	0.138
2930.000	0.138
2940.000	0.138
2950.000	0.139
2960.000	0.139
2970.000	0.139
2980.000	0.140
2990.000	0.140
3000.000	0.140
3010.000	0.141
3020.000	0.141
3030.000	0.140
3040.000	0.141
3050.000	0.141
3060.000	0.141
3070.000	0.139
3080.000	0.140
3090.000	0.140
3100.000	0.142
3110.000	0.141
3120.000	0.141
3130.000	0.141
3140.000	0.141
3150.000	0.141
3160.000	0.141
3170.000	0.140
3180.000	0.140
3190.000	0.141
3200.000	0.142
3210.000	0.142
3220.000	0.142
3230.000	0.142
3240.000	0.142
3250.000	0.142
3260.000	0.142
3270.000	0.142
3280.000	0.143
3290.000	0.143
3300.000	0.144
3310.000	0.145
3320.000	0.143
3330.000	0.144
3340.000	0.145
3350.000	0.146
3360.000	0.147
3370.000	0.146
3380.000	0.146
3390.000	0.147
3400.000	0.146
3410.000	0.146
3420.000	0.146
3430.000	0.146
3440.000	0.147
3450.000	0.147
3460.000	0.147
3470.000	0.147
3480.000	0.147
3490.000	0.148
3500.000	0.148
3510.000	0.146
3520.000	0.148
3530.000	0.147
3540.000	0.147
3550.000	0.147
3560.000	0.148
3570.000	0.149
3580.000	0.149
3590.000	0.149
3600.000	0.149
3610.000	0.148
3620.000	0.149
3630.000	0.150
3640.000	0.149
3650.000	0.149
3660.000	0.150
3670.000	0.150
3680.000	0.150
3690.000	0.151
3700.000	0.150
3710.000	0.151
3720.000	0.151
3730.000	0.151
3740.000	0.151
3750.000	0.151
3760.000	0.152
3770.000	0.153
3780.000	0.154
3790.000	0.154
3800.000	0.153
3810.000	0.153
3820.000	0.152
3830.000	0.153
3840.000	0.154
3850.000	0.154
3860.000	0.154
3870.000	0.153
3880.000	0.154
3890.000	0.154
3900.000	0.156
3910.000	0.154
3920.000	0.154
3930.000	0.153
3940.000	0.153
3950.000	0.154
3960.000	0.154
3970.000	0.153
3980.000	0.155
3990.000	0.155
4000.000	0.155
4010.000	0.154
4020.000	0.154
4030.000	0.156
4040.000	0.155
4050.000	0.156
4060.000	0.155
4070.000	0.156
4080.000	0.157
4090.000	0.156
4100.000	0.157
4110.000	0.158
4120.000	0.159
4130.000	0.158
4140.000	0.158
4150.000	0.158
4160.000	0.158
4170.000	0.159
4180.000	0.160
4190.000	0.160
4200.000	0.159
4210.000	0.160
4220.000	0.160
4230.000	0.160
4240.000	0.159
4250.000	0.159
4260.000	0.159
4270.000	0.159
4280.000	0.159
4290.000	0.159
4300.000	0.159
4310.000	0.159
4320.000	0.159
4330.000	0.159
4340.000	0.159
4350.000	0.160
4360.000	0.159
4370.000	0.160
4380.000	0.160
4390.000	0.160
4400.000	0.160
4410.000	0.160
4420.000	0.161
4430.000	0.161
4440.000	0.162
4450.000	0.162
4460.000	0.161
4470.000	0.162
4480.000	0.163
4490.000	0.163
4500.000	0.163
4510.000	0.162
4520.000	0.164
4530.000	0.165
4540.000	0.164
4550.000	0.164
4560.000	0.165
4570.000	0.164
4580.000	0.165
4590.000	0.165
4600.000	0.165
4610.000	0.165
4620.000	0.165
4630.000	0.166
4640.000	0.167
4650.000	0.166
4660.000	0.166
4670.000	0.166
4680.000	0.166
4690.000	0.165
4700.000	0.166
4710.000	0.168
4720.000	0.167
4730.000	0.168
4740.000	0.168
4750.000	0.168
4760.000	0.166
4770.000	0.167
4780.000	0.167
4790.000	0.168
4800.000	0.168
4810.000	0.169
4820.000	0.168
4830.000	0.167
4840.000	0.167
4850.000	0.168
4860.000	0.170
4870.000	0.170
4880.000	0.169
4890.000	0.168
4900.000	0.169
4910.000	0.170
4920.000	0.170
4930.000	0.170
4940.000	0.170
4950.000	0.171
4960.000	0.171
4970.000	0.171
4980.000	0.171
4990.000	0.171
5000.000	0.171
5010.000	0.172
5020.000	0.171
5030.000	0.172
5040.000	0.173
5050.000	0.173
5060.000	0.171
5070.000	0.171
5080.000	0.170
5090.000	0.171
5100.000	0.173
5110.000	0.171
5120.000	0.172
5130.000	0.173
5140.000	0.172
5150.000	0.173
5160.000	0.172
5170.000	0.170
5180.000	0.170
5190.000	0.169
5200.000	0.168
5210.000	0.168
5220.000	0.168
5230.000	0.168
5240.000	0.169
5250.000	0.169
5260.000	0.169
5270.000	0.169
5280.000	0.170
5290.000	0.171
5300.000	0.170
5310.000	0.171
5320.000	0.172
5330.000	0.172
5340.000	0.172
5350.000	0.172
5360.000	0.173
5370.000	0.172
5380.000	0.174
5390.000	0.175
5400.000	0.176
5410.000	0.177
5420.000	0.177
5430.000	0.178
5440.000	0.179
5450.000	0.179
5460.000	0.179
5470.000	0.178
5480.000	0.179
5490.000	0.179
5500.000	0.180
5510.000	0.181
5520.000	0.180
5530.000	0.180
5540.000	0.181
5550.000	0.180
5560.000	0.180
5570.000	0.179
5580.000	0.179
5590.000	0.180
5600.000	0.180
5610.000	0.180
5620.000	0.180
5630.000	0.180
5640.000	0.181
5650.000	0.180
5660.000	0.181
5670.000	0.182
5680.000	0.180
5690.000	0.181
5700.000	0.183
5710.000	0.184
5720.000	0.183
5730.000	0.184
5740.000	0.184
5750.000	0.185
5760.000	0.184
5770.000	0.185
5780.000	0.184
5790.000	0.184
5800.000	0.185
5810.000	0.186
5820.000	0.186
5830.000	0.187
5840.000	0.187
5850.000	0.188
5860.000	0.190
5870.000	0.189
5880.000	0.188
5890.000	0.188
5900.000	0.186
5910.000	0.187
5920.000	0.188
5930.000	0.188
5940.000	0.188
5950.000	0.187
5960.000	0.189
5970.000	0.188
5980.000	0.187
5990.000	0.188
6000.000	0.187
6010.000	0.188
6020.000	0.188
6030.000	0.188
6040.000	0.187
6050.000	0.188
6060.000	0.189
6070.000	0.189
6080.000	0.189
6090.000	0.191
6100.000	0.192
6110.000	0.190
6120.000	0.191
6130.000	0.192
6140.000	0.191
6150.000	0.192
6160.000	0.192
6170.000	0.192
6180.000	0.191
6190.000	0.191
6200.000	0.192
6210.000	0.193
6220.000	0.194
6230.000	0.194
6240.000	0.194
6250.000	0.195
6260.000	0.194
6270.000	0.195
6280.000	0.194
6290.000	0.195
6300.000	0.194
6310.000	0.194
6320.000	0.194
6330.000	0.194
6340.000	0.193
6350.000	0.194
6360.000	0.195
6370.000	0.194
6380.000	0.194
6390.000	0.196
6400.000	0.195
6410.000	0.196
6420.000	0.197
6430.000	0.196
6440.000	0.195
6450.000	0.196
6460.000	0.196
6470.000	0.196
6480.000	0.197
6490.000	0.197
6500.000	0.196
6510.000	0.197
6520.000	0.197
6530.000	0.198
6540.000	0.197
6550.000	0.198
6560.000	0.199
6570.000	0.200
6580.000	0.199
6590.000	0.200
6600.000	0.199
6610.000	0.200
6620.000	0.200
6630.000	0.200
6640.000	0.199
6650.000	0.200
6660.000	0.200
6670.000	0.200
6680.000	0.199
6690.000	0.201
6700.000	0.200
6710.000	0.200
6720.000	0.202
6730.000	0.202
6740.000	0.201
6750.000	0.200
6760.000	0.200
6770.000	0.201
6780.000	0.200
6790.000	0.201
6800.000	0.201
6810.000	0.201
6820.000	0.201
6830.000	0.201
6840.000	0.202
6850.000	0.202
6860.000	0.202
6870.000	0.202
6880.000	0.202
6890.000	0.203
6900.000	0.203
6910.000	0.204
6920.000	0.204
6930.000	0.204
6940.000	0.205
6950.000	0.204
6960.000	0.204
6970.000	0.205
6980.000	0.206
6990.000	0.207
7000.000	0.207
7010.000	0.207
7020.000	0.207
7030.000	0.208
7040.000	0.208
7050.000	0.207
7060.000	0.207
7070.000	0.207
7080.000	0.207
7090.000	0.208
7100.000	0.208
7110.000	0.208
7120.000	0.208
7130.000	0.208
7140.000	0.208
7150.000	0.208
7160.000	0.208
7170.000	0.208
7180.000	0.209
7190.000	0.208
7200.000	0.209
7210.000	0.208
7220.000	0.208
7230.000	0.209
7240.000	0.209
7250.000	0.209
7260.000	0.210
7270.000	0.210
7280.000	0.209
7290.000	0.210
7300.000	0.210
7310.000	0.210
7320.000	0.210
7330.000	0.212
7340.000	0.212
7350.000	0.212
7360.000	0.212
7370.000	0.212
7380.000	0.211
7390.000	0.212
7400.000	0.213
7410.000	0.213
7420.000	0.213
7430.000	0.213
7440.000	0.214
7450.000	0.214
7460.000	0.213
7470.000	0.214
7480.000	0.214
7490.000	0.213
7500.000	0.214
7510.000	0.214
7520.000	0.213
7530.000	0.212
7540.000	0.214
7550.000	0.213
7560.000	0.213
7570.000	0.214
7580.000	0.213
7590.000	0.213
7600.000	0.215
7610.000	0.215
7620.000	0.214
7630.000	0.214
7640.000	0.214
7650.000	0.215
7660.000	0.217
7670.000	0.216
7680.000	0.216
7690.000	0.215
7700.000	0.216
7710.000	0.216
7720.000	0.216
7730.000	0.219
7740.000	0.218
7750.000	0.217
7760.000	0.218
7770.000	0.218
7780.000	0.218
7790.000	0.218
7800.000	0.218
7810.000	0.219
7820.000	0.219
7830.000	0.219
7840.000	0.220
7850.000	0.219
7860.000	0.219
7870.000	0.217
7880.000	0.219
7890.000	0.219
7900.000	0.220
7910.000	0.221
7920.000	0.221
7930.000	0.220
7940.000	0.220
7950.000	0.220
7960.000	0.220
7970.000	0.220
7980.000	0.221
7990.000	0.221
8000.000	0.220
8010.000	0.221
8020.000	0.220
8030.000	0.220
8040.000	0.220
8050.000	0.220
8060.000	0.222
8070.000	0.222
8080.000	0.222
8090.000	0.222
8100.000	0.222
8110.000	0.222
8120.000	0.224
8130.000	0.223
8140.000	0.224
8150.000	0.222
8160.000	0.223
8170.000	0.223
8180.000	0.225
8190.000	0.225
8200.000	0.225
8210.000	0.225
8220.000	0.223
8230.000	0.227
8240.000	0.226
8250.000	0.226
8260.000	0.226
8270.000	0.226
8280.000	0.224
8290.000	0.226
8300.000	0.226
8310.000	0.226
8320.000	0.226
8330.000	0.226
8340.000	0.226
8350.000	0.225
8360.000	0.226
8370.000	0.227
8380.000	0.226
8390.000	0.226
8400.000	0.227
8410.000	0.227
8420.000	0.228
8430.000	0.228
8440.000	0.227
8450.000	0.228
8460.000	0.227
8470.000	0.228
8480.000	0.229
8490.000	0.229
8500.000	0.229
8510.000	0.229
8520.000	0.229
8530.000	0.230
8540.000	0.230
8550.000	0.229
8560.000	0.230
8570.000	0.230
8580.000	0.230
8590.000	0.230
8600.000	0.231
8610.000	0.230
8620.000	0.232
8630.000	0.232
8640.000	0.231
8650.000	0.232
8660.000	0.232
8670.000	0.232
8680.000	0.232
8690.000	0.232
8700.000	0.231
8710.000	0.232
8720.000	0.232
8730.000	0.233
8740.000	0.232
8750.000	0.234
8760.000	0.234
8770.000	0.234
8780.000	0.234
8790.000	0.233
8800.000	0.233
8810.000	0.232
8820.000	0.233
8830.000	0.233
8840.000	0.233
8850.000	0.234
8860.000	0.234
8870.000	0.234
8880.000	0.235
8890.000	0.235
8900.000	0.235
8910.000	0.235
8920.000	0.235
8930.000	0.235
8940.000	0.236
8950.000	0.237
8960.000	0.237
8970.000	0.237
8980.000	0.237
8990.000	0.237
9000.000	0.237
9010.000	0.237
9020.000	0.237
9030.000	0.237
9040.000	0.236
9050.000	0.237
9060.000	0.238
9070.000	0.237
9080.000	0.238
9090.000	0.237
9100.000	0.237
9110.000	0.238
9120.000	0.239
9130.000	0.238
9140.000	0.238
9150.000	0.237
9160.000	0.238
9170.000	0.238
9180.000	0.239
9190.000	0.239
9200.000	0.239
9210.000	0.239
9220.000	0.240
9230.000	0.239
9240.000	0.239
9250.000	0.239
9260.000	0.239
9270.000	0.240
9280.000	0.239
9290.000	0.241
9300.000	0.241
9310.000	0.243
9320.000	0.241
9330.000	0.240
9340.000	0.242
9350.000	0.240
9360.000	0.242
9370.000	0.242
9380.000	0.242
9390.000	0.244
9400.000	0.242
9410.000	0.243
9420.000	0.242
9430.000	0.242
9440.000	0.243
9450.000	0.244
9460.000	0.243
9470.000	0.243
9480.000	0.244
9490.000	0.244
9500.000	0.243
9510.000	0.242
9520.000	0.243
9530.000	0.246
9540.000	0.244
9550.000	0.244
9560.000	0.245
9570.000	0.244
9580.000	0.245
9590.000	0.243
9600.000	0.242
9610.000	0.242
9620.000	0.244
9630.000	0.245
9640.000	0.245
9650.000	0.246
9660.000	0.246
9670.000	0.245
9680.000	0.246
9690.000	0.245
9700.000	0.245
9710.000	0.246
9720.000	0.244
9730.000	0.244
9740.000	0.247
9750.000	0.247
9760.000	0.246
9770.000	0.247
9780.000	0.247
9790.000	0.246
9800.000	0.247
9810.000	0.249
9820.000	0.248
9830.000	0.249
9840.000	0.249
9850.000	0.248
9860.000	0.249
9870.000	0.249
9880.000	0.249
9890.000	0.250
9900.000	0.250
9910.000	0.250
9920.000	0.249
9930.000	0.250
9940.000	0.250
9950.000	0.249
9960.000	0.251
9970.000	0.250
9980.000	0.249
9990.000	0.249
10000.000	0.248
10010.000	0.247
10020.000	0.247
10030.000	0.251
10040.000	0.250
10050.000	0.250
10060.000	0.251
10070.000	0.252
10080.000	0.251
10090.000	0.252
10100.000	0.252
10110.000	0.253
10120.000	0.253
10130.000	0.254
10140.000	0.253
10150.000	0.254
10160.000	0.253
10170.000	0.252
10180.000	0.253
10190.000	0.254
10200.000	0.254
10210.000	0.254
10220.000	0.255
10230.000	0.254
10240.000	0.255
10250.000	0.254
10260.000	0.254
10270.000	0.254
10280.000	0.254
10290.000	0.254
10300.000	0.254
10310.000	0.255
10320.000	0.253
10330.000	0.255
10340.000	0.255
10350.000	0.254
10360.000	0.254
10370.000	0.253
10380.000	0.254
10390.000	0.254
10400.000	0.254
10410.000	0.255
10420.000	0.256
10430.000	0.255
10440.000	0.254
10450.000	0.255
10460.000	0.256
10470.000	0.255
10480.000	0.256
10490.000	0.256
10500.000	0.257
10510.000	0.258
10520.000	0.257
10530.000	0.257
10540.000	0.256
10550.000	0.257
10560.000	0.257
10570.000	0.258
10580.000	0.259
10590.000	0.257
10600.000	0.259
10610.000	0.258
10620.000	0.259
10630.000	0.258
10640.000	0.259
10650.000	0.260
10660.000	0.258
10670.000	0.259
10680.000	0.259
10690.000	0.260
10700.000	0.259
10710.000	0.259
10720.000	0.260
10730.000	0.259
10740.000	0.259
10750.000	0.260
10760.000	0.260
10770.000	0.259
10780.000	0.260
10790.000	0.259
10800.000	0.259
10810.000	0.259
10820.000	0.260
10830.000	0.260
10840.000	0.260
10850.000	0.262
10860.000	0.262
10870.000	0.261
10880.000	0.261
10890.000	0.261
10900.000	0.261
10910.000	0.262
10920.000	0.262
10930.000	0.262
10940.000	0.263
10950.000	0.263
10960.000	0.263
10970.000	0.262
10980.000	0.261
10990.000	0.260
11000.000	0.263
11010.000	0.265
11020.000	0.264
11030.000	0.265
11040.000	0.263
11050.000	0.264
11060.000	0.265
11070.000	0.266
11080.000	0.264
11090.000	0.263
11100.000	0.264
11110.000	0.264
11120.000	0.263
11130.000	0.264
11140.000	0.263
11150.000	0.263
11160.000	0.264
11170.000	0.264
11180.000	0.264
11190.000	0.264
11200.000	0.264
11210.000	0.265
11220.000	0.266
11230.000	0.265
11240.000	0.266
11250.000	0.265
11260.000	0.266
11270.000	0.266
11280.000	0.266
11290.000	0.265
11300.000	0.266
11310.000	0.266
11320.000	0.267
11330.000	0.267
11340.000	0.268
11350.000	0.266
11360.000	0.268
11370.000	0.268
11380.000	0.267
11390.000	0.266
11400.000	0.267
11410.000	0.267
11420.000	0.269
11430.000	0.269
11440.000	0.268
11450.000	0.269
11460.000	0.269
11470.000	0.268
11480.000	0.268
11490.000	0.269
11500.000	0.269
11510.000	0.270
11520.000	0.269
11530.000	0.269
11540.000	0.270
11550.000	0.268
11560.000	0.267
11570.000	0.268
11580.000	0.269
11590.000	0.269
11600.000	0.269
11610.000	0.269
11620.000	0.267
11630.000	0.269
11640.000	0.270
11650.000	0.269
11660.000	0.270
11670.000	0.269
11680.000	0.271
11690.000	0.271
11700.000	0.271
11710.000	0.270
11720.000	0.270
11730.000	0.272
11740.000	0.272
11750.000	0.272
11760.000	0.272
11770.000	0.273
11780.000	0.273
11790.000	0.273
11800.000	0.273
11810.000	0.273
11820.000	0.274
11830.000	0.273
11840.000	0.272
11850.000	0.272
11860.000	0.273
11870.000	0.272
11880.000	0.273
11890.000	0.273
11900.000	0.273
11910.000	0.273
11920.000	0.272
11930.000	0.274
11940.000	0.274
11950.000	0.273
11960.000	0.273
11970.000	0.273
11980.000	0.273
11990.000	0.276
12000.000	0.274
12010.000	0.274
12020.000	0.275
12030.000	0.277
12040.000	0.275
12050.000	0.276
12060.000	0.276
12070.000	0.274
12080.000	0.274
12090.000	0.275
12100.000	0.275
12110.000	0.276
12120.000	0.276
12130.000	0.277
12140.000	0.277
12150.000	0.276
12160.000	0.276
12170.000	0.276
12180.000	0.276
12190.000	0.276
12200.000	0.275
12210.000	0.276
12220.000	0.277
12230.000	0.276
12240.000	0.277
12250.000	0.278
12260.000	0.278
12270.000	0.278
12280.000	0.279
12290.000	0.277
12300.000	0.277
12310.000	0.278
12320.000	0.277
12330.000	0.277
12340.000	0.276
12350.000	0.277
12360.000	0.278
12370.000	0.278
12380.000	0.278
12390.000	0.277
12400.000	0.278
12410.000	0.278
12420.000	0.278
12430.000	0.279
12440.000	0.279
12450.000	0.279
12460.000	0.281
12470.000	0.280
12480.000	0.279
12490.000	0.279
12500.000	0.280
12510.000	0.280
12520.000	0.279
12530.000	0.282
12540.000	0.281
12550.000	0.281
12560.000	0.280
12570.000	0.281
12580.000	0.281
12590.000	0.281
12600.000	0.281
12610.000	0.282
12620.000	0.282
12630.000	0.283
12640.000	0.281
12650.000	0.282
12660.000	0.281
12670.000	0.282
12680.000	0.282
12690.000	0.281
12700.000	0.282
12710.000	0.282
12720.000	0.282
12730.000	0.282
12740.000	0.281
12750.000	0.282
12760.000	0.283
12770.000	0.282
12780.000	0.283
12790.000	0.282
12800.000	0.281
12810.000	0.282
12820.000	0.281
12830.000	0.281
12840.000	0.282
12850.000	0.282
12860.000	0.284
12870.000	0.284
12880.000	0.284
12890.000	0.283
12900.000	0.284
12910.000	0.285
12920.000	0.284
12930.000	0.284
12940.000	0.286
12950.000	0.284
12960.000	0.284
12970.000	0.284
12980.000	0.284
12990.000	0.284
13000.000	0.285
13010.000	0.284
13020.000	0.285
13030.000	0.287
13040.000	0.286
13050.000	0.285
13060.000	0.286
13070.000	0.285
13080.000	0.285
13090.000	0.285
13100.000	0.285
13110.000	0.286
13120.000	0.286
13130.000	0.286
13140.000	0.286
13150.000	0.284
13160.000	0.285
13170.000	0.286
13180.000	0.285
13190.000	0.286
13200.000	0.288
13210.000	0.287
13220.000	0.288
13230.000	0.287
13240.000	0.286
13250.000	0.286
13260.000	0.285
13270.000	0.286
13280.000	0.286
13290.000	0.287
13300.000	0.288
13310.000	0.290
13320.000	0.291
13330.000	0.290
13340.000	0.291
13350.000	0.291
13360.000	0.289
13370.000	0.288
13380.000	0.289
13390.000	0.289
13400.000	0.289
13410.000	0.289
13420.000	0.292
13430.000	0.292
13440.000	0.295
13450.000	0.293
13460.000	0.291
13470.000	0.290
13480.000	0.289
13490.000	0.287
13500.000	0.288
13510.000	0.287
13520.000	0.290
13530.000	0.291
13540.000	0.291
13550.000	0.293
13560.000	0.294
13570.000	0.294
13580.000	0.292
13590.000	0.292
13600.000	0.291
13610.000	0.290
13620.000	0.289
13630.000	0.288
13640.000	0.289
13650.000	0.289
13660.000	0.293
13670.000	0.294
13680.000	0.295
13690.000	0.296
13700.000	0.296
13710.000	0.295
13720.000	0.295
13730.000	0.293
13740.000	0.292
13750.000	0.292
13760.000	0.291
13770.000	0.291
13780.000	0.292
13790.000	0.292
13800.000	0.293
13810.000	0.295
13820.000	0.297
13830.000	0.300
13840.000	0.299
13850.000	0.300
13860.000	0.298
13870.000	0.296
13880.000	0.295
13890.000	0.293
13900.000	0.294
13910.000	0.293
13920.000	0.292
13930.000	0.291
13940.000	0.292
13950.000	0.294
13960.000	0.297
13970.000	0.298
13980.000	0.298
13990.000	0.299
14000.000	0.302
14010.000	0.299
14020.000	0.302
14030.000	0.298
14040.000	0.294
14050.000	0.292
14060.000	0.290
14070.000	0.292
14080.000	0.290
14090.000	0.290
14100.000	0.294
14110.000	0.296
14120.000	0.298
14130.000	0.299
14140.000	0.300
14150.000	0.302
14160.000	0.302
14170.000	0.304
14180.000	0.303
14190.000	0.303
14200.000	0.302
14210.000	0.298
14220.000	0.296
14230.000	0.294
14240.000	0.294
14250.000	0.294
14260.000	0.294
14270.000	0.296
14280.000	0.297
14290.000	0.300
14300.000	0.300
14310.000	0.303
14320.000	0.304
14330.000	0.306
14340.000	0.308
14350.000	0.309
14360.000	0.308
14370.000	0.307
14380.000	0.303
14390.000	0.298
14400.000	0.295
14410.000	0.293
14420.000	0.294
14430.000	0.295
14440.000	0.296
14450.000	0.297
14460.000	0.299
14470.000	0.302
14480.000	0.301
14490.000	0.302
14500.000	0.305
14510.000	0.306
14520.000	0.309
14530.000	0.309
14540.000	0.311
14550.000	0.310
14560.000	0.308
14570.000	0.304
14580.000	0.300
14590.000	0.296
14600.000	0.294
14610.000	0.293
14620.000	0.293
14630.000	0.294
14640.000	0.296
14650.000	0.299
14660.000	0.301
14670.000	0.304
14680.000	0.306
14690.000	0.309
14700.000	0.310
14710.000	0.313
14720.000	0.314
14730.000	0.316
14740.000	0.316
14750.000	0.315
14760.000	0.314
14770.000	0.309
14780.000	0.307
14790.000	0.302
14800.000	0.298
14810.000	0.296
14820.000	0.293
14830.000	0.293
14840.000	0.295
14850.000	0.297
14860.000	0.299
14870.000	0.302
14880.000	0.304
14890.000	0.307
14900.000	0.310
14910.000	0.310
14920.000	0.312
14930.000	0.316
14940.000	0.317
14950.000	0.319
14960.000	0.320
14970.000	0.319
14980.000	0.316
14990.000	0.312
15000.000	0.308
15010.000	0.303
15020.000	0.298
15030.000	0.295
15040.000	0.294
15050.000	0.296
15060.000	0.298
15070.000	0.300
15080.000	0.303
15090.000	0.304
15100.000	0.306
15110.000	0.309
15120.000	0.311
15130.000	0.313
15140.000	0.314
15150.000	0.314
15160.000	0.315
15170.000	0.317
15180.000	0.320
15190.000	0.320
15200.000	0.321
15210.000	0.317
15220.000	0.311
15230.000	0.304
15240.000	0.298
15250.000	0.295
15260.000	0.293
15270.000	0.294
15280.000	0.294
15290.000	0.298
15300.000	0.300
15310.000	0.303
15320.000	0.306
15330.000	0.309
15340.000	0.312
15350.000	0.315
15360.000	0.317
15370.000	0.318
15380.000	0.321
15390.000	0.323
15400.000	0.324
15410.000	0.327
15420.000	0.328
15430.000	0.328
15440.000	0.327
15450.000	0.321
15460.000	0.315
15470.000	0.308
15480.000	0.302
15490.000	0.298
15500.000	0.296
15510.000	0.297
15520.000	0.299
15530.000	0.298
15540.000	0.300
15550.000	0.303
15560.000	0.305
15570.000	0.308
15580.000	0.311
15590.000	0.314
15600.000	0.317
15610.000	0.322
15620.000	0.325
15630.000	0.326
15640.000	0.330
15650.000	0.333
15660.000	0.334
15670.000	0.336
15680.000	0.336
15690.000	0.333
15700.000	0.327
15710.000	0.320
15720.000	0.312
15730.000	0.304
15740.000	0.298
15750.000	0.295
15760.000	0.296
15770.000	0.298
15780.000	0.299
15790.000	0.302
15800.000	0.304
15810.000	0.309
15820.000	0.314
15830.000	0.315
15840.000	0.318
15850.000	0.320
15860.000	0.321
15870.000	0.321
15880.000	0.323
15890.000	0.324
15900.000	0.330
15910.000	0.331
15920.000	0.334
15930.000	0.337
15940.000	0.339
15950.000	0.340
15960.000	0.338
15970.000	0.332
15980.000	0.323
15990.000	0.313
16000.000	0.304
16010.000	0.298
16020.000	0.295
16030.000	0.294
16040.000	0.294
16050.000	0.297
16060.000	0.298
16070.000	0.302
16080.000	0.304
16090.000	0.308
16100.000	0.311
16110.000	0.316
16120.000	0.320
16130.000	0.322
16140.000	0.326
16150.000	0.331
16160.000	0.334
16170.000	0.336
16180.000	0.340
16190.000	0.342
16200.000	0.345
16210.000	0.347
16220.000	0.346
16230.000	0.345
16240.000	0.343
16250.000	0.334
16260.000	0.323
16270.000	0.312
16280.000	0.303
16290.000	0.298
16300.000	0.295
16310.000	0.296
16320.000	0.297
16330.000	0.300
16340.000	0.303
16350.000	0.307
16360.000	0.311
16370.000	0.313
16380.000	0.315
16390.000	0.319
16400.000	0.321
16410.000	0.325
16420.000	0.328
16430.000	0.330
16440.000	0.331
16450.000	0.333
16460.000	0.336
16470.000	0.340
16480.000	0.343
16490.000	0.346
16500.000	0.348
16510.000	0.350
16520.000	0.353
16530.000	0.352
16540.000	0.348
16550.000	0.337
16560.000	0.325
16570.000	0.314
16580.000	0.304
16590.000	0.301
16600.000	0.301
16610.000	0.304
16620.000	0.306
16630.000	0.306
16640.000	0.310
16650.000	0.312
16660.000	0.315
16670.000	0.317
16680.000	0.318
16690.000	0.321
16700.000	0.324
16710.000	0.331
16720.000	0.335
16730.000	0.341
16740.000	0.345
16750.000	0.347
16760.000	0.352
16770.000	0.353
16780.000	0.355
16790.000	0.358
16800.000	0.362
16810.000	0.366
16820.000	0.368
16830.000	0.368
16840.000	0.361
16850.000	0.351
16860.000	0.337
16870.000	0.318
16880.000	0.304
16890.000	0.297
16900.000	0.295
16910.000	0.296
16920.000	0.296
16930.000	0.300
16940.000	0.303
16950.000	0.308
16960.000	0.312
16970.000	0.316
16980.000	0.319
16990.000	0.324
17000.000	0.329
17010.000	0.335
17020.000	0.338
17030.000	0.344
17040.000	0.348
17050.000	0.351
17060.000	0.355
17070.000	0.358
17080.000	0.360
17090.000	0.362
17100.000	0.363
17110.000	0.363
17120.000	0.365
17130.000	0.368
17140.000	0.372
17150.000	0.372
17160.000	0.368
17170.000	0.354
17180.000	0.336
17190.000	0.315
17200.000	0.300
17210.000	0.294
17220.000	0.294
17230.000	0.297
17240.000	0.302
17250.000	0.309
17260.000	0.316
17270.000	0.322
17280.000	0.325
17290.000	0.329
17300.000	0.331
17310.000	0.334
17320.000	0.335
17330.000	0.339
17340.000	0.341
17350.000	0.342
17360.000	0.348
17370.000	0.350
17380.000	0.355
17390.000	0.358
17400.000	0.364
17410.000	0.368
17420.000	0.373
17430.000	0.380
17440.000	0.383
17450.000	0.388
17460.000	0.394
17470.000	0.395
17480.000	0.392
17490.000	0.385
17500.000	0.374
17510.000	0.355
17520.000	0.333
17530.000	0.315
17540.000	0.305
17550.000	0.304
17560.000	0.305
17570.000	0.310
17580.000	0.313
17590.000	0.315
17600.000	0.316
17610.000	0.317
17620.000	0.321
17630.000	0.327
17640.000	0.333
17650.000	0.338
17660.000	0.345
17670.000	0.351
17680.000	0.355
17690.000	0.354
17700.000	0.354
17710.000	0.357
17720.000	0.364
17730.000	0.370
17740.000	0.374
17750.000	0.377
17760.000	0.380
17770.000	0.382
17780.000	0.383
17790.000	0.387
17800.000	0.392
17810.000	0.401
17820.000	0.408
17830.000	0.408
17840.000	0.401
17850.000	0.380
17860.000	0.357
17870.000	0.330
17880.000	0.309
17890.000	0.300
17900.000	0.296
17910.000	0.299
17920.000	0.302
17930.000	0.304
17940.000	0.310
17950.000	0.315
17960.000	0.319
17970.000	0.324
17980.000	0.329
17990.000	0.336
18000.000	0.341
18010.000	0.344
18020.000	0.346
18030.000	0.350
18040.000	0.356
18050.000	0.362
18060.000	0.369
18070.000	0.373
18080.000	0.376
18090.000	0.381
18100.000	0.384
18110.000	0.391
18120.000	0.397
18130.000	0.399
18140.000	0.400
18150.000	0.403
18160.000	0.403
18170.000	0.404
18180.000	0.403
18190.000	0.402
18200.000	0.393
18210.000	0.376
18220.000	0.354
18230.000	0.332
18240.000	0.315
18250.000	0.305
18260.000	0.301
18270.000	0.302
18280.000	0.302
18290.000	0.302
18300.000	0.304
18310.000	0.310
18320.000	0.314
18330.000	0.321
18340.000	0.327
18350.000	0.335
18360.000	0.339
18370.000	0.342
18380.000	0.350
18390.000	0.352
18400.000	0.359
18410.000	0.362
18420.000	0.367
18430.000	0.375
18440.000	0.378
18450.000	0.379
18460.000	0.381
18470.000	0.385
18480.000	0.390
18490.000	0.395
18500.000	0.399
18510.000	0.406
18520.000	0.410
18530.000	0.413
18540.000	0.414
18550.000	0.414
18560.000	0.412
18570.000	0.403
18580.000	0.386
18590.000	0.358
18600.000	0.329
18610.000	0.307
18620.000	0.295
18630.000	0.291
18640.000	0.292
18650.000	0.295
18660.000	0.303
18670.000	0.310
18680.000	0.319
18690.000	0.323
18700.000	0.328
18710.000	0.332
18720.000	0.337
18730.000	0.340
18740.000	0.345
18750.000	0.350
18760.000	0.352
18770.000	0.352
18780.000	0.353
18790.000	0.357
18800.000	0.361
18810.000	0.366
18820.000	0.371
18830.000	0.374
18840.000	0.379
18850.000	0.383
18860.000	0.391
18870.000	0.397
18880.000	0.404
18890.000	0.405
18900.000	0.407
18910.000	0.412
18920.000	0.422
18930.000	0.428
18940.000	0.427
18950.000	0.420
18960.000	0.407
18970.000	0.388
18980.000	0.358
18990.000	0.326
19000.000	0.303
19010.000	0.291
19020.000	0.287
19030.000	0.291
19040.000	0.296
19050.000	0.299
19060.000	0.299
19070.000	0.302
19080.000	0.310
19090.000	0.316
19100.000	0.319
19110.000	0.325
19120.000	0.332
19130.000	0.336
19140.000	0.339
19150.000	0.344
19160.000	0.347
19170.000	0.356
19180.000	0.360
19190.000	0.361
19200.000	0.366
19210.000	0.372
19220.000	0.374
19230.000	0.379
19240.000	0.385
19250.000	0.389
19260.000	0.394
19270.000	0.399
19280.000	0.405
19290.000	0.408
19300.000	0.413
19310.000	0.418
19320.000	0.422
19330.000	0.428
19340.000	0.429
19350.000	0.428
19360.000	0.418
19370.000	0.393
19380.000	0.354
19390.000	0.317
19400.000	0.292
19410.000	0.285
19420.000	0.285
19430.000	0.287
19440.000	0.290
19450.000	0.296
19460.000	0.301
19470.000	0.301
19480.000	0.306
19490.000	0.310
19500.000	0.315
19510.000	0.321
19520.000	0.327
19530.000	0.333
19540.000	0.337
19550.000	0.341
19560.000	0.345
19570.000	0.352
19580.000	0.357
19590.000	0.364
19600.000	0.373
19610.000	0.382
19620.000	0.387
19630.000	0.386
19640.000	0.387
19650.000	0.393
19660.000	0.401
19670.000	0.409
19680.000	0.415
19690.000	0.423
19700.000	0.428
19710.000	0.435
19720.000	0.437
19730.000	0.439
19740.000	0.439
19750.000	0.439
19760.000	0.434
19770.000	0.421
19780.000	0.393
19790.000	0.357
19800.000	0.315
19810.000	0.287
19820.000	0.275
19830.000	0.272
19840.000	0.276
19850.000	0.282
19860.000	0.287
19870.000	0.291
19880.000	0.297
19890.000	0.303
19900.000	0.310
19910.000	0.316
19920.000	0.322
19930.000	0.328
19940.000	0.332
19950.000	0.337
19960.000	0.340
19970.000	0.345
19980.000	0.350
19990.000	0.353
20000.000	0.357
20010.000	0.363
20020.000	0.371
20030.000	0.376
20040.000	0.379
20050.000	0.383
20060.000	0.392
20070.000	0.402
20080.000	0.408
20090.000	0.413
20100.000	0.418
20110.000	0.424
20120.000	0.426
20130.000	0.429
20140.000	0.434
20150.000	0.437
20160.000	0.441
20170.000	0.446
20180.000	0.446
20190.000	0.439
20200.000	0.419
20210.000	0.383
20220.000	0.346
20230.000	0.310
20240.000	0.287
20250.000	0.279
20260.000	0.277
20270.000	0.279
20280.000	0.283
20290.000	0.286
20300.000	0.292
20310.000	0.296
20320.000	0.303
20330.000	0.309
20340.000	0.320
20350.000	0.329
20360.000	0.336
20370.000	0.341
20380.000	0.343
20390.000	0.345
20400.000	0.355
20410.000	0.361
20420.000	0.364
20430.000	0.368
20440.000	0.371
20450.000	0.375
20460.000	0.380
20470.000	0.386
20480.000	0.393
20490.000	0.399
20500.000	0.407
20510.000	0.413
20520.000	0.420
20530.000	0.423
20540.000	0.428
20550.000	0.430
20560.000	0.433
20570.000	0.438
20580.000	0.444
20590.000	0.445
20600.000	0.451
20610.000	0.456
20620.000	0.459
20630.000	0.454
20640.000	0.434
20650.000	0.400
20660.000	0.354
20670.000	0.313
20680.000	0.286
20690.000	0.275
20700.000	0.272
20710.000	0.276
20720.000	0.283
20730.000	0.289
20740.000	0.294
20750.000	0.301
20760.000	0.306
20770.000	0.312
20780.000	0.321
20790.000	0.325
20800.000	0.330
20810.000	0.337
20820.000	0.343
20830.000	0.354
20840.000	0.361
20850.000	0.367
20860.000	0.374
20870.000	0.378
20880.000	0.379
20890.000	0.381
20900.000	0.387
20910.000	0.394
20920.000	0.402
20930.000	0.411
20940.000	0.419
20950.000	0.423
20960.000	0.426
20970.000	0.429
20980.000	0.429
20990.000	0.435
21000.000	0.443
21010.000	0.446
21020.000	0.448
21030.000	0.451
21040.000	0.454
21050.000	0.460
21060.000	0.467
21070.000	0.467
21080.000	0.463
21090.000	0.447
21100.000	0.410
21110.000	0.359
21120.000	0.313
21130.000	0.286
21140.000	0.274
21150.000	0.272
21160.000	0.275
21170.000	0.282
21180.000	0.293
21190.000	0.301
21200.000	0.309
21210.000	0.319
21220.000	0.328
21230.000	0.332
21240.000	0.335
21250.000	0.341
21260.000	0.350
21270.000	0.354
21280.000	0.359
21290.000	0.367
21300.000	0.376
21310.000	0.382
21320.000	0.387
21330.000	0.387
21340.000	0.389
21350.000	0.391
21360.000	0.397
21370.000	0.406
21380.000	0.415
21390.000	0.424
21400.000	0.431
21410.000	0.434
21420.000	0.439
21430.000	0.443
21440.000	0.447
21450.000	0.454
21460.000	0.459
21470.000	0.463
21480.000	0.470
21490.000	0.473
21500.000	0.475
21510.000	0.475
21520.000	0.478
21530.000	0.481
21540.000	0.482
21550.000	0.469
21560.000	0.436
21570.000	0.385
21580.000	0.335
21590.000	0.299
21600.000	0.282
21610.000	0.277
21620.000	0.278
21630.000	0.284
21640.000	0.292
21650.000	0.299
21660.000	0.306
21670.000	0.312
21680.000	0.317
21690.000	0.321
21700.000	0.330
21710.000	0.340
21720.000	0.352
21730.000	0.366
21740.000	0.375
21750.000	0.380
21760.000	0.383
21770.000	0.387
21780.000	0.388
21790.000	0.389
21800.000	0.394
21810.000	0.402
21820.000	0.410
21830.000	0.419
21840.000	0.428
21850.000	0.433
21860.000	0.441
21870.000	0.445
21880.000	0.450
21890.000	0.454
21900.000	0.461
21910.000	0.468
21920.000	0.475
21930.000	0.478
21940.000	0.481
21950.000	0.484
21960.000	0.489
21970.000	0.493
21980.000	0.496
21990.000	0.503
22000.000	0.507
22010.000	0.508
22020.000	0.497
22030.000	0.469
22040.000	0.414
22050.000	0.354
22060.000	0.304
22070.000	0.279
22080.000	0.275
22090.000	0.278
22100.000	0.283
22110.000	0.289
22120.000	0.295
22130.000	0.302
22140.000	0.310
22150.000	0.317
22160.000	0.323
22170.000	0.333
22180.000	0.345
22190.000	0.356
22200.000	0.368
22210.000	0.378
22220.000	0.388
22230.000	0.393
22240.000	0.399
22250.000	0.401
22260.000	0.403
22270.000	0.405
22280.000	0.407
22290.000	0.413
22300.000	0.420
22310.000	0.430
22320.000	0.441
22330.000	0.448
22340.000	0.456
22350.000	0.461
22360.000	0.469
22370.000	0.474
22380.000	0.475
22390.000	0.478
22400.000	0.484
22410.000	0.488
22420.000	0.493
22430.000	0.496
22440.000	0.495
22450.000	0.494
22460.000	0.499
22470.000	0.501
22480.000	0.501
22490.000	0.502
22500.000	0.497
22510.000	0.482
22520.000	0.446
22530.000	0.390
22540.000	0.336
22550.000	0.299
22560.000	0.282
22570.000	0.277
22580.000	0.280
22590.000	0.287
22600.000	0.297
22610.000	0.303
22620.000	0.308
22630.000	0.312
22640.000	0.316
22650.000	0.330
22660.000	0.341
22670.000	0.351
22680.000	0.359
22690.000	0.365
22700.000	0.374
22710.000	0.384
22720.000	0.395
22730.000	0.405
22740.000	0.409
22750.000	0.408
22760.000	0.409
22770.000	0.408
22780.000	0.414
22790.000	0.427
22800.000	0.438
22810.000	0.444
22820.000	0.447
22830.000	0.445
22840.000	0.444
22850.000	0.447
22860.000	0.455
22870.000	0.461
22880.000	0.470
22890.000	0.477
22900.000	0.485
22910.000	0.489
22920.000	0.490
22930.000	0.495
22940.000	0.503
22950.000	0.510
22960.000	0.512
22970.000	0.515
22980.000	0.521
22990.000	0.521
23000.000	0.511
23010.000	0.484
23020.000	0.437
23030.000	0.379
23040.000	0.323
23050.000	0.289
23060.000	0.274
23070.000	0.274
23080.000	0.280
23090.000	0.287
23100.000	0.295
23110.000	0.300
23120.000	0.304
23130.000	0.311
23140.000	0.317
23150.000	0.329
23160.000	0.339
23170.000	0.345
23180.000	0.350
23190.000	0.353
23200.000	0.360
23210.000	0.368
23220.000	0.374
23230.000	0.378
23240.000	0.380
23250.000	0.383
23260.000	0.384
23270.000	0.387
23280.000	0.391
23290.000	0.399
23300.000	0.409
23310.000	0.420
23320.000	0.429
23330.000	0.433
23340.000	0.439
23350.000	0.446
23360.000	0.456
23370.000	0.464
23380.000	0.468
23390.000	0.472
23400.000	0.478
23410.000	0.486
23420.000	0.490
23430.000	0.496
23440.000	0.504
23450.000	0.508
23460.000	0.511
23470.000	0.511
23480.000	0.514
23490.000	0.516
23500.000	0.512
23510.000	0.500
23520.000	0.475
23530.000	0.423
23540.000	0.360
23550.000	0.299
23560.000	0.269
23570.000	0.262
23580.000	0.265
23590.000	0.270
23600.000	0.274
23610.000	0.280
23620.000	0.286
23630.000	0.294
23640.000	0.303
23650.000	0.305
23660.000	0.308
23670.000	0.313
23680.000	0.319
23690.000	0.325
23700.000	0.330
23710.000	0.335
23720.000	0.340
23730.000	0.346
23740.000	0.356
23750.000	0.367
23760.000	0.379
23770.000	0.385
23780.000	0.387
23790.000	0.392
23800.000	0.399
23810.000	0.409
23820.000	0.416
23830.000	0.425
23840.000	0.431
23850.000	0.437
23860.000	0.443
23870.000	0.450
23880.000	0.454
23890.000	0.462
23900.000	0.466
23910.000	0.471
23920.000	0.479
23930.000	0.483
23940.000	0.488
23950.000	0.493
23960.000	0.499
23970.000	0.501
23980.000	0.506
23990.000	0.511
24000.000	0.510
24010.000	0.506
24020.000	0.496
24030.000	0.479
24040.000	0.440
24050.000	0.386
24060.000	0.324
24070.000	0.276
24080.000	0.256
24090.000	0.251
24100.000	0.256
24110.000	0.258
24120.000	0.263
24130.000	0.269
24140.000	0.274
24150.000	0.279
24160.000	0.286
24170.000	0.291
24180.000	0.299
24190.000	0.311
24200.000	0.319
24210.000	0.326
24220.000	0.334
24230.000	0.342
24240.000	0.350
24250.000	0.357
24260.000	0.364
24270.000	0.370
24280.000	0.373
24290.000	0.381
24300.000	0.386
24310.000	0.393
24320.000	0.400
24330.000	0.405
24340.000	0.410
24350.000	0.417
24360.000	0.424
24370.000	0.433
24380.000	0.442
24390.000	0.452
24400.000	0.460
24410.000	0.462
24420.000	0.465
24430.000	0.469
24440.000	0.474
24450.000	0.478
24460.000	0.484
24470.000	0.489
24480.000	0.489
24490.000	0.488
24500.000	0.483
24510.000	0.480
24520.000	0.477
24530.000	0.474
24540.000	0.472
24550.000	0.467
24560.000	0.456
24570.000	0.429
24580.000	0.383
24590.000	0.332
24600.000	0.286
24610.000	0.262
24620.000	0.257
24630.000	0.258
24640.000	0.262
24650.000	0.266
24660.000	0.274
24670.000	0.282
24680.000	0.292
24690.000	0.298
24700.000	0.305
24710.000	0.312
24720.000	0.318
24730.000	0.323
24740.000	0.327
24750.000	0.334
24760.000	0.341
24770.000	0.347
24780.000	0.355
24790.000	0.364
24800.000	0.370
24810.000	0.379
24820.000	0.389
24830.000	0.396
24840.000	0.400
24850.000	0.406
24860.000	0.412
24870.000	0.419
24880.000	0.425
24890.000	0.432
24900.000	0.439
24910.000	0.445
24920.000	0.451
24930.000	0.457
24940.000	0.461
24950.000	0.461
24960.000	0.466
24970.000	0.468
24980.000	0.466
24990.000	0.460
25000.000	0.451
25010.000	0.446
25020.000	0.445
25030.000	0.449
25040.000	0.454
25050.000	0.459
25060.000	0.464
25070.000	0.468
25080.000	0.470
25090.000	0.466
25100.000	0.455
25110.000	0.429
25120.000	0.383
25130.000	0.325
25140.000	0.286
25150.000	0.270
25160.000	0.267
25170.000	0.270
25180.000	0.274
25190.000	0.278
25200.000	0.282
25210.000	0.289
25220.000	0.293
25230.000	0.302
25240.000	0.312
25250.000	0.322
25260.000	0.327
25270.000	0.332
25280.000	0.337
25290.000	0.341
25300.000	0.347
25310.000	0.351
25320.000	0.358
25330.000	0.369
25340.000	0.378
25350.000	0.386
25360.000	0.395
25370.000	0.404
25380.000	0.409
25390.000	0.415
25400.000	0.422
25410.000	0.423
25420.000	0.430
25430.000	0.435
25440.000	0.441
25450.000	0.444
25460.000	0.445
25470.000	0.449
25480.000	0.449
25490.000	0.447
25500.000	0.440
25510.000	0.429
25520.000	0.422
25530.000	0.422
25540.000	0.428
25550.000	0.434
25560.000	0.438
25570.000	0.445
25580.000	0.451
25590.000	0.457
25600.000	0.462
25610.000	0.470
25620.000	0.474
25630.000	0.473
25640.000	0.469
25650.000	0.456
25660.000	0.421
25670.000	0.370
25680.000	0.316
25690.000	0.282
25700.000	0.270
25710.000	0.270
25720.000	0.274
25730.000	0.280
25740.000	0.289
25750.000	0.295
25760.000	0.304
25770.000	0.310
25780.000	0.321
25790.000	0.329
25800.000	0.337
25810.000	0.343
25820.000	0.346
25830.000	0.349
25840.000	0.354
25850.000	0.362
25860.000	0.367
25870.000	0.373
25880.000	0.379
25890.000	0.389
25900.000	0.394
25910.000	0.403
25920.000	0.408
25930.000	0.413
25940.000	0.419
25950.000	0.422
25960.000	0.424
25970.000	0.425
25980.000	0.433
25990.000	0.437
26000.000	0.436
26010.000	0.431
26020.000	0.418
26030.000	0.404
26040.000	0.402
26050.000	0.404
26060.000	0.409
26070.000	0.411
26080.000	0.416
26090.000	0.423
26100.000	0.428
26110.000	0.432
26120.000	0.438
26130.000	0.444
26140.000	0.449
26150.000	0.452
26160.000	0.457
26170.000	0.464
26180.000	0.469
26190.000	0.471
26200.000	0.469
26210.000	0.449
26220.000	0.413
26230.000	0.361
26240.000	0.313
26250.000	0.289
26260.000	0.283
26270.000	0.286
26280.000	0.291
26290.000	0.298
26300.000	0.305
26310.000	0.311
26320.000	0.317
26330.000	0.324
26340.000	0.335
26350.000	0.341
26360.000	0.349
26370.000	0.354
26380.000	0.361
26390.000	0.365
26400.000	0.370
26410.000	0.377
26420.000	0.381
26430.000	0.383
26440.000	0.391
26450.000	0.398
26460.000	0.405
26470.000	0.410
26480.000	0.415
26490.000	0.423
26500.000	0.428
26510.000	0.433
26520.000	0.435
26530.000	0.432
26540.000	0.419
26550.000	0.401
26560.000	0.385
26570.000	0.379
26580.000	0.382
26590.000	0.387
26600.000	0.392
26610.000	0.398
26620.000	0.404
26630.000	0.409
26640.000	0.413
26650.000	0.418
26660.000	0.425
26670.000	0.431
26680.000	0.437
26690.000	0.443
26700.000	0.449
26710.000	0.453
26720.000	0.458
26730.000	0.463
26740.000	0.468
26750.000	0.471
26760.000	0.470
26770.000	0.461
26780.000	0.439
26790.000	0.397
26800.000	0.346
26810.000	0.312
26820.000	0.297
26830.000	0.294
26840.000	0.299
26850.000	0.302
26860.000	0.311
26870.000	0.319
26880.000	0.328
26890.000	0.335
26900.000	0.341
26910.000	0.346
26920.000	0.353
26930.000	0.358
26940.000	0.363
26950.000	0.374
26960.000	0.382
26970.000	0.389
26980.000	0.396
26990.000	0.401
27000.000	0.409
27010.000	0.415
27020.000	0.423
27030.000	0.426
27040.000	0.431
27050.000	0.430
27060.000	0.426
27070.000	0.417
27080.000	0.404
27090.000	0.389
27100.000	0.376
27110.000	0.369
27120.000	0.369
27130.000	0.371
27140.000	0.378
27150.000	0.386
27160.000	0.392
27170.000	0.399
27180.000	0.403
27190.000	0.408
27200.000	0.412
27210.000	0.415
27220.000	0.421
27230.000	0.429
27240.000	0.434
27250.000	0.440
27260.000	0.443
27270.000	0.447
27280.000	0.453
27290.000	0.459
27300.000	0.462
27310.000	0.463
27320.000	0.463
27330.000	0.463
27340.000	0.457
27350.000	0.439
27360.000	0.409
27370.000	0.359
27380.000	0.321
27390.000	0.303
27400.000	0.301
27410.000	0.307
27420.000	0.312
27430.000	0.319
27440.000	0.325
27450.000	0.333
27460.000	0.338
27470.000	0.346
27480.000	0.354
27490.000	0.358
27500.000	0.362
27510.000	0.370
27520.000	0.376
27530.000	0.386
27540.000	0.389
27550.000	0.393
27560.000	0.402
27570.000	0.408
27580.000	0.412
27590.000	0.418
27600.000	0.417
27610.000	0.415
27620.000	0.405
27630.000	0.384
27640.000	0.358
27650.000	0.346
27660.000	0.344
27670.000	0.347
27680.000	0.353
27690.000	0.359
27700.000	0.364
27710.000	0.374
27720.000	0.380
27730.000	0.383
27740.000	0.388
27750.000	0.395
27760.000	0.400
27770.000	0.406
27780.000	0.411
27790.000	0.416
27800.000	0.420
27810.000	0.424
27820.000	0.426
27830.000	0.432
27840.000	0.438
27850.000	0.442
27860.000	0.444
27870.000	0.446
27880.000	0.451
27890.000	0.455
27900.000	0.456
27910.000	0.458
27920.000	0.457
27930.000	0.447
27940.000	0.427
27950.000	0.388
27960.000	0.347
27970.000	0.326
27980.000	0.321
27990.000	0.321
28000.000	0.324
28010.000	0.329
28020.000	0.336
28030.000	0.343
28040.000	0.350
28050.000	0.354
28060.000	0.361
28070.000	0.370
28080.000	0.375
28090.000	0.382
28100.000	0.388
28110.000	0.394
28120.000	0.396
28130.000	0.398
28140.000	0.402
28150.000	0.405
28160.000	0.404
28170.000	0.397
28180.000	0.382
28190.000	0.356
28200.000	0.334
28210.000	0.325
28220.000	0.326
28230.000	0.331
28240.000	0.336
28250.000	0.343
28260.000	0.347
28270.000	0.353
28280.000	0.355
28290.000	0.358
28300.000	0.362
28310.000	0.366
28320.000	0.372
28330.000	0.379
28340.000	0.385
28350.000	0.390
28360.000	0.395
28370.000	0.398
28380.000	0.405
28390.000	0.409
28400.000	0.415
28410.000	0.420
28420.000	0.424
28430.000	0.427
28440.000	0.430
28450.000	0.434
28460.000	0.441
28470.000	0.445
28480.000	0.448
28490.000	0.453
28500.000	0.456
28510.000	0.454
28520.000	0.444
28530.000	0.425
28540.000	0.395
28550.000	0.362
28560.000	0.341
28570.000	0.332
28580.000	0.332
28590.000	0.334
28600.000	0.340
28610.000	0.347
28620.000	0.354
28630.000	0.358
28640.000	0.362
28650.000	0.368
28660.000	0.374
28670.000	0.378
28680.000	0.383
28690.000	0.387
28700.000	0.389
28710.000	0.391
28720.000	0.392
28730.000	0.387
28740.000	0.369
28750.000	0.342
28760.000	0.321
28770.000	0.309
28780.000	0.306
28790.000	0.307
28800.000	0.310
28810.000	0.316
28820.000	0.321
28830.000	0.326
28840.000	0.332
28850.000	0.337
28860.000	0.343
28870.000	0.349
28880.000	0.356
28890.000	0.362
28900.000	0.364
28910.000	0.369
28920.000	0.372
28930.000	0.377
28940.000	0.382
28950.000	0.386
28960.000	0.393
28970.000	0.399
28980.000	0.405
28990.000	0.410
29000.000	0.414
29010.000	0.420
29020.000	0.422
29030.000	0.427
29040.000	0.429
29050.000	0.432
29060.000	0.435
29070.000	0.439
29080.000	0.443
29090.000	0.443
29100.000	0.442
29110.000	0.440
29120.000	0.434
29130.000	0.414
29140.000	0.385
29150.000	0.359
29160.000	0.346
29170.000	0.342
29180.000	0.345
29190.000	0.348
29200.000	0.354
29210.000	0.358
29220.000	0.362
29230.000	0.364
29240.000	0.369
29250.000	0.374
29260.000	0.379
29270.000	0.382
29280.000	0.383
29290.000	0.381
29300.000	0.370
29310.000	0.357
29320.000	0.329
29330.000	0.307
29340.000	0.294
29350.000	0.289
29360.000	0.292
29370.000	0.295
29380.000	0.301
29390.000	0.306
29400.000	0.310
29410.000	0.317
29420.000	0.322
29430.000	0.327
29440.000	0.332
29450.000	0.339
29460.000	0.342
29470.000	0.346
29480.000	0.352
29490.000	0.357
29500.000	0.360
29510.000	0.365
29520.000	0.369
29530.000	0.372
29540.000	0.376
29550.000	0.380
29560.000	0.382
29570.000	0.387
29580.000	0.392
29590.000	0.398
29600.000	0.401
29610.000	0.405
29620.000	0.405
29630.000	0.411
29640.000	0.416
29650.000	0.419
29660.000	0.423
29670.000	0.425
29680.000	0.428
29690.000	0.430
29700.000	0.431
29710.000	0.431
29720.000	0.426
29730.000	0.417
29740.000	0.397
29750.000	0.373
29760.000	0.358
29770.000	0.349
29780.000	0.351
29790.000	0.354
29800.000	0.355
29810.000	0.358
29820.000	0.360
29830.000	0.362
29840.000	0.367
29850.000	0.370
29860.000	0.371
29870.000	0.370
29880.000	0.362
29890.000	0.347
29900.000	0.319
29910.000	0.298
29920.000	0.286
29930.000	0.282
29940.000	0.283
29950.000	0.288
29960.000	0.293
29970.000	0.297
29980.000	0.301
29990.000	0.307
30000.000	0.311
30010.000	0.315
30020.000	0.321
30030.000	0.327
30040.000	0.331
30050.000	0.336
30060.000	0.339
30070.000	0.343
30080.000	0.346
30090.000	0.348
30100.000	0.349
30110.000	0.352
30120.000	0.355
30130.000	0.358
30140.000	0.364
30150.000	0.369
30160.000	0.370
30170.000	0.375
30180.000	0.379
30190.000	0.383
30200.000	0.385
30210.000	0.390
30220.000	0.392
30230.000	0.395
30240.000	0.398
30250.000	0.402
30260.000	0.405
30270.000	0.409
30280.000	0.412
30290.000	0.412
30300.000	0.413
30310.000	0.416
30320.000	0.415
30330.000	0.412
30340.000	0.403
30350.000	0.387
30360.000	0.373
30370.000	0.359
30380.000	0.354
30390.000	0.354
30400.000	0.356
30410.000	0.358
30420.000	0.362
30430.000	0.364
30440.000	0.364
30450.000	0.366
30460.000	0.363
30470.000	0.352
30480.000	0.332
30490.000	0.308
30500.000	0.288
30510.000	0.279
30520.000	0.280
30530.000	0.280
30540.000	0.282
30550.000	0.287
30560.000	0.293
30570.000	0.299
30580.000	0.302
30590.000	0.306
30600.000	0.311
30610.000	0.314
30620.000	0.316
30630.000	0.320
30640.000	0.323
30650.000	0.322
30660.000	0.321
30670.000	0.321
30680.000	0.324
30690.000	0.328
30700.000	0.331
30710.000	0.336
30720.000	0.340
30730.000	0.343
30740.000	0.347
30750.000	0.351
30760.000	0.356
30770.000	0.359
30780.000	0.360
30790.000	0.365
30800.000	0.367
30810.000	0.371
30820.000	0.375
30830.000	0.379
30840.000	0.382
30850.000	0.384
30860.000	0.384
30870.000	0.384
30880.000	0.388
30890.000	0.390
30900.000	0.392
30910.000	0.394
30920.000	0.395
30930.000	0.397
30940.000	0.397
30950.000	0.392
30960.000	0.387
30970.000	0.375
30980.000	0.361
30990.000	0.357
31000.000	0.356
31010.000	0.355
31020.000	0.356
31030.000	0.358
31040.000	0.358
31050.000	0.355
31060.000	0.346
31070.000	0.330
31080.000	0.309
31090.000	0.291
31100.000	0.277
31110.000	0.275
31120.000	0.278
31130.000	0.281
31140.000	0.285
31150.000	0.287
31160.000	0.291
31170.000	0.294
31180.000	0.297
31190.000	0.300
31200.000	0.301
31210.000	0.303
31220.000	0.301
31230.000	0.302
31240.000	0.300
31250.000	0.302
31260.000	0.304
31270.000	0.307
31280.000	0.310
31290.000	0.315
31300.000	0.317
31310.000	0.321
31320.000	0.325
31330.000	0.327
31340.000	0.332
31350.000	0.336
31360.000	0.337
31370.000	0.340
31380.000	0.343
31390.000	0.346
31400.000	0.347
31410.000	0.350
31420.000	0.353
31430.000	0.356
31440.000	0.359
31450.000	0.360
31460.000	0.362
31470.000	0.364
31480.000	0.366
31490.000	0.368
31500.000	0.369
31510.000	0.371
31520.000	0.374
31530.000	0.378
31540.000	0.379
31550.000	0.380
31560.000	0.380
31570.000	0.379
31580.000	0.374
31590.000	0.367
31600.000	0.358
31610.000	0.351
31620.000	0.349
31630.000	0.347
31640.000	0.346
31650.000	0.343
31660.000	0.331
31670.000	0.315
31680.000	0.294
31690.000	0.277
31700.000	0.272
31710.000	0.271
31720.000	0.273
31730.000	0.275
31740.000	0.277
31750.000	0.280
31760.000	0.282
31770.000	0.283
31780.000	0.285
31790.000	0.283
31800.000	0.279
31810.000	0.277
31820.000	0.276
31830.000	0.279
31840.000	0.280
31850.000	0.283
31860.000	0.286
31870.000	0.289
31880.000	0.293
31890.000	0.295
31900.000	0.298
31910.000	0.300
31920.000	0.306
31930.000	0.307
31940.000	0.309
31950.000	0.314
31960.000	0.317
31970.000	0.317
31980.000	0.320
31990.000	0.322
32000.000	0.324
32010.000	0.327
32020.000	0.329
32030.000	0.332
32040.000	0.334
32050.000	0.334
32060.000	0.338
32070.000	0.340
32080.000	0.339
32090.000	0.340
32100.000	0.344
32110.000	0.347
32120.000	0.347
32130.000	0.347
32140.000	0.348
32150.000	0.349
32160.000	0.351
32170.000	0.351
32180.000	0.352
32190.000	0.352
32200.000	0.349
32210.000	0.345
32220.000	0.338
32230.000	0.334
32240.000	0.329
32250.000	0.324
32260.000	0.318
32270.000	0.307
32280.000	0.291
32290.000	0.276
32300.000	0.268
32310.000	0.263
32320.000	0.263
32330.000	0.265
32340.000	0.269
32350.000	0.269
32360.000	0.267
32370.000	0.262
32380.000	0.258
32390.000	0.252
32400.000	0.251
32410.000	0.255
32420.000	0.257
32430.000	0.258
32440.000	0.261
32450.000	0.262
32460.000	0.268
32470.000	0.269
32480.000	0.272
32490.000	0.273
32500.000	0.277
32510.000	0.280
32520.000	0.282
32530.000	0.284
32540.000	0.287
32550.000	0.288
32560.000	0.290
32570.000	0.294
32580.000	0.296
32590.000	0.295
32600.000	0.296
32610.000	0.301
32620.000	0.301
32630.000	0.301
32640.000	0.302
32650.000	0.303
32660.000	0.305
32670.000	0.307
32680.000	0.308
32690.000	0.309
32700.000	0.309
32710.000	0.310
32720.000	0.312
32730.000	0.312
32740.000	0.312
32750.000	0.315
32760.000	0.314
32770.000	0.317
32780.000	0.316
32790.000	0.320
32800.000	0.319
32810.000	0.320
32820.000	0.319
32830.000	0.316
32840.000	0.315
32850.000	0.310
32860.000	0.301
32870.000	0.296
32880.000	0.283
32890.000	0.268
32900.000	0.256
32910.000	0.250
32920.000	0.248
32930.000	0.247
32940.000	0.247
32950.000	0.245
32960.000	0.239
32970.000	0.233
32980.000	0.229
32990.000	0.227
33000.000	0.229
33010.000	0.230
33020.000	0.233
33030.000	0.234
33040.000	0.237
33050.000	0.239
33060.000	0.241
33070.000	0.244
33080.000	0.246
33090.000	0.249
33100.000	0.248
33110.000	0.250
33120.000	0.252
33130.000	0.253
33140.000	0.257
33150.000	0.258
33160.000	0.259
33170.000	0.260
33180.000	0.262
33190.000	0.262
33200.000	0.265
33210.000	0.266
33220.000	0.267
33230.000	0.267
33240.000	0.267
33250.000	0.268
33260.000	0.267
33270.000	0.268
33280.000	0.270
33290.000	0.269
33300.000	0.272
33310.000	0.272
33320.000	0.274
33330.000	0.275
33340.000	0.275
33350.000	0.275
33360.000	0.275
33370.000	0.275
33380.000	0.277
33390.000	0.278
33400.000	0.278
33410.000	0.279
33420.000	0.278
33430.000	0.278
33440.000	0.278
33450.000	0.276
33460.000	0.278
33470.000	0.275
33480.000	0.270
33490.000	0.262
33500.000	0.251
33510.000	0.240
33520.000	0.231
33530.000	0.224
33540.000	0.220
33550.000	0.215
33560.000	0.208
33570.000	0.202
33580.000	0.200
33590.000	0.202
33600.000	0.202
33610.000	0.203
33620.000	0.204
33630.000	0.207
33640.000	0.208
33650.000	0.207
33660.000	0.211
33670.000	0.212
33680.000	0.212
33690.000	0.213
33700.000	0.215
33710.000	0.217
33720.000	0.218
33730.000	0.219
33740.000	0.220
33750.000	0.219
33760.000	0.220
33770.000	0.220
33780.000	0.222
33790.000	0.224
33800.000	0.224
33810.000	0.225
33820.000	0.227
33830.000	0.226
33840.000	0.228
33850.000	0.227
33860.000	0.227
33870.000	0.229
33880.000	0.228
33890.000	0.229
33900.000	0.229
33910.000	0.230
33920.000	0.231
33930.000	0.231
33940.000	0.231
33950.000	0.231
33960.000	0.232
33970.000	0.232
33980.000	0.232
33990.000	0.232
34000.000	0.232
34010.000	0.232
34020.000	0.232
34030.000	0.230
34040.000	0.231
34050.000	0.232
34060.000	0.231
34070.000	0.231
34080.000	0.229
34090.000	0.228
34100.000	0.224
34110.000	0.221
34120.000	0.213
34130.000	0.203
34140.000	0.193
34150.000	0.184
34160.000	0.177
34170.000	0.172
34180.000	0.170
34190.000	0.170
34200.000	0.171
34210.000	0.172
34220.000	0.171
34230.000	0.172
34240.000	0.174
34250.000	0.174
34260.000	0.174
34270.000	0.175
34280.000	0.175
34290.000	0.177
34300.000	0.177
34310.000	0.179
34320.000	0.180
34330.000	0.182
34340.000	0.182
34350.000	0.182
34360.000	0.182
34370.000	0.182
34380.000	0.182
34390.000	0.183
34400.000	0.183
34410.000	0.182
34420.000	0.183
34430.000	0.182
34440.000	0.184
34450.000	0.184
34460.000	0.184
34470.000	0.185
34480.000	0.185
34490.000	0.185
34500.000	0.186
34510.000	0.187
34520.000	0.186
34530.000	0.184
34540.000	0.185
34550.000	0.186
34560.000	0.185
34570.000	0.185
34580.000	0.186
34590.000	0.185
34600.000	0.185
34610.000	0.185
34620.000	0.184
34630.000	0.184
34640.000	0.185
34650.000	0.185
34660.000	0.183
34670.000	0.183
34680.000	0.183
34690.000	0.182
34700.000	0.182
34710.000	0.179
34720.000	0.176
34730.000	0.175
34740.000	0.170
34750.000	0.162
34760.000	0.153
34770.000	0.145
34780.000	0.141
34790.000	0.139
34800.000	0.137
34810.000	0.135
34820.000	0.136
34830.000	0.137
34840.000	0.137
34850.000	0.139
34860.000	0.140
34870.000	0.141
34880.000	0.141
34890.000	0.140
34900.000	0.140
34910.000	0.142
34920.000	0.141
34930.000	0.141
34940.000	0.142
34950.000	0.141
34960.000	0.141
34970.000	0.143
34980.000	0.144
34990.000	0.145
35000.000	0.144
35010.000	0.143
35020.000	0.143
35030.000	0.142
35040.000	0.143
35050.000	0.143
35060.000	0.143
35070.000	0.142
35080.000	0.142
35090.000	0.144
35100.000	0.143
35110.000	0.143
35120.000	0.142
35130.000	0.143
35140.000	0.143
35150.000	0.142
35160.000	0.143
35170.000	0.142
35180.000	0.141
35190.000	0.141
35200.000	0.141
35210.000	0.141
35220.000	0.142
35230.000	0.140
35240.000	0.140
35250.000	0.139
35260.000	0.139
35270.000	0.139
35280.000	0.138
35290.000	0.139
35300.000	0.138
35310.000	0.137
35320.000	0.136
35330.000	0.134
35340.000	0.133
35350.000	0.130
35360.000	0.124
35370.000	0.117
35380.000	0.113
35390.000	0.110
35400.000	0.107
35410.000	0.106
35420.000	0.105
35430.000	0.106
35440.000	0.105
35450.000	0.105
35460.000	0.106
35470.000	0.106
35480.000	0.106
35490.000	0.107
35500.000	0.107
35510.000	0.107
35520.000	0.108
35530.000	0.108
35540.000	0.106
35550.000	0.108
35560.000	0.107
35570.000	0.108
35580.000	0.107
35590.000	0.106
35600.000	0.107
35610.000	0.108
35620.000	0.107
35630.000	0.108
35640.000	0.108
35650.000	0.107
35660.000	0.107
35670.000	0.107
35680.000	0.106
35690.000	0.107
35700.000	0.106
35710.000	0.106
35720.000	0.107
35730.000	0.106
35740.000	0.105
35750.000	0.106
35760.000	0.106
35770.000	0.106
35780.000	0.104
35790.000	0.104
35800.000	0.104
35810.000	0.104
35820.000	0.104
35830.000	0.103
35840.000	0.102
35850.000	0.103
35860.000	0.103
35870.000	0.102
35880.000	0.102
35890.000	0.102
35900.000	0.101
35910.000	0.101
35920.000	0.099
35930.000	0.099
35940.000	0.098
35950.000	0.097
35960.000	0.095
35970.000	0.092
35980.000	0.087
35990.000	0.083
36000.000	0.081
36010.000	0.080
36020.000	0.079
36030.000	0.079
36040.000	0.078
36050.000	0.079
36060.000	0.079
36070.000	0.078
36080.000	0.079
36090.000	0.079
36100.000	0.079
36110.000	0.079
36120.000	0.079
36130.000	0.078
36140.000	0.078
36150.000	0.078
36160.000	0.079
36170.000	0.079
36180.000	0.078
36190.000	0.078
36200.000	0.078
36210.000	0.078
36220.000	0.077
36230.000	0.078
36240.000	0.078
36250.000	0.077
36260.000	0.077
36270.000	0.077
36280.000	0.077
36290.000	0.077
36300.000	0.077
36310.000	0.077
36320.000	0.076
36330.000	0.076
36340.000	0.076
36350.000	0.076
36360.000	0.076
36370.000	0.076
36380.000	0.075
36390.000	0.075
36400.000	0.074
36410.000	0.074
36420.000	0.074
36430.000	0.074
36440.000	0.074
36450.000	0.074
36460.000	0.074
36470.000	0.073
36480.000	0.072
36490.000	0.072
36500.000	0.072
36510.000	0.071
36520.000	0.071
36530.000	0.071
36540.000	0.070
36550.000	0.069
36560.000	0.067
36570.000	0.066
36580.000	0.062
36590.000	0.061
36600.000	0.059
36610.000	0.060
36620.000	0.058
36630.000	0.058
36640.000	0.057
36650.000	0.057
36660.000	0.057
36670.000	0.057
36680.000	0.056
36690.000	0.057
36700.000	0.057
36710.000	0.057
36720.000	0.056
36730.000	0.056
36740.000	0.057
36750.000	0.056
36760.000	0.056
36770.000	0.056
36780.000	0.055
36790.000	0.056
36800.000	0.055
36810.000	0.055
36820.000	0.055
36830.000	0.056
36840.000	0.055
36850.000	0.055
36860.000	0.054
36870.000	0.055
36880.000	0.054
36890.000	0.055
36900.000	0.055
36910.000	0.054
36920.000	0.054
36930.000	0.054
36940.000	0.054
36950.000	0.053
36960.000	0.053
36970.000	0.053
36980.000	0.053
36990.000	0.053
37000.000	0.053
37010.000	0.052
37020.000	0.052
37030.000	0.052
37040.000	0.051
37050.000	0.051
37060.000	0.051
37070.000	0.051
37080.000	0.050
37090.000	0.051
37100.000	0.049
37110.000	0.049
37120.000	0.049
37130.000	0.049
37140.000	0.049
37150.000	0.048
37160.000	0.048
37170.000	0.046
37180.000	0.045
37190.000	0.043
37200.000	0.043
37210.000	0.042
37220.000	0.041
37230.000	0.041
37240.000	0.041
37250.000	0.041
37260.000	0.041
37270.000	0.040
37280.000	0.040
37290.000	0.039
37300.000	0.040
37310.000	0.040
37320.000	0.039
37330.000	0.040
37340.000	0.039
37350.000	0.039
37360.000	0.039
37370.000	0.039
37380.000	0.039
37390.000	0.039
37400.000	0.039
37410.000	0.039
37420.000	0.038
37430.000	0.038
37440.000	0.039
37450.000	0.038
37460.000	0.038
37470.000	0.038
37480.000	0.038
37490.000	0.038
37500.000	0.037
37510.000	0.037
37520.000	0.037
37530.000	0.037
37540.000	0.037
37550.000	0.037
37560.000	0.037
37570.000	0.035
37580.000	0.037
37590.000	0.036
37600.000	0.036
37610.000	0.035
37620.000	0.035
37630.000	0.035
37640.000	0.035
37650.000	0.035
37660.000	0.034
37670.000	0.034
37680.000	0.034
37690.000	0.033
37700.000	0.034
37710.000	0.034
37720.000	0.034
37730.000	0.033
37740.000	0.033
37750.000	0.032
37760.000	0.032
37770.000	0.031
37780.000	0.031
37790.000	0.030
37800.000	0.029
37810.000	0.030
37820.000	0.029
37830.000	0.028
37840.000	0.028
37850.000	0.028
37860.000	0.028
37870.000	0.028
37880.000	0.027
37890.000	0.028
37900.000	0.028
37910.000	0.027
37920.000	0.027
37930.000	0.027
37940.000	0.027
37950.000	0.027
37960.000	0.027
37970.000	0.026
37980.000	0.027
37990.000	0.026
38000.000	0.026
38010.000	0.026
38020.000	0.026
38030.000	0.026
38040.000	0.026
38050.000	0.025
38060.000	0.026
38070.000	0.026
38080.000	0.026
38090.000	0.026
38100.000	0.025
38110.000	0.026
38120.000	0.026
38130.000	0.025
38140.000	0.024
38150.000	0.024
38160.000	0.025
38170.000	0.025
38180.000	0.024
38190.000	0.024
38200.000	0.024
38210.000	0.024
38220.000	0.024
38230.000	0.024
38240.000	0.024
38250.000	0.024
38260.000	0.023
38270.000	0.023
38280.000	0.023
38290.000	0.023
38300.000	0.023
38310.000	0.023
38320.000	0.023
38330.000	0.022
38340.000	0.022
38350.000	0.023
38360.000	0.022
38370.000	0.021
38380.000	0.021
38390.000	0.020
38400.000	0.020
38410.000	0.020
38420.000	0.020
38430.000	0.020
38440.000	0.019
38450.000	0.019
38460.000	0.018
38470.000	0.018
38480.000	0.019
38490.000	0.019
38500.000	0.019
38510.000	0.019
38520.000	0.018
38530.000	0.019
38540.000	0.019
38550.000	0.017
38560.000	0.018
38570.000	0.018
38580.000	0.018
38590.000	0.018
38600.000	0.018
38610.000	0.018
38620.000	0.018
38630.000	0.017
38640.000	0.018
38650.000	0.018
38660.000	0.018
38670.000	0.017
38680.000	0.017
38690.000	0.017
38700.000	0.017
38710.000	0.017
38720.000	0.017
38730.000	0.016
38740.000	0.017
38750.000	0.016
38760.000	0.016
38770.000	0.017
38780.000	0.017
38790.000	0.016
38800.000	0.016
38810.000	0.016
38820.000	0.016
38830.000	0.016
38840.000	0.016
38850.000	0.015
38860.000	0.015
38870.000	0.015
38880.000	0.015
38890.000	0.015
38900.000	0.015
38910.000	0.015
38920.000	0.015
38930.000	0.015
38940.000	0.015
38950.000	0.014
38960.000	0.014
38970.000	0.013
38980.000	0.014
38990.000	0.013
39000.000	0.013
39010.000	0.013
39020.000	0.012
39030.000	0.013
39040.000	0.012
39050.000	0.013
39060.000	0.013
39070.000	0.013
39080.000	0.012
39090.000	0.013
39100.000	0.012
39110.000	0.012
39120.000	0.012
39130.000	0.012
39140.000	0.012
39150.000	0.011
39160.000	0.012
39170.000	0.012
39180.000	0.012
39190.000	0.012
39200.000	0.012
39210.000	0.012
39220.000	0.012
39230.000	0.011
39240.000	0.011
39250.000	0.010
39260.000	0.011
39270.000	0.010
39280.000	0.011
39290.000	0.010
39300.000	0.010
39310.000	0.010
39320.000	0.010
39330.000	0.010
39340.000	0.010
39350.000	0.011
39360.000	0.010
39370.000	0.011
39380.000	0.010
39390.000	0.010
39400.000	0.010
39410.000	0.009
39420.000	0.009
39430.000	0.010
39440.000	0.010
39450.000	0.009
39460.000	0.010
39470.000	0.009
39480.000	0.008
39490.000	0.009
39500.000	0.009
39510.000	0.009
39520.000	0.008
39530.000	0.008
39540.000	0.008
39550.000	0.009
39560.000	0.008
39570.000	0.008
39580.000	0.008
39590.000	0.008
39600.000	0.008
39610.000	0.008
39620.000	0.008
39630.000	0.008
39640.000	0.007
39650.000	0.008
39660.000	0.007
39670.000	0.007
39680.000	0.008
39690.000	0.007
39700.000	0.007
39710.000	0.007
39720.000	0.007
39730.000	0.008
39740.000	0.007
39750.000	0.007
39760.000	0.007
39770.000	0.007
39780.000	0.007
39790.000	0.007
39800.000	0.007
39810.000	0.007
39820.000	0.007
39830.000	0.007
39840.000	0.007
39850.000	0.007
39860.000	0.007
39870.000	0.007
39880.000	0.007
39890.000	0.007
39900.000	0.007
39910.000	0.006
39920.000	0.007
39930.000	0.007
39940.000	0.007
39950.000	0.007
39960.000	0.007
39970.000	0.006
39980.000	0.007
39990.000	0.007
40000.000	0.007
40010.000	0.007
40020.000	0.007
40030.000	0.006
40040.000	0.007
40050.000	0.007
40060.000	0.007
40070.000	0.006
40080.000	0.007
40090.000	0.007
40100.000	0.006
40110.000	0.005
40120.000	0.006
40130.000	0.005
40140.000	0.005
40150.000	0.006
40160.000	0.005
40170.000	0.006
40180.000	0.005
40190.000	0.005
40200.000	0.005
40210.000	0.005
40220.000	0.005
40230.000	0.005
40240.000	0.005
40250.000	0.004
40260.000	0.004
40270.000	0.005
40280.000	0.005
40290.000	0.005
40300.000	0.005
40310.000	0.004
40320.000	0.004
40330.000	0.005
40340.000	0.005
40350.000	0.004
40360.000	0.005
40370.000	0.004
40380.000	0.004
40390.000	0.005
40400.000	0.004
40410.000	0.005
40420.000	0.005
40430.000	0.004
40440.000	0.005
40450.000	0.004
40460.000	0.004
40470.000	0.004
40480.000	0.004
40490.000	0.004
40500.000	0.004
40510.000	0.004
40520.000	0.004
40530.000	0.004
40540.000	0.005
40550.000	0.004
40560.000	0.003
40570.000	0.004
40580.000	0.003
40590.000	0.003
40600.000	0.003
40610.000	0.003
40620.000	0.004
40630.000	0.004
40640.000	0.003
40650.000	0.003
40660.000	0.003
40670.000	0.003
40680.000	0.003
40690.000	0.003
40700.000	0.003
40710.000	0.003
40720.000	0.003
40730.000	0.003
40740.000	0.003
40750.000	0.002
40760.000	0.003
40770.000	0.002
40780.000	0.002
40790.000	0.003
40800.000	0.002
40810.000	0.003
40820.000	0.002
40830.000	0.002
40840.000	0.002
40850.000	0.003
40860.000	0.002
40870.000	0.002
40880.000	0.002
40890.000	0.002
40900.000	0.003
40910.000	0.002
40920.000	0.002
40930.000	0.002
40940.000	0.002
40950.000	0.002
40960.000	0.002
40970.000	0.002
40980.000	0.002
40990.000	0.002
41000.000	0.002
41010.000	0.002
41020.000	0.002
41030.000	0.002
41040.000	0.002
41050.000	0.001
41060.000	0.002
41070.000	0.002
41080.000	0.002
41090.000	0.002
41100.000	0.002
41110.000	0.002
41120.000	0.001
41130.000	0.002
41140.000	0.001
41150.000	0.002
41160.000	0.002
41170.000	0.002
41180.000	0.002
41190.000	0.002
41200.000	0.002
41210.000	0.001
41220.000	0.001
41230.000	0.001
41240.000	0.001
41250.000	0.002
41260.000	0.001
41270.000	0.001
41280.000	0.001
41290.000	0.001
41300.000	0.001
41310.000	0.001
41320.000	0.001
41330.000	0.001
41340.000	0.001
41350.000	0.001
41360.000	0.001
41370.000	0.001
41380.000	0.001
41390.000	0.001
41400.000	0.001
41410.000	0.001
41420.000	0.001
41430.000	0.001
41440.000	0.001
41450.000	0.000
41460.000	0.001
41470.000	0.001
41480.000	0.000
41490.000	0.001
41500.000	0.002
41510.000	0.000
41520.000	0.000
41530.000	0.000
41540.000	0.000
41550.000	0.000
41560.000	0.000
41570.000	0.000
41580.000	-0.000
41590.000	0.000
41600.000	0.000
41610.000	-0.000
41620.000	0.000
41630.000	-0.000
41640.000	0.000
41650.000	-0.000
41660.000	-0.000
41670.000	-0.000
41680.000	0.001
41690.000	-0.000
41700.000	-0.000
41710.000	0.000
41720.000	0.000
41730.000	-0.000
41740.000	-0.000
41750.000	-0.000
41760.000	-0.001
41770.000	0.000
41780.000	-0.000
41790.000	0.000
41800.000	-0.000
41810.000	-0.001
41820.000	-0.000
41830.000	-0.001
41840.000	-0.001
41850.000	-0.001
41860.000	-0.001
41870.000	-0.000
41880.000	-0.001
41890.000	-0.001
41900.000	-0.001
41910.000	-0.001
41920.000	-0.001
41930.000	-0.000
41940.000	-0.000
41950.000	-0.000
41960.000	-0.001
41970.000	-0.001
41980.000	-0.001
41990.000	-0.001
42000.000	-0.001
42010.000	-0.000
42020.000	-0.001
42030.000	-0.001
42040.000	-0.001
42050.000	-0.001
42060.000	-0.001
42070.000	-0.001
42080.000	-0.001
42090.000	-0.001
42100.000	-0.001
42110.000	-0.001
42120.000	-0.001
42130.000	-0.001
42140.000	-0.001
42150.000	-0.001
42160.000	-0.001
42170.000	-0.001
42180.000	-0.001
42190.000	-0.001
42200.000	-0.001
42210.000	-0.001
42220.000	-0.001
42230.000	-0.001
42240.000	-0.001
42250.000	-0.001
42260.000	-0.001
42270.000	-0.001
42280.000	-0.002
42290.000	-0.002
42300.000	-0.002
42310.000	-0.001
42320.000	-0.001
42330.000	-0.002
42340.000	-0.002
42350.000	-0.001
42360.000	-0.001
42370.000	-0.001
42380.000	-0.001
42390.000	-0.001
42400.000	-0.002
42410.000	-0.001
42420.000	-0.001
42430.000	-0.001
42440.000	-0.002
42450.000	-0.002
42460.000	-0.001
42470.000	-0.002
42480.000	-0.002
42490.000	-0.001
42500.000	-0.001
42510.000	-0.002
42520.000	-0.002
42530.000	-0.002
42540.000	-0.001
42550.000	-0.001
42560.000	-0.002
42570.000	-0.002
42580.000	-0.002
42590.000	-0.001
42600.000	-0.002
42610.000	-0.002
42620.000	-0.002
42630.000	-0.002
42640.000	-0.002
42650.000	-0.002
42660.000	-0.002
42670.000	-0.002
42680.000	-0.002
42690.000	-0.002
42700.000	-0.002
42710.000	-0.002
42720.000	-0.002
42730.000	-0.002
42740.000	-0.002
42750.000	-0.002
42760.000	-0.002
42770.000	-0.002
42780.000	-0.002
42790.000	-0.002
42800.000	-0.003
42810.000	-0.002
42820.000	-0.002
42830.000	-0.002
42840.000	-0.002
42850.000	-0.002
42860.000	-0.002
42870.000	-0.003
42880.000	-0.002
42890.000	-0.002
42900.000	-0.002
42910.000	-0.003
42920.000	-0.002
42930.000	-0.002
42940.000	-0.002
42950.000	-0.003
42960.000	-0.002
42970.000	-0.002
42980.000	-0.002
42990.000	-0.003
43000.000	-0.003
43010.000	-0.003
43020.000	-0.003
43030.000	-0.002
43040.000	-0.003
43050.000	-0.002
43060.000	-0.003
43070.000	-0.003
43080.000	-0.003
43090.000	-0.003
43100.000	-0.003
43110.000	-0.003
43120.000	-0.002
43130.000	-0.003
43140.000	-0.003
43150.000	-0.003
43160.000	-0.003
43170.000	-0.002
43180.000	-0.002
43190.000	-0.002
43200.000	-0.002
43210.000	-0.002
43220.000	-0.002
43230.000	-0.003
43240.000	-0.002
43250.000	-0.003
43260.000	-0.003
43270.000	-0.002
43280.000	-0.003
43290.000	-0.003
43300.000	-0.003
43310.000	-0.003
43320.000	-0.003
43330.000	-0.002
43340.000	-0.002
43350.000	-0.003
43360.000	-0.003
43370.000	-0.003
43380.000	-0.003
43390.000	-0.003
43400.000	-0.003
43410.000	-0.003
43420.000	-0.003
43430.000	-0.003
43440.000	-0.003
43450.000	-0.003
43460.000	-0.003
43470.000	-0.003
43480.000	-0.003
43490.000	-0.003
43500.000	-0.003
43510.000	-0.003
43520.000	-0.003
43530.000	-0.003
43540.000	-0.003
43550.000	-0.003
43560.000	-0.003
43570.000	-0.003
43580.000	-0.003
43590.000	-0.003
43600.000	-0.003
43610.000	-0.003
43620.000	-0.003
43630.000	-0.003
43640.000	-0.003
43650.000	-0.003
43660.000	-0.003
43670.000	-0.003
43680.000	-0.003
43690.000	-0.003
43700.000	-0.003
43710.000	-0.003
43720.000	-0.003
43730.000	-0.003
43740.000	-0.003
43750.000	-0.003
43760.000	-0.003
43770.000	-0.003
43780.000	-0.003
43790.000	-0.003
43800.000	-0.003
43810.000	-0.003
43820.000	-0.003
43830.000	-0.003
43840.000	-0.003
43850.000	-0.003
43860.000	-0.003
43870.000	-0.003
43880.000	-0.003
43890.000	-0.003
43900.000	-0.003
43910.000	-0.003
43920.000	-0.003
43930.000	-0.003
43940.000	-0.004
43950.000	-0.003
43960.000	-0.004
43970.000	-0.003
43980.000	-0.003
43990.000	-0.003
44000.000	-0.003
44010.000	-0.004
44020.000	-0.003
44030.000	-0.003
44040.000	-0.003
44050.000	-0.003
44060.000	-0.003
44070.000	-0.003
44080.000	-0.003
44090.000	-0.003
44100.000	-0.003
44110.000	-0.003
44120.000	-0.003
44130.000	-0.003
44140.000	-0.003
44150.000	-0.003
44160.000	-0.004
44170.000	-0.003
44180.000	-0.003
44190.000	-0.003
44200.000	-0.003
44210.000	-0.003
44220.000	-0.004
44230.000	-0.003
44240.000	-0.003
44250.000	-0.003
44260.000	-0.004
44270.000	-0.003
44280.000	-0.003
44290.000	-0.003
44300.000	-0.003
44310.000	-0.003
44320.000	-0.003
44330.000	-0.003
44340.000	-0.003
44350.000	-0.004
44360.000	-0.003
44370.000	-0.003
44380.000	-0.004
44390.000	-0.003
44400.000	-0.003
44410.000	-0.004
44420.000	-0.003
44430.000	-0.003
44440.000	-0.003
44450.000	-0.003
44460.000	-0.004
44470.000	-0.003
44480.000	-0.003
44490.000	-0.004
44500.000	-0.003
44510.000	-0.003
44520.000	-0.004
44530.000	-0.003
44540.000	-0.003
44550.000	-0.004
44560.000	-0.004
44570.000	-0.004
44580.000	-0.004
44590.000	-0.003
44600.000	-0.004
44610.000	-0.003
44620.000	-0.003
44630.000	-0.004
44640.000	-0.004
44650.000	-0.003
44660.000	-0.003
44670.000	-0.003
44680.000	-0.003
44690.000	-0.003
44700.000	-0.003
44710.000	-0.003
44720.000	-0.003
44730.000	-0.003
44740.000	-0.004
44750.000	-0.004
44760.000	-0.003
44770.000	-0.003
44780.000	-0.004
44790.000	-0.004
44800.000	-0.003
44810.000	-0.003
44820.000	-0.003
44830.000	-0.003
44840.000	-0.003
44850.000	-0.003
44860.000	-0.003
44870.000	-0.003
44880.000	-0.003
44890.000	-0.003
44900.000	-0.004
44910.000	-0.003
44920.000	-0.003
44930.000	-0.004
44940.000	-0.004
44950.000	-0.004
44960.000	-0.003
44970.000	-0.004
44980.000	-0.003
44990.000	-0.004
45000.000	-0.004
45010.000	-0.004
45020.000	-0.003
45030.000	-0.004
45040.000	-0.004
45050.000	-0.004
45060.000	-0.004
45070.000	-0.003
45080.000	-0.004
45090.000	-0.004
45100.000	-0.004
45110.000	-0.004
45120.000	-0.004
45130.000	-0.004
45140.000	-0.004
45150.000	-0.003
45160.000	-0.004
45170.000	-0.004
45180.000	-0.004
45190.000	-0.004
45200.000	-0.004
45210.000	-0.004
45220.000	-0.003
45230.000	-0.004
45240.000	-0.003
45250.000	-0.004
45260.000	-0.003
45270.000	-0.004
45280.000	-0.003
45290.000	-0.004
45300.000	-0.004
45310.000	-0.004
45320.000	-0.004
45330.000	-0.004
45340.000	-0.004
45350.000	-0.004
45360.000	-0.004
45370.000	-0.004
45380.000	-0.003
45390.000	-0.004
45400.000	-0.004
45410.000	-0.004
45420.000	-0.004
45430.000	-0.004
45440.000	-0.004
45450.000	-0.003
45460.000	-0.004
45470.000	-0.004
45480.000	-0.003
45490.000	-0.004
45500.000	-0.003
45510.000	-0.004
45520.000	-0.003
45530.000	-0.003
45540.000	-0.003
45550.000	-0.004
45560.000	-0.004
45570.000	-0.004
45580.000	-0.004
45590.000	-0.004
45600.000	-0.004
45610.000	-0.004
45620.000	-0.004
45630.000	-0.004
45640.000	-0.004
45650.000	-0.004
45660.000	-0.004
45670.000	-0.004
45680.000	-0.004
45690.000	-0.004
45700.000	-0.004
45710.000	-0.004
45720.000	-0.004
45730.000	-0.004
45740.000	-0.004
45750.000	-0.004
45760.000	-0.004
45770.000	-0.004
45780.000	-0.004
45790.000	-0.004
45800.000	-0.004
45810.000	-0.004
45820.000	-0.004
45830.000	-0.004
45840.000	-0.004
45850.000	-0.004
45860.000	-0.004
45870.000	-0.004
45880.000	-0.004
45890.000	-0.003
45900.000	-0.004
45910.000	-0.004
45920.000	-0.004
45930.000	-0.004
45940.000	-0.004
45950.000	-0.004
45960.000	-0.004
45970.000	-0.004
45980.000	-0.003
45990.000	-0.004
46000.000	-0.004
46010.000	-0.004
46020.000	-0.004
46030.000	-0.004
46040.000	-0.004
46050.000	-0.004
46060.000	-0.004
46070.000	-0.004
46080.000	-0.004
46090.000	-0.004
46100.000	-0.004
46110.000	-0.004
46120.000	-0.004
46130.000	-0.004
46140.000	-0.004
46150.000	-0.004
46160.000	-0.005
46170.000	-0.004
46180.000	-0.004
46190.000	-0.003
46200.000	-0.004
46210.000	-0.004
46220.000	-0.004
46230.000	-0.004
46240.000	-0.004
46250.000	-0.004
46260.000	-0.004
46270.000	-0.004
46280.000	-0.004
46290.000	-0.004
46300.000	-0.004
46310.000	-0.003
46320.000	-0.004
46330.000	-0.004
46340.000	-0.004
46350.000	-0.004
46360.000	-0.004
46370.000	-0.004
46380.000	-0.004
46390.000	-0.004
46400.000	-0.004
46410.000	-0.004
46420.000	-0.004
46430.000	-0.004
46440.000	-0.004
46450.000	-0.004
46460.000	-0.004
46470.000	-0.004
46480.000	-0.004
46490.000	-0.004
46500.000	-0.004
46510.000	-0.004
46520.000	-0.004
46530.000	-0.004
46540.000	-0.004
46550.000	-0.004
46560.000	-0.004
46570.000	-0.004
46580.000	-0.004
46590.000	-0.004
46600.000	-0.004
46610.000	-0.004
46620.000	-0.004
46630.000	-0.004
46640.000	-0.005
46650.000	-0.004
46660.000	-0.004
46670.000	-0.004
46680.000	-0.003
46690.000	-0.004
46700.000	-0.004
46710.000	-0.004
46720.000	-0.004
46730.000	-0.003
46740.000	-0.004
46750.000	-0.004
46760.000	-0.005
46770.000	-0.004
46780.000	-0.004
46790.000	-0.005
46800.000	-0.004
46810.000	-0.004
46820.000	-0.004
46830.000	-0.003
46840.000	-0.004
46850.000	-0.004
46860.000	-0.004
46870.000	-0.004
46880.000	-0.005
46890.000	-0.004
46900.000	-0.004
46910.000	-0.004
46920.000	-0.004
46930.000	-0.004
46940.000	-0.004
46950.000	-0.005
46960.000	-0.004
46970.000	-0.004
46980.000	-0.004
46990.000	-0.004
47000.000	-0.004
47010.000	-0.004
47020.000	-0.004
47030.000	-0.004
47040.000	-0.004
47050.000	-0.004
47060.000	-0.004
47070.000	-0.004
47080.000	-0.005
47090.000	-0.004
47100.000	-0.004
47110.000	-0.004
47120.000	-0.004
47130.000	-0.004
47140.000	-0.004
47150.000	-0.004
47160.000	-0.004
47170.000	-0.004
47180.000	-0.004
47190.000	-0.004
47200.000	-0.004
47210.000	-0.004
47220.000	-0.004
47230.000	-0.004
47240.000	-0.004
47250.000	-0.004
47260.000	-0.004
47270.000	-0.005
47280.000	-0.004
47290.000	-0.005
47300.000	-0.004
47310.000	-0.005
47320.000	-0.004
47330.000	-0.004
47340.000	-0.004
47350.000	-0.004
47360.000	-0.004
47370.000	-0.004
47380.000	-0.004
47390.000	-0.005
47400.000	-0.004
47410.000	-0.004
47420.000	-0.004
47430.000	-0.004
47440.000	-0.004
47450.000	-0.004
47460.000	-0.004
47470.000	-0.005
47480.000	-0.004
47490.000	-0.004
47500.000	-0.005
47510.000	-0.004
47520.000	-0.004
47530.000	-0.004
47540.000	-0.004
47550.000	-0.005
47560.000	-0.004
47570.000	-0.004
47580.000	-0.004
47590.000	-0.004
47600.000	-0.004
47610.000	-0.004
47620.000	-0.004
47630.000	-0.004
47640.000	-0.004
47650.000	-0.004
47660.000	-0.004
47670.000	-0.004
47680.000	-0.004
47690.000	-0.005
47700.000	-0.004
47710.000	-0.003
47720.000	-0.005
47730.000	-0.004
47740.000	-0.004
47750.000	-0.004
47760.000	-0.004
47770.000	-0.005
47780.000	-0.004
47790.000	-0.004
47800.000	-0.004
47810.000	-0.004
47820.000	-0.005
47830.000	-0.004
47840.000	-0.004
47850.000	-0.004
47860.000	-0.004
47870.000	-0.005
47880.000	-0.004
47890.000	-0.005
47900.000	-0.004
47910.000	-0.005
47920.000	-0.004
47930.000	-0.004
47940.000	-0.005
47950.000	-0.004
47960.000	-0.004
47970.000	-0.005
47980.000	-0.005
47990.000	-0.004
48000.000	-0.004
48010.000	-0.004
48020.000	-0.005
48030.000	-0.004
48040.000	-0.005
48050.000	-0.004
48060.000	-0.004
48070.000	-0.005
48080.000	-0.004
48090.000	-0.004
48100.000	-0.004
48110.000	-0.004
48120.000	-0.004
48130.000	-0.004
48140.000	-0.005
48150.000	-0.004
48160.000	-0.004
48170.000	-0.004
48180.000	-0.004
48190.000	-0.004
48200.000	-0.004
48210.000	-0.004
48220.000	-0.004
48230.000	-0.004
48240.000	-0.005
48250.000	-0.004
48260.000	-0.004
48270.000	-0.004
48280.000	-0.005
48290.000	-0.004
48300.000	-0.004
48310.000	-0.004
48320.000	-0.004
48330.000	-0.004
48340.000	-0.004
48350.000	-0.005
48360.000	-0.004
48370.000	-0.004
48380.000	-0.005
48390.000	-0.004
48400.000	-0.004
48410.000	-0.004
48420.000	-0.005
48430.000	-0.004
48440.000	-0.004
48442.000	-0.004
