10.000	0.038
20.000	0.039
30.000	0.040
40.000	0.041
50.000	0.041
60.000	0.040
70.000	0.040
80.000	0.041
90.000	0.041
100.000	0.042
110.000	0.042
120.000	0.042
130.000	0.043
140.000	0.042
150.000	0.043
160.000	0.043
170.000	0.044
180.000	0.045
190.000	0.044
200.000	0.044
210.000	0.044
220.000	0.044
230.000	0.044
240.000	0.045
250.000	0.044
260.000	0.044
270.000	0.044
280.000	0.043
290.000	0.043
300.000	0.044
310.000	0.044
320.000	0.044
330.000	0.045
340.000	0.045
350.000	0.045
360.000	0.045
370.000	0.044
380.000	0.045
390.000	0.044
400.000	0.045
410.000	0.045
420.000	0.045
430.000	0.045
440.000	0.045
450.000	0.046
460.000	0.046
470.000	0.047
480.000	0.046
490.000	0.046
500.000	0.047
510.000	0.047
520.000	0.046
530.000	0.047
540.000	0.047
550.000	0.047
560.000	0.047
570.000	0.048
580.000	0.047
590.000	0.048
600.000	0.049
610.000	0.048
620.000	0.049
630.000	0.048
640.000	0.049
650.000	0.049
660.000	0.049
670.000	0.048
680.000	0.048
690.000	0.049
700.000	0.050
710.000	0.049
720.000	0.049
730.000	0.048
740.000	0.049
750.000	0.049
760.000	0.049
770.000	0.048
780.000	0.049
790.000	0.050
800.000	0.049
810.000	0.049
820.000	0.049
830.000	0.049
840.000	0.049
850.000	0.050
860.000	0.049
870.000	0.050
880.000	0.050
890.000	0.050
900.000	0.050
910.000	0.050
920.000	0.050
930.000	0.050
940.000	0.050
950.000	0.051
960.000	0.050
970.000	0.050
980.000	0.051
990.000	0.051
1000.000	0.051
1010.000	0.051
1020.000	0.051
1030.000	0.051
1040.000	0.052
1050.000	0.052
1060.000	0.052
1070.000	0.052
1080.000	0.052
1090.000	0.052
1100.000	0.051
1110.000	0.051
1120.000	0.052
1130.000	0.052
1140.000	0.052
1150.000	0.052
1160.000	0.052
1170.000	0.052
1180.000	0.052
1190.000	0.052
1200.000	0.051
1210.000	0.051
1220.000	0.052
1230.000	0.052
1240.000	0.052
1250.000	0.052
1260.000	0.053
1270.000	0.052
1280.000	0.052
1290.000	0.052
1300.000	0.053
1310.000	0.054
1320.000	0.054
1330.000	0.054
1340.000	0.053
1350.000	0.054
1360.000	0.053
1370.000	0.054
1380.000	0.054
1390.000	0.054
1400.000	0.054
1410.000	0.054
1420.000	0.054
1430.000	0.054
1440.000	0.053
1450.000	0.055
1460.000	0.055
1470.000	0.055
1480.000	0.055
1490.000	0.055
1500.000	0.055
1510.000	0.055
1520.000	0.054
1530.000	0.055
1540.000	0.054
1550.000	0.054
1560.000	0.055
1570.000	0.055
1580.000	0.055
1590.000	0.054
1600.000	0.055
1610.000	0.055
1620.000	0.055
1630.000	0.055
1640.000	0.055
1650.000	0.056
1660.000	0.056
1670.000	0.055
1680.000	0.055
1690.000	0.056
1700.000	0.056
1710.000	0.056
1720.000	0.056
1730.000	0.056
1740.000	0.055
1750.000	0.056
1760.000	0.056
1770.000	0.057
1780.000	0.057
1790.000	0.056
1800.000	0.057
1810.000	0.057
1820.000	0.057
1830.000	0.057
1840.000	0.058
1850.000	0.058
1860.000	0.057
1870.000	0.058
1880.000	0.058
1890.000	0.058
1900.000	0.058
1910.000	0.059
1920.000	0.057
1930.000	0.057
1940.000	0.058
1950.000	0.057
1960.000	0.058
1970.000	0.059
1980.000	0.058
1990.000	0.059
2000.000	0.058
2010.000	0.058
2020.000	0.058
2030.000	0.058
2040.000	0.057
2050.000	0.058
2060.000	0.058
2070.000	0.059
2080.000	0.059
2090.000	0.059
2100.000	0.058
2110.000	0.059
2120.000	0.059
2130.000	0.058
2140.000	0.059
2150.000	0.058
2160.000	0.060
2170.000	0.060
2180.000	0.060
2190.000	0.061
2200.000	0.061
2210.000	0.061
2220.000	0.060
2230.000	0.060
2240.000	0.061
2250.000	0.060
2260.000	0.061
2270.000	0.061
2280.000	0.061
2290.000	0.061
2300.000	0.062
2310.000	0.061
2320.000	0.061
2330.000	0.062
2340.000	0.062
2350.000	0.062
2360.000	0.062
2370.000	0.061
2380.000	0.061
2390.000	0.061
2400.000	0.061
2410.000	0.061
2420.000	0.061
2430.000	0.061
2440.000	0.062
2450.000	0.062
2460.000	0.063
2470.000	0.062
2480.000	0.063
2490.000	0.062
2500.000	0.062
2510.000	0.062
2520.000	0.062
2530.000	0.063
2540.000	0.063
2550.000	0.062
2560.000	0.063
2570.000	0.062
2580.000	0.064
2590.000	0.064
2600.000	0.064
2610.000	0.064
2620.000	0.064
2630.000	0.064
2640.000	0.065
2650.000	0.065
2660.000	0.065
2670.000	0.064
2680.000	0.064
2690.000	0.064
2700.000	0.063
2710.000	0.064
2720.000	0.064
2730.000	0.065
2740.000	0.064
2750.000	0.065
2760.000	0.064
2770.000	0.064
2780.000	0.065
2790.000	0.065
2800.000	0.064
2810.000	0.064
2820.000	0.065
2830.000	0.065
2840.000	0.065
2850.000	0.065
2860.000	0.065
2870.000	0.064
2880.000	0.065
2890.000	0.065
2900.000	0.066
2910.000	0.066
2920.000	0.067
2930.000	0.066
2940.000	0.066
2950.000	0.066
2960.000	0.067
2970.000	0.067
2980.000	0.068
2990.000	0.067
3000.000	0.067
3010.000	0.068
3020.000	0.068
3030.000	0.068
3040.000	0.067
3050.000	0.067
3060.000	0.067
3070.000	0.067
3080.000	0.068
3090.000	0.068
3100.000	0.068
3110.000	0.067
3120.000	0.068
3130.000	0.067
3140.000	0.068
3150.000	0.068
3160.000	0.068
3170.000	0.068
3180.000	0.067
3190.000	0.068
3200.000	0.069
3210.000	0.069
3220.000	0.069
3230.000	0.069
3240.000	0.068
3250.000	0.068
3260.000	0.069
3270.000	0.068
3280.000	0.069
3290.000	0.068
3300.000	0.069
3310.000	0.069
3320.000	0.070
3330.000	0.069
3340.000	0.070
3350.000	0.070
3360.000	0.069
3370.000	0.070
3380.000	0.070
3390.000	0.070
3400.000	0.070
3410.000	0.071
3420.000	0.070
3430.000	0.071
3440.000	0.071
3450.000	0.071
3460.000	0.071
3470.000	0.071
3480.000	0.072
3490.000	0.070
3500.000	0.070
3510.000	0.070
3520.000	0.071
3530.000	0.071
3540.000	0.071
3550.000	0.071
3560.000	0.071
3570.000	0.072
3580.000	0.071
3590.000	0.071
3600.000	0.072
3610.000	0.071
3620.000	0.072
3630.000	0.071
3640.000	0.072
3650.000	0.072
3660.000	0.072
3670.000	0.072
3680.000	0.072
3690.000	0.072
3700.000	0.073
3710.000	0.072
3720.000	0.073
3730.000	0.073
3740.000	0.074
3750.000	0.073
3760.000	0.073
3770.000	0.073
3780.000	0.074
3790.000	0.074
3800.000	0.074
3810.000	0.075
3820.000	0.074
3830.000	0.075
3840.000	0.074
3850.000	0.074
3860.000	0.074
3870.000	0.074
3880.000	0.074
3890.000	0.074
3900.000	0.074
3910.000	0.074
3920.000	0.075
3930.000	0.074
3940.000	0.074
3950.000	0.074
3960.000	0.074
3970.000	0.075
3980.000	0.074
3990.000	0.074
4000.000	0.074
4010.000	0.075
4020.000	0.075
4030.000	0.073
4040.000	0.075
4050.000	0.075
4060.000	0.075
4070.000	0.076
4080.000	0.075
4090.000	0.075
4100.000	0.075
4110.000	0.076
4120.000	0.076
4130.000	0.076
4140.000	0.077
4150.000	0.077
4160.000	0.077
4170.000	0.076
4180.000	0.077
4190.000	0.077
4200.000	0.077
4210.000	0.077
4220.000	0.077
4230.000	0.077
4240.000	0.077
4250.000	0.078
4260.000	0.078
4270.000	0.077
4280.000	0.077
4290.000	0.077
4300.000	0.078
4310.000	0.078
4320.000	0.077
4330.000	0.078
4340.000	0.078
4350.000	0.078
4360.000	0.077
4370.000	0.077
4380.000	0.078
4390.000	0.078
4400.000	0.077
4410.000	0.078
4420.000	0.079
4430.000	0.078
4440.000	0.078
4450.000	0.078
4460.000	0.079
4470.000	0.078
4480.000	0.079
4490.000	0.079
4500.000	0.079
4510.000	0.078
4520.000	0.079
4530.000	0.079
4540.000	0.080
4550.000	0.079
4560.000	0.080
4570.000	0.080
4580.000	0.080
4590.000	0.080
4600.000	0.079
4610.000	0.080
4620.000	0.081
4630.000	0.080
4640.000	0.081
4650.000	0.081
4660.000	0.081
4670.000	0.081
4680.000	0.080
4690.000	0.080
4700.000	0.081
4710.000	0.081
4720.000	0.082
4730.000	0.081
4740.000	0.082
4750.000	0.082
4760.000	0.081
4770.000	0.081
4780.000	0.081
4790.000	0.082
4800.000	0.082
4810.000	0.082
4820.000	0.082
4830.000	0.081
4840.000	0.082
4850.000	0.083
4860.000	0.082
4870.000	0.082
4880.000	0.083
4890.000	0.082
4900.000	0.083
4910.000	0.082
4920.000	0.082
4930.000	0.083
4940.000	0.083
4950.000	0.082
4960.000	0.083
4970.000	0.083
4980.000	0.083
4990.000	0.083
5000.000	0.083
5010.000	0.084
5020.000	0.084
5030.000	0.083
5040.000	0.083
5050.000	0.084
5060.000	0.084
5070.000	0.084
5080.000	0.083
5090.000	0.083
5100.000	0.083
5110.000	0.084
5120.000	0.084
5130.000	0.083
5140.000	0.084
5150.000	0.084
5160.000	0.084
5170.000	0.084
5180.000	0.083
5190.000	0.082
5200.000	0.082
5210.000	0.082
5220.000	0.082
5230.000	0.082
5240.000	0.082
5250.000	0.082
5260.000	0.083
5270.000	0.083
5280.000	0.083
5290.000	0.084
5300.000	0.084
5310.000	0.084
5320.000	0.084
5330.000	0.084
5340.000	0.084
5350.000	0.085
5360.000	0.084
5370.000	0.085
5380.000	0.085
5390.000	0.087
5400.000	0.086
5410.000	0.087
5420.000	0.088
5430.000	0.087
5440.000	0.087
5450.000	0.088
5460.000	0.088
5470.000	0.088
5480.000	0.087
5490.000	0.088
5500.000	0.088
5510.000	0.088
5520.000	0.087
5530.000	0.087
5540.000	0.088
5550.000	0.087
5560.000	0.087
5570.000	0.089
5580.000	0.088
5590.000	0.088
5600.000	0.087
5610.000	0.088
5620.000	0.088
5630.000	0.089
5640.000	0.089
5650.000	0.089
5660.000	0.089
5670.000	0.090
5680.000	0.089
5690.000	0.090
5700.000	0.090
5710.000	0.090
5720.000	0.091
5730.000	0.089
5740.000	0.090
5750.000	0.090
5760.000	0.090
5770.000	0.090
5780.000	0.090
5790.000	0.090
5800.000	0.091
5810.000	0.092
5820.000	0.092
5830.000	0.092
5840.000	0.092
5850.000	0.092
5860.000	0.092
5870.000	0.092
5880.000	0.091
5890.000	0.092
5900.000	0.092
5910.000	0.091
5920.000	0.092
5930.000	0.091
5940.000	0.092
5950.000	0.091
5960.000	0.092
5970.000	0.091
5980.000	0.092
5990.000	0.093
6000.000	0.092
6010.000	0.092
6020.000	0.092
6030.000	0.092
6040.000	0.092
6050.000	0.093
6060.000	0.093
6070.000	0.094
6080.000	0.093
6090.000	0.094
6100.000	0.095
6110.000	0.094
6120.000	0.095
6130.000	0.094
6140.000	0.093
6150.000	0.094
6160.000	0.095
6170.000	0.095
6180.000	0.095
6190.000	0.095
6200.000	0.095
6210.000	0.096
6220.000	0.096
6230.000	0.096
6240.000	0.096
6250.000	0.097
6260.000	0.095
6270.000	0.095
6280.000	0.095
6290.000	0.096
6300.000	0.096
6310.000	0.095
6320.000	0.095
6330.000	0.096
6340.000	0.096
6350.000	0.096
6360.000	0.096
6370.000	0.096
6380.000	0.097
6390.000	0.096
6400.000	0.096
6410.000	0.097
6420.000	0.096
6430.000	0.097
6440.000	0.096
6450.000	0.097
6460.000	0.096
6470.000	0.097
6480.000	0.097
6490.000	0.098
6500.000	0.098
6510.000	0.098
6520.000	0.097
6530.000	0.098
6540.000	0.097
6550.000	0.098
6560.000	0.098
6570.000	0.098
6580.000	0.099
6590.000	0.099
6600.000	0.098
6610.000	0.099
6620.000	0.099
6630.000	0.098
6640.000	0.099
6650.000	0.099
6660.000	0.099
6670.000	0.099
6680.000	0.099
6690.000	0.099
6700.000	0.098
6710.000	0.099
6720.000	0.100
6730.000	0.099
6740.000	0.100
6750.000	0.099
6760.000	0.100
6770.000	0.099
6780.000	0.100
6790.000	0.100
6800.000	0.101
6810.000	0.100
6820.000	0.100
6830.000	0.100
6840.000	0.100
6850.000	0.100
6860.000	0.100
6870.000	0.100
6880.000	0.101
6890.000	0.100
6900.000	0.101
6910.000	0.101
6920.000	0.101
6930.000	0.102
6940.000	0.101
6950.000	0.101
6960.000	0.102
6970.000	0.101
6980.000	0.102
6990.000	0.101
7000.000	0.102
7010.000	0.102
7020.000	0.102
7030.000	0.103
7040.000	0.102
7050.000	0.102
7060.000	0.102
7070.000	0.101
7080.000	0.102
7090.000	0.103
7100.000	0.103
7110.000	0.103
7120.000	0.103
7130.000	0.103
7140.000	0.102
7150.000	0.103
7160.000	0.102
7170.000	0.103
7180.000	0.102
7190.000	0.102
7200.000	0.103
7210.000	0.103
7220.000	0.103
7230.000	0.103
7240.000	0.103
7250.000	0.103
7260.000	0.103
7270.000	0.103
7280.000	0.103
7290.000	0.103
7300.000	0.102
7310.000	0.104
7320.000	0.105
7330.000	0.104
7340.000	0.104
7350.000	0.104
7360.000	0.105
7370.000	0.104
7380.000	0.105
7390.000	0.105
7400.000	0.104
7410.000	0.106
7420.000	0.106
7430.000	0.106
7440.000	0.106
7450.000	0.106
7460.000	0.106
7470.000	0.107
7480.000	0.106
7490.000	0.106
7500.000	0.106
7510.000	0.106
7520.000	0.105
7530.000	0.105
7540.000	0.107
7550.000	0.106
7560.000	0.107
7570.000	0.107
7580.000	0.106
7590.000	0.107
7600.000	0.107
7610.000	0.106
7620.000	0.107
7630.000	0.106
7640.000	0.107
7650.000	0.107
7660.000	0.107
7670.000	0.107
7680.000	0.109
7690.000	0.108
7700.000	0.108
7710.000	0.109
7720.000	0.109
7730.000	0.108
7740.000	0.108
7750.000	0.108
7760.000	0.108
7770.000	0.108
7780.000	0.108
7790.000	0.108
7800.000	0.109
7810.000	0.109
7820.000	0.109
7830.000	0.109
7840.000	0.109
7850.000	0.109
7860.000	0.109
7870.000	0.110
7880.000	0.109
7890.000	0.109
7900.000	0.109
7910.000	0.110
7920.000	0.111
7930.000	0.110
7940.000	0.110
7950.000	0.110
7960.000	0.109
7970.000	0.110
7980.000	0.109
7990.000	0.111
8000.000	0.110
8010.000	0.110
8020.000	0.109
8030.000	0.109
8040.000	0.110
8050.000	0.109
8060.000	0.110
8070.000	0.110
8080.000	0.111
8090.000	0.110
8100.000	0.111
8110.000	0.111
8120.000	0.111
8130.000	0.111
8140.000	0.110
8150.000	0.112
8160.000	0.111
8170.000	0.110
8180.000	0.111
8190.000	0.112
8200.000	0.112
8210.000	0.112
8220.000	0.112
8230.000	0.113
8240.000	0.112
8250.000	0.112
8260.000	0.113
8270.000	0.113
8280.000	0.114
8290.000	0.112
8300.000	0.112
8310.000	0.112
8320.000	0.113
8330.000	0.113
8340.000	0.112
8350.000	0.112
8360.000	0.112
8370.000	0.113
8380.000	0.112
8390.000	0.113
8400.000	0.112
8410.000	0.113
8420.000	0.113
8430.000	0.113
8440.000	0.113
8450.000	0.113
8460.000	0.113
8470.000	0.114
8480.000	0.113
8490.000	0.114
8500.000	0.114
8510.000	0.114
8520.000	0.115
8530.000	0.114
8540.000	0.115
8550.000	0.114
8560.000	0.115
8570.000	0.114
8580.000	0.116
8590.000	0.115
8600.000	0.116
8610.000	0.116
8620.000	0.116
8630.000	0.117
8640.000	0.116
8650.000	0.116
8660.000	0.116
8670.000	0.115
8680.000	0.117
8690.000	0.116
8700.000	0.115
8710.000	0.116
8720.000	0.116
8730.000	0.116
8740.000	0.116
8750.000	0.116
8760.000	0.115
8770.000	0.116
8780.000	0.116
8790.000	0.117
8800.000	0.117
8810.000	0.117
8820.000	0.117
8830.000	0.117
8840.000	0.116
8850.000	0.117
8860.000	0.116
8870.000	0.117
8880.000	0.117
8890.000	0.118
8900.000	0.118
8910.000	0.117
8920.000	0.119
8930.000	0.117
8940.000	0.118
8950.000	0.117
8960.000	0.118
8970.000	0.117
8980.000	0.118
8990.000	0.117
9000.000	0.118
9010.000	0.119
9020.000	0.119
9030.000	0.118
9040.000	0.118
9050.000	0.118
9060.000	0.118
9070.000	0.120
9080.000	0.120
9090.000	0.120
9100.000	0.119
9110.000	0.119
9120.000	0.119
9130.000	0.119
9140.000	0.118
9150.000	0.119
9160.000	0.119
9170.000	0.120
9180.000	0.120
9190.000	0.120
9200.000	0.119
9210.000	0.119
9220.000	0.120
9230.000	0.119
9240.000	0.120
9250.000	0.120
9260.000	0.119
9270.000	0.120
9280.000	0.120
9290.000	0.119
9300.000	0.120
9310.000	0.120
9320.000	0.120
9330.000	0.121
9340.000	0.121
9350.000	0.122
9360.000	0.122
9370.000	0.121
9380.000	0.121
9390.000	0.121
9400.000	0.122
9410.000	0.123
9420.000	0.122
9430.000	0.122
9440.000	0.122
9450.000	0.123
9460.000	0.122
9470.000	0.121
9480.000	0.122
9490.000	0.122
9500.000	0.122
9510.000	0.122
9520.000	0.122
9530.000	0.122
9540.000	0.121
9550.000	0.120
9560.000	0.122
9570.000	0.122
9580.000	0.122
9590.000	0.122
9600.000	0.122
9610.000	0.121
9620.000	0.123
9630.000	0.123
9640.000	0.123
9650.000	0.123
9660.000	0.123
9670.000	0.122
9680.000	0.123
9690.000	0.123
9700.000	0.124
9710.000	0.124
9720.000	0.122
9730.000	0.124
9740.000	0.123
9750.000	0.124
9760.000	0.125
9770.000	0.124
9780.000	0.124
9790.000	0.123
9800.000	0.125
9810.000	0.124
9820.000	0.124
9830.000	0.124
9840.000	0.126
9850.000	0.126
9860.000	0.125
9870.000	0.126
9880.000	0.125
9890.000	0.125
9900.000	0.125
9910.000	0.124
9920.000	0.124
9930.000	0.125
9940.000	0.124
9950.000	0.126
9960.000	0.125
9970.000	0.125
9980.000	0.124
9990.000	0.125
10000.000	0.125
10010.000	0.125
10020.000	0.126
10030.000	0.126
10040.000	0.126
10050.000	0.126
10060.000	0.126
10070.000	0.127
10080.000	0.126
10090.000	0.126
10100.000	0.127
10110.000	0.127
10120.000	0.127
10130.000	0.128
10140.000	0.128
10150.000	0.128
10160.000	0.127
10170.000	0.128
10180.000	0.128
10190.000	0.129
10200.000	0.129
10210.000	0.129
10220.000	0.128
10230.000	0.129
10240.000	0.127
10250.000	0.128
10260.000	0.128
10270.000	0.127
10280.000	0.127
10290.000	0.128
10300.000	0.127
10310.000	0.128
10320.000	0.128
10330.000	0.129
10340.000	0.128
10350.000	0.128
10360.000	0.129
10370.000	0.128
10380.000	0.127
10390.000	0.128
10400.000	0.129
10410.000	0.129
10420.000	0.128
10430.000	0.128
10440.000	0.128
10450.000	0.128
10460.000	0.129
10470.000	0.130
10480.000	0.130
10490.000	0.130
10500.000	0.130
10510.000	0.130
10520.000	0.130
10530.000	0.130
10540.000	0.130
10550.000	0.130
10560.000	0.130
10570.000	0.131
10580.000	0.130
10590.000	0.130
10600.000	0.130
10610.000	0.131
10620.000	0.131
10630.000	0.132
10640.000	0.132
10650.000	0.131
10660.000	0.131
10670.000	0.131
10680.000	0.131
10690.000	0.132
10700.000	0.130
10710.000	0.130
10720.000	0.131
10730.000	0.131
10740.000	0.130
10750.000	0.131
10760.000	0.131
10770.000	0.131
10780.000	0.131
10790.000	0.132
10800.000	0.132
10810.000	0.132
10820.000	0.132
10830.000	0.132
10840.000	0.132
10850.000	0.131
10860.000	0.132
10870.000	0.132
10880.000	0.133
10890.000	0.133
10900.000	0.133
10910.000	0.133
10920.000	0.133
10930.000	0.133
10940.000	0.133
10950.000	0.133
10960.000	0.134
10970.000	0.134
10980.000	0.133
10990.000	0.133
11000.000	0.132
11010.000	0.133
11020.000	0.135
11030.000	0.134
11040.000	0.135
11050.000	0.135
11060.000	0.134
11070.000	0.134
11080.000	0.134
11090.000	0.134
11100.000	0.134
11110.000	0.133
11120.000	0.134
11130.000	0.134
11140.000	0.133
11150.000	0.133
11160.000	0.133
11170.000	0.133
11180.000	0.135
11190.000	0.134
11200.000	0.134
11210.000	0.134
11220.000	0.134
11230.000	0.135
11240.000	0.135
11250.000	0.137
11260.000	0.135
11270.000	0.135
11280.000	0.135
11290.000	0.135
11300.000	0.135
11310.000	0.136
11320.000	0.136
11330.000	0.137
11340.000	0.135
11350.000	0.135
11360.000	0.135
11370.000	0.136
11380.000	0.136
11390.000	0.137
11400.000	0.135
11410.000	0.136
11420.000	0.136
11430.000	0.137
11440.000	0.137
11450.000	0.136
11460.000	0.137
11470.000	0.137
11480.000	0.137
11490.000	0.136
11500.000	0.136
11510.000	0.137
11520.000	0.137
11530.000	0.139
11540.000	0.137
11550.000	0.136
11560.000	0.137
11570.000	0.137
11580.000	0.137
11590.000	0.138
11600.000	0.137
11610.000	0.137
11620.000	0.137
11630.000	0.138
11640.000	0.138
11650.000	0.138
11660.000	0.137
11670.000	0.139
11680.000	0.138
11690.000	0.138
11700.000	0.137
11710.000	0.138
11720.000	0.139
11730.000	0.138
11740.000	0.138
11750.000	0.139
11760.000	0.139
11770.000	0.138
11780.000	0.138
11790.000	0.138
11800.000	0.139
11810.000	0.139
11820.000	0.139
11830.000	0.139
11840.000	0.139
11850.000	0.139
11860.000	0.140
11870.000	0.139
11880.000	0.140
11890.000	0.139
11900.000	0.139
11910.000	0.139
11920.000	0.139
11930.000	0.138
11940.000	0.139
11950.000	0.141
11960.000	0.140
11970.000	0.139
11980.000	0.139
11990.000	0.139
12000.000	0.140
12010.000	0.140
12020.000	0.141
12030.000	0.140
12040.000	0.140
12050.000	0.141
12060.000	0.140
12070.000	0.140
12080.000	0.139
12090.000	0.140
12100.000	0.142
12110.000	0.142
12120.000	0.140
12130.000	0.141
12140.000	0.141
12150.000	0.142
12160.000	0.142
12170.000	0.142
12180.000	0.141
12190.000	0.141
12200.000	0.142
12210.000	0.141
12220.000	0.141
12230.000	0.141
12240.000	0.141
12250.000	0.141
12260.000	0.141
12270.000	0.142
12280.000	0.141
12290.000	0.140
12300.000	0.141
12310.000	0.141
12320.000	0.141
12330.000	0.142
12340.000	0.141
12350.000	0.141
12360.000	0.142
12370.000	0.142
12380.000	0.141
12390.000	0.142
12400.000	0.142
12410.000	0.142
12420.000	0.142
12430.000	0.142
12440.000	0.143
12450.000	0.142
12460.000	0.141
12470.000	0.143
12480.000	0.142
12490.000	0.143
12500.000	0.142
12510.000	0.142
12520.000	0.143
12530.000	0.144
12540.000	0.144
12550.000	0.143
12560.000	0.143
12570.000	0.144
12580.000	0.144
12590.000	0.143
12600.000	0.143
12610.000	0.143
12620.000	0.143
12630.000	0.144
12640.000	0.144
12650.000	0.144
12660.000	0.144
12670.000	0.143
12680.000	0.144
12690.000	0.144
12700.000	0.144
12710.000	0.144
12720.000	0.144
12730.000	0.144
12740.000	0.144
12750.000	0.145
12760.000	0.144
12770.000	0.144
12780.000	0.145
12790.000	0.145
12800.000	0.145
12810.000	0.144
12820.000	0.145
12830.000	0.145
12840.000	0.144
12850.000	0.145
12860.000	0.146
12870.000	0.146
12880.000	0.145
12890.000	0.145
12900.000	0.146
12910.000	0.145
12920.000	0.146
12930.000	0.144
12940.000	0.146
12950.000	0.146
12960.000	0.145
12970.000	0.146
12980.000	0.145
12990.000	0.146
13000.000	0.146
13010.000	0.146
13020.000	0.147
13030.000	0.147
13040.000	0.147
13050.000	0.147
13060.000	0.147
13070.000	0.146
13080.000	0.146
13090.000	0.146
13100.000	0.146
13110.000	0.146
13120.000	0.147
13130.000	0.147
13140.000	0.146
13150.000	0.147
13160.000	0.146
13170.000	0.147
13180.000	0.147
13190.000	0.146
13200.000	0.147
13210.000	0.147
13220.000	0.148
13230.000	0.148
13240.000	0.147
13250.000	0.148
13260.000	0.147
13270.000	0.146
13280.000	0.147
13290.000	0.147
13300.000	0.148
13310.000	0.148
13320.000	0.148
13330.000	0.148
13340.000	0.148
13350.000	0.148
13360.000	0.148
13370.000	0.148
13380.000	0.147
13390.000	0.148
13400.000	0.148
13410.000	0.148
13420.000	0.149
13430.000	0.149
13440.000	0.149
13450.000	0.149
13460.000	0.150
13470.000	0.149
13480.000	0.149
13490.000	0.148
13500.000	0.148
13510.000	0.147
13520.000	0.148
13530.000	0.149
13540.000	0.150
13550.000	0.150
13560.000	0.150
13570.000	0.150
13580.000	0.150
13590.000	0.149
13600.000	0.148
13610.000	0.148
13620.000	0.147
13630.000	0.147
13640.000	0.147
13650.000	0.148
13660.000	0.149
13670.000	0.150
13680.000	0.151
13690.000	0.152
13700.000	0.152
13710.000	0.152
13720.000	0.152
13730.000	0.151
13740.000	0.150
13750.000	0.149
13760.000	0.150
13770.000	0.148
13780.000	0.150
13790.000	0.151
13800.000	0.151
13810.000	0.151
13820.000	0.152
13830.000	0.152
13840.000	0.153
13850.000	0.153
13860.000	0.154
13870.000	0.152
13880.000	0.152
13890.000	0.151
13900.000	0.149
13910.000	0.149
13920.000	0.148
13930.000	0.150
13940.000	0.151
13950.000	0.151
13960.000	0.152
13970.000	0.152
13980.000	0.154
13990.000	0.155
14000.000	0.156
14010.000	0.156
14020.000	0.155
14030.000	0.154
14040.000	0.153
14050.000	0.152
14060.000	0.149
14070.000	0.150
14080.000	0.150
14090.000	0.151
14100.000	0.151
14110.000	0.152
14120.000	0.153
14130.000	0.153
14140.000	0.153
14150.000	0.155
14160.000	0.157
14170.000	0.157
14180.000	0.156
14190.000	0.156
14200.000	0.156
14210.000	0.153
14220.000	0.152
14230.000	0.152
14240.000	0.150
14250.000	0.151
14260.000	0.151
14270.000	0.153
14280.000	0.152
14290.000	0.155
14300.000	0.155
14310.000	0.155
14320.000	0.157
14330.000	0.157
14340.000	0.159
14350.000	0.159
14360.000	0.159
14370.000	0.159
14380.000	0.157
14390.000	0.155
14400.000	0.155
14410.000	0.152
14420.000	0.153
14430.000	0.152
14440.000	0.154
14450.000	0.153
14460.000	0.154
14470.000	0.153
14480.000	0.154
14490.000	0.156
14500.000	0.157
14510.000	0.157
14520.000	0.158
14530.000	0.159
14540.000	0.160
14550.000	0.161
14560.000	0.160
14570.000	0.158
14580.000	0.156
14590.000	0.154
14600.000	0.152
14610.000	0.152
14620.000	0.151
14630.000	0.152
14640.000	0.153
14650.000	0.154
14660.000	0.156
14670.000	0.157
14680.000	0.157
14690.000	0.158
14700.000	0.158
14710.000	0.160
14720.000	0.160
14730.000	0.163
14740.000	0.163
14750.000	0.164
14760.000	0.163
14770.000	0.161
14780.000	0.159
14790.000	0.157
14800.000	0.153
14810.000	0.151
14820.000	0.151
14830.000	0.152
14840.000	0.152
14850.000	0.153
14860.000	0.154
14870.000	0.156
14880.000	0.156
14890.000	0.157
14900.000	0.160
14910.000	0.162
14920.000	0.162
14930.000	0.162
14940.000	0.163
14950.000	0.165
14960.000	0.165
14970.000	0.164
14980.000	0.164
14990.000	0.163
15000.000	0.161
15010.000	0.157
15020.000	0.154
15030.000	0.152
15040.000	0.152
15050.000	0.152
15060.000	0.154
15070.000	0.155
15080.000	0.154
15090.000	0.156
15100.000	0.159
15110.000	0.159
15120.000	0.161
15130.000	0.161
15140.000	0.162
15150.000	0.161
15160.000	0.162
15170.000	0.164
15180.000	0.165
15190.000	0.166
15200.000	0.167
15210.000	0.165
15220.000	0.161
15230.000	0.159
15240.000	0.156
15250.000	0.153
15260.000	0.151
15270.000	0.152
15280.000	0.152
15290.000	0.153
15300.000	0.155
15310.000	0.156
15320.000	0.159
15330.000	0.158
15340.000	0.160
15350.000	0.161
15360.000	0.162
15370.000	0.164
15380.000	0.165
15390.000	0.166
15400.000	0.167
15410.000	0.168
15420.000	0.170
15430.000	0.170
15440.000	0.171
15450.000	0.170
15460.000	0.166
15470.000	0.163
15480.000	0.158
15490.000	0.156
15500.000	0.153
15510.000	0.153
15520.000	0.155
15530.000	0.154
15540.000	0.155
15550.000	0.156
15560.000	0.157
15570.000	0.158
15580.000	0.160
15590.000	0.161
15600.000	0.164
15610.000	0.165
15620.000	0.169
15630.000	0.169
15640.000	0.170
15650.000	0.171
15660.000	0.172
15670.000	0.173
15680.000	0.175
15690.000	0.175
15700.000	0.172
15710.000	0.168
15720.000	0.164
15730.000	0.158
15740.000	0.154
15750.000	0.153
15760.000	0.154
15770.000	0.154
15780.000	0.155
15790.000	0.157
15800.000	0.158
15810.000	0.159
15820.000	0.160
15830.000	0.161
15840.000	0.163
15850.000	0.165
15860.000	0.164
15870.000	0.166
15880.000	0.167
15890.000	0.167
15900.000	0.169
15910.000	0.170
15920.000	0.171
15930.000	0.173
15940.000	0.175
15950.000	0.177
15960.000	0.177
15970.000	0.175
15980.000	0.171
15990.000	0.168
16000.000	0.161
16010.000	0.158
16020.000	0.154
16030.000	0.153
16040.000	0.153
16050.000	0.152
16060.000	0.153
16070.000	0.156
16080.000	0.158
16090.000	0.159
16100.000	0.162
16110.000	0.164
16120.000	0.166
16130.000	0.168
16140.000	0.169
16150.000	0.172
16160.000	0.174
16170.000	0.176
16180.000	0.177
16190.000	0.178
16200.000	0.179
16210.000	0.181
16220.000	0.181
16230.000	0.180
16240.000	0.180
16250.000	0.176
16260.000	0.171
16270.000	0.165
16280.000	0.159
16290.000	0.155
16300.000	0.153
16310.000	0.154
16320.000	0.154
16330.000	0.156
16340.000	0.157
16350.000	0.159
16360.000	0.160
16370.000	0.163
16380.000	0.163
16390.000	0.165
16400.000	0.167
16410.000	0.170
16420.000	0.169
16430.000	0.171
16440.000	0.171
16450.000	0.172
16460.000	0.174
16470.000	0.176
16480.000	0.177
16490.000	0.179
16500.000	0.181
16510.000	0.183
16520.000	0.185
16530.000	0.184
16540.000	0.182
16550.000	0.177
16560.000	0.172
16570.000	0.165
16580.000	0.161
16590.000	0.157
16600.000	0.156
16610.000	0.156
16620.000	0.158
16630.000	0.161
16640.000	0.161
16650.000	0.162
16660.000	0.163
16670.000	0.165
16680.000	0.166
16690.000	0.167
16700.000	0.169
16710.000	0.169
16720.000	0.174
16730.000	0.176
16740.000	0.178
16750.000	0.182
16760.000	0.183
16770.000	0.183
16780.000	0.185
16790.000	0.188
16800.000	0.189
16810.000	0.190
16820.000	0.193
16830.000	0.193
16840.000	0.192
16850.000	0.187
16860.000	0.179
16870.000	0.171
16880.000	0.162
16890.000	0.156
16900.000	0.154
16910.000	0.154
16920.000	0.155
16930.000	0.158
16940.000	0.158
16950.000	0.158
16960.000	0.162
16970.000	0.163
16980.000	0.165
16990.000	0.168
17000.000	0.170
17010.000	0.173
17020.000	0.176
17030.000	0.177
17040.000	0.181
17050.000	0.183
17060.000	0.185
17070.000	0.187
17080.000	0.189
17090.000	0.189
17100.000	0.190
17110.000	0.189
17120.000	0.189
17130.000	0.192
17140.000	0.193
17150.000	0.194
17160.000	0.193
17170.000	0.190
17180.000	0.182
17190.000	0.172
17200.000	0.163
17210.000	0.157
17220.000	0.155
17230.000	0.155
17240.000	0.157
17250.000	0.159
17260.000	0.162
17270.000	0.167
17280.000	0.169
17290.000	0.171
17300.000	0.171
17310.000	0.173
17320.000	0.176
17330.000	0.176
17340.000	0.177
17350.000	0.178
17360.000	0.180
17370.000	0.181
17380.000	0.183
17390.000	0.187
17400.000	0.189
17410.000	0.192
17420.000	0.195
17430.000	0.198
17440.000	0.201
17450.000	0.203
17460.000	0.205
17470.000	0.207
17480.000	0.206
17490.000	0.205
17500.000	0.199
17510.000	0.192
17520.000	0.180
17530.000	0.169
17540.000	0.164
17550.000	0.160
17560.000	0.159
17570.000	0.161
17580.000	0.163
17590.000	0.164
17600.000	0.164
17610.000	0.166
17620.000	0.167
17630.000	0.169
17640.000	0.172
17650.000	0.175
17660.000	0.179
17670.000	0.183
17680.000	0.185
17690.000	0.186
17700.000	0.185
17710.000	0.186
17720.000	0.186
17730.000	0.190
17740.000	0.195
17750.000	0.198
17760.000	0.198
17770.000	0.198
17780.000	0.201
17790.000	0.202
17800.000	0.204
17810.000	0.209
17820.000	0.212
17830.000	0.214
17840.000	0.214
17850.000	0.208
17860.000	0.193
17870.000	0.180
17880.000	0.168
17890.000	0.158
17900.000	0.155
17910.000	0.155
17920.000	0.157
17930.000	0.159
17940.000	0.160
17950.000	0.162
17960.000	0.167
17970.000	0.169
17980.000	0.171
17990.000	0.173
18000.000	0.176
18010.000	0.180
18020.000	0.181
18030.000	0.182
18040.000	0.186
18050.000	0.189
18060.000	0.192
18070.000	0.195
18080.000	0.197
18090.000	0.199
18100.000	0.199
18110.000	0.202
18120.000	0.207
18130.000	0.210
18140.000	0.210
18150.000	0.213
18160.000	0.213
18170.000	0.213
18180.000	0.214
18190.000	0.212
18200.000	0.208
18210.000	0.202
18220.000	0.193
18230.000	0.181
18240.000	0.170
18250.000	0.164
18260.000	0.160
18270.000	0.158
18280.000	0.158
18290.000	0.159
18300.000	0.159
18310.000	0.161
18320.000	0.162
18330.000	0.166
18340.000	0.170
18350.000	0.174
18360.000	0.177
18370.000	0.180
18380.000	0.182
18390.000	0.183
18400.000	0.186
18410.000	0.189
18420.000	0.192
18430.000	0.196
18440.000	0.198
18450.000	0.199
18460.000	0.200
18470.000	0.201
18480.000	0.202
18490.000	0.206
18500.000	0.208
18510.000	0.212
18520.000	0.215
18530.000	0.218
18540.000	0.219
18550.000	0.219
18560.000	0.218
18570.000	0.215
18580.000	0.209
18590.000	0.196
18600.000	0.179
18610.000	0.166
18620.000	0.157
18630.000	0.153
18640.000	0.153
18650.000	0.154
18660.000	0.157
18670.000	0.163
18680.000	0.167
18690.000	0.169
18700.000	0.172
18710.000	0.175
18720.000	0.176
18730.000	0.179
18740.000	0.181
18750.000	0.182
18760.000	0.185
18770.000	0.185
18780.000	0.185
18790.000	0.187
18800.000	0.190
18810.000	0.191
18820.000	0.195
18830.000	0.197
18840.000	0.199
18850.000	0.202
18860.000	0.206
18870.000	0.209
18880.000	0.213
18890.000	0.215
18900.000	0.214
18910.000	0.216
18920.000	0.220
18930.000	0.224
18940.000	0.225
18950.000	0.224
18960.000	0.220
18970.000	0.211
18980.000	0.199
18990.000	0.181
19000.000	0.167
19010.000	0.156
19020.000	0.151
19030.000	0.152
19040.000	0.154
19050.000	0.156
19060.000	0.158
19070.000	0.159
19080.000	0.160
19090.000	0.164
19100.000	0.166
19110.000	0.169
19120.000	0.172
19130.000	0.174
19140.000	0.175
19150.000	0.180
19160.000	0.183
19170.000	0.186
19180.000	0.190
19190.000	0.191
19200.000	0.191
19210.000	0.193
19220.000	0.196
19230.000	0.199
19240.000	0.201
19250.000	0.204
19260.000	0.206
19270.000	0.208
19280.000	0.211
19290.000	0.216
19300.000	0.218
19310.000	0.221
19320.000	0.224
19330.000	0.227
19340.000	0.229
19350.000	0.229
19360.000	0.225
19370.000	0.213
19380.000	0.196
19390.000	0.175
19400.000	0.160
19410.000	0.152
19420.000	0.149
19430.000	0.149
19440.000	0.151
19450.000	0.153
19460.000	0.157
19470.000	0.159
19480.000	0.160
19490.000	0.162
19500.000	0.164
19510.000	0.167
19520.000	0.171
19530.000	0.175
19540.000	0.177
19550.000	0.177
19560.000	0.180
19570.000	0.183
19580.000	0.186
19590.000	0.190
19600.000	0.195
19610.000	0.202
19620.000	0.204
19630.000	0.205
19640.000	0.205
19650.000	0.205
19660.000	0.211
19670.000	0.215
19680.000	0.219
19690.000	0.223
19700.000	0.227
19710.000	0.231
19720.000	0.232
19730.000	0.232
19740.000	0.232
19750.000	0.231
19760.000	0.233
19770.000	0.229
19780.000	0.219
19790.000	0.200
19800.000	0.177
19810.000	0.158
19820.000	0.147
19830.000	0.142
19840.000	0.145
19850.000	0.148
19860.000	0.151
19870.000	0.153
19880.000	0.154
19890.000	0.158
19900.000	0.162
19910.000	0.167
19920.000	0.170
19930.000	0.174
19940.000	0.176
19950.000	0.177
19960.000	0.181
19970.000	0.182
19980.000	0.185
19990.000	0.187
20000.000	0.190
20010.000	0.191
20020.000	0.195
20030.000	0.198
20040.000	0.201
20050.000	0.202
20060.000	0.207
20070.000	0.211
20080.000	0.215
20090.000	0.218
20100.000	0.220
20110.000	0.221
20120.000	0.225
20130.000	0.227
20140.000	0.228
20150.000	0.231
20160.000	0.233
20170.000	0.236
20180.000	0.236
20190.000	0.236
20200.000	0.231
20210.000	0.219
20220.000	0.199
20230.000	0.176
20240.000	0.159
20250.000	0.149
20260.000	0.146
20270.000	0.146
20280.000	0.148
20290.000	0.150
20300.000	0.152
20310.000	0.156
20320.000	0.159
20330.000	0.162
20340.000	0.167
20350.000	0.173
20360.000	0.177
20370.000	0.179
20380.000	0.181
20390.000	0.184
20400.000	0.186
20410.000	0.190
20420.000	0.193
20430.000	0.195
20440.000	0.195
20450.000	0.196
20460.000	0.201
20470.000	0.204
20480.000	0.206
20490.000	0.210
20500.000	0.214
20510.000	0.218
20520.000	0.221
20530.000	0.224
20540.000	0.226
20550.000	0.227
20560.000	0.230
20570.000	0.231
20580.000	0.234
20590.000	0.236
20600.000	0.238
20610.000	0.240
20620.000	0.245
20630.000	0.244
20640.000	0.234
20650.000	0.220
20660.000	0.195
20670.000	0.170
20680.000	0.152
20690.000	0.145
20700.000	0.143
20710.000	0.144
20720.000	0.148
20730.000	0.151
20740.000	0.155
20750.000	0.159
20760.000	0.160
20770.000	0.163
20780.000	0.168
20790.000	0.171
20800.000	0.176
20810.000	0.178
20820.000	0.182
20830.000	0.186
20840.000	0.191
20850.000	0.195
20860.000	0.200
20870.000	0.201
20880.000	0.201
20890.000	0.203
20900.000	0.206
20910.000	0.209
20920.000	0.213
20930.000	0.217
20940.000	0.221
20950.000	0.224
20960.000	0.227
20970.000	0.228
20980.000	0.229
20990.000	0.229
21000.000	0.235
21010.000	0.237
21020.000	0.239
21030.000	0.240
21040.000	0.242
21050.000	0.244
21060.000	0.247
21070.000	0.250
21080.000	0.247
21090.000	0.238
21100.000	0.220
21110.000	0.194
21120.000	0.171
21130.000	0.154
21140.000	0.146
21150.000	0.144
21160.000	0.145
21170.000	0.148
21180.000	0.152
21190.000	0.157
21200.000	0.161
21210.000	0.167
21220.000	0.171
21230.000	0.175
21240.000	0.178
21250.000	0.181
21260.000	0.183
21270.000	0.187
21280.000	0.191
21290.000	0.193
21300.000	0.197
21310.000	0.202
21320.000	0.205
21330.000	0.207
21340.000	0.206
21350.000	0.208
21360.000	0.211
21370.000	0.215
21380.000	0.218
21390.000	0.223
21400.000	0.228
21410.000	0.233
21420.000	0.233
21430.000	0.236
21440.000	0.238
21450.000	0.242
21460.000	0.243
21470.000	0.248
21480.000	0.252
21490.000	0.253
21500.000	0.254
21510.000	0.252
21520.000	0.253
21530.000	0.257
21540.000	0.257
21550.000	0.255
21560.000	0.243
21570.000	0.220
21580.000	0.191
21590.000	0.165
21600.000	0.151
21610.000	0.147
21620.000	0.148
21630.000	0.151
21640.000	0.155
21650.000	0.158
21660.000	0.162
21670.000	0.165
21680.000	0.166
21690.000	0.170
21700.000	0.173
21710.000	0.180
21720.000	0.186
21730.000	0.192
21740.000	0.198
21750.000	0.202
21760.000	0.202
21770.000	0.205
21780.000	0.205
21790.000	0.207
21800.000	0.210
21810.000	0.212
21820.000	0.216
21830.000	0.220
21840.000	0.226
21850.000	0.230
21860.000	0.233
21870.000	0.237
21880.000	0.238
21890.000	0.240
21900.000	0.244
21910.000	0.250
21920.000	0.253
21930.000	0.255
21940.000	0.255
21950.000	0.258
21960.000	0.260
21970.000	0.262
21980.000	0.264
21990.000	0.270
22000.000	0.271
22010.000	0.272
22020.000	0.269
22030.000	0.260
22040.000	0.239
22050.000	0.206
22060.000	0.174
22070.000	0.155
22080.000	0.149
22090.000	0.148
22100.000	0.150
22110.000	0.153
22120.000	0.156
22130.000	0.159
22140.000	0.164
22150.000	0.169
22160.000	0.172
22170.000	0.177
22180.000	0.182
22190.000	0.188
22200.000	0.193
22210.000	0.199
22220.000	0.205
22230.000	0.208
22240.000	0.212
22250.000	0.214
22260.000	0.214
22270.000	0.216
22280.000	0.215
22290.000	0.219
22300.000	0.223
22310.000	0.227
22320.000	0.233
22330.000	0.238
22340.000	0.241
22350.000	0.244
22360.000	0.250
22370.000	0.253
22380.000	0.255
22390.000	0.256
22400.000	0.258
22410.000	0.261
22420.000	0.262
22430.000	0.264
22440.000	0.265
22450.000	0.264
22460.000	0.267
22470.000	0.267
22480.000	0.269
22490.000	0.271
22500.000	0.270
22510.000	0.266
22520.000	0.252
22530.000	0.228
22540.000	0.195
22550.000	0.169
22560.000	0.154
22570.000	0.149
22580.000	0.147
22590.000	0.152
22600.000	0.157
22610.000	0.162
22620.000	0.164
22630.000	0.166
22640.000	0.169
22650.000	0.172
22660.000	0.179
22670.000	0.184
22680.000	0.191
22690.000	0.194
22700.000	0.199
22710.000	0.204
22720.000	0.210
22730.000	0.214
22740.000	0.219
22750.000	0.221
22760.000	0.220
22770.000	0.218
22780.000	0.220
22790.000	0.226
22800.000	0.233
22810.000	0.238
22820.000	0.239
22830.000	0.239
22840.000	0.237
22850.000	0.239
22860.000	0.244
22870.000	0.247
22880.000	0.249
22890.000	0.255
22900.000	0.257
22910.000	0.261
22920.000	0.263
22930.000	0.265
22940.000	0.268
22950.000	0.273
22960.000	0.277
22970.000	0.276
22980.000	0.278
22990.000	0.281
23000.000	0.278
23010.000	0.271
23020.000	0.251
23030.000	0.221
23040.000	0.186
23050.000	0.160
23060.000	0.149
23070.000	0.146
23080.000	0.148
23090.000	0.154
23100.000	0.157
23110.000	0.160
23120.000	0.162
23130.000	0.164
23140.000	0.169
23150.000	0.173
23160.000	0.179
23170.000	0.183
23180.000	0.187
23190.000	0.189
23200.000	0.191
23210.000	0.195
23220.000	0.199
23230.000	0.203
23240.000	0.205
23250.000	0.206
23260.000	0.207
23270.000	0.206
23280.000	0.208
23290.000	0.212
23300.000	0.217
23310.000	0.224
23320.000	0.228
23330.000	0.231
23340.000	0.236
23350.000	0.239
23360.000	0.244
23370.000	0.249
23380.000	0.251
23390.000	0.252
23400.000	0.256
23410.000	0.259
23420.000	0.262
23430.000	0.264
23440.000	0.269
23450.000	0.273
23460.000	0.274
23470.000	0.274
23480.000	0.277
23490.000	0.278
23500.000	0.277
23510.000	0.274
23520.000	0.267
23530.000	0.250
23540.000	0.221
23550.000	0.185
23560.000	0.158
23570.000	0.146
23580.000	0.142
23590.000	0.143
23600.000	0.146
23610.000	0.150
23620.000	0.152
23630.000	0.156
23640.000	0.159
23650.000	0.162
23660.000	0.165
23670.000	0.169
23680.000	0.171
23690.000	0.175
23700.000	0.176
23710.000	0.179
23720.000	0.182
23730.000	0.186
23740.000	0.191
23750.000	0.195
23760.000	0.199
23770.000	0.205
23780.000	0.209
23790.000	0.208
23800.000	0.212
23810.000	0.217
23820.000	0.221
23830.000	0.225
23840.000	0.232
23850.000	0.234
23860.000	0.237
23870.000	0.240
23880.000	0.244
23890.000	0.249
23900.000	0.253
23910.000	0.255
23920.000	0.258
23930.000	0.260
23940.000	0.263
23950.000	0.265
23960.000	0.268
23970.000	0.272
23980.000	0.274
23990.000	0.275
24000.000	0.276
24010.000	0.275
24020.000	0.272
24030.000	0.269
24040.000	0.256
24050.000	0.233
24060.000	0.200
24070.000	0.165
24080.000	0.147
24090.000	0.139
24100.000	0.136
24110.000	0.137
24120.000	0.140
24130.000	0.143
24140.000	0.149
24150.000	0.152
24160.000	0.154
24170.000	0.156
24180.000	0.160
24190.000	0.165
24200.000	0.170
24210.000	0.174
24220.000	0.178
24230.000	0.181
24240.000	0.186
24250.000	0.191
24260.000	0.195
24270.000	0.199
24280.000	0.200
24290.000	0.203
24300.000	0.208
24310.000	0.211
24320.000	0.215
24330.000	0.218
24340.000	0.221
24350.000	0.223
24360.000	0.228
24370.000	0.232
24380.000	0.237
24390.000	0.242
24400.000	0.248
24410.000	0.252
24420.000	0.253
24430.000	0.257
24440.000	0.255
24450.000	0.259
24460.000	0.262
24470.000	0.264
24480.000	0.267
24490.000	0.265
24500.000	0.263
24510.000	0.261
24520.000	0.260
24530.000	0.257
24540.000	0.256
24550.000	0.256
24560.000	0.253
24570.000	0.243
24580.000	0.222
24590.000	0.193
24600.000	0.165
24610.000	0.148
24620.000	0.140
24630.000	0.138
24640.000	0.140
24650.000	0.143
24660.000	0.146
24670.000	0.150
24680.000	0.154
24690.000	0.158
24700.000	0.163
24710.000	0.167
24720.000	0.170
24730.000	0.173
24740.000	0.175
24750.000	0.179
24760.000	0.183
24770.000	0.186
24780.000	0.191
24790.000	0.195
24800.000	0.199
24810.000	0.203
24820.000	0.209
24830.000	0.214
24840.000	0.216
24850.000	0.219
24860.000	0.221
24870.000	0.226
24880.000	0.229
24890.000	0.232
24900.000	0.237
24910.000	0.240
24920.000	0.243
24930.000	0.247
24940.000	0.248
24950.000	0.252
24960.000	0.253
24970.000	0.255
24980.000	0.255
24990.000	0.252
25000.000	0.248
25010.000	0.244
25020.000	0.243
25030.000	0.244
25040.000	0.245
25050.000	0.249
25060.000	0.251
25070.000	0.253
25080.000	0.255
25090.000	0.253
25100.000	0.250
25110.000	0.240
25120.000	0.223
25130.000	0.193
25140.000	0.162
25150.000	0.147
25160.000	0.144
25170.000	0.145
25180.000	0.148
25190.000	0.151
25200.000	0.152
25210.000	0.156
25220.000	0.158
25230.000	0.163
25240.000	0.168
25250.000	0.172
25260.000	0.175
25270.000	0.180
25280.000	0.183
25290.000	0.185
25300.000	0.189
25310.000	0.191
25320.000	0.194
25330.000	0.199
25340.000	0.203
25350.000	0.208
25360.000	0.212
25370.000	0.217
25380.000	0.221
25390.000	0.224
25400.000	0.228
25410.000	0.230
25420.000	0.234
25430.000	0.235
25440.000	0.240
25450.000	0.241
25460.000	0.242
25470.000	0.243
25480.000	0.245
25490.000	0.244
25500.000	0.241
25510.000	0.236
25520.000	0.233
25530.000	0.232
25540.000	0.233
25550.000	0.235
25560.000	0.237
25570.000	0.240
25580.000	0.245
25590.000	0.249
25600.000	0.251
25610.000	0.254
25620.000	0.257
25630.000	0.257
25640.000	0.256
25650.000	0.254
25660.000	0.242
25670.000	0.221
25680.000	0.188
25690.000	0.163
25700.000	0.149
25710.000	0.146
25720.000	0.147
25730.000	0.151
25740.000	0.155
25750.000	0.158
25760.000	0.162
25770.000	0.167
25780.000	0.171
25790.000	0.175
25800.000	0.182
25810.000	0.186
25820.000	0.188
25830.000	0.191
25840.000	0.192
25850.000	0.195
25860.000	0.198
25870.000	0.200
25880.000	0.203
25890.000	0.206
25900.000	0.211
25910.000	0.216
25920.000	0.220
25930.000	0.224
25940.000	0.229
25950.000	0.230
25960.000	0.233
25970.000	0.231
25980.000	0.234
25990.000	0.238
26000.000	0.239
26010.000	0.238
26020.000	0.233
26030.000	0.225
26040.000	0.219
26050.000	0.220
26060.000	0.222
26070.000	0.223
26080.000	0.226
26090.000	0.230
26100.000	0.233
26110.000	0.237
26120.000	0.238
26130.000	0.242
26140.000	0.245
26150.000	0.246
26160.000	0.250
26170.000	0.251
26180.000	0.256
26190.000	0.259
26200.000	0.256
26210.000	0.249
26220.000	0.234
26230.000	0.207
26240.000	0.179
26250.000	0.164
26260.000	0.155
26270.000	0.155
26280.000	0.157
26290.000	0.161
26300.000	0.165
26310.000	0.169
26320.000	0.172
26330.000	0.176
26340.000	0.180
26350.000	0.184
26360.000	0.187
26370.000	0.192
26380.000	0.196
26390.000	0.199
26400.000	0.202
26410.000	0.203
26420.000	0.208
26430.000	0.209
26440.000	0.212
26450.000	0.216
26460.000	0.220
26470.000	0.221
26480.000	0.225
26490.000	0.229
26500.000	0.234
26510.000	0.236
26520.000	0.238
26530.000	0.237
26540.000	0.235
26550.000	0.227
26560.000	0.217
26570.000	0.210
26580.000	0.209
26590.000	0.212
26600.000	0.215
26610.000	0.218
26620.000	0.221
26630.000	0.224
26640.000	0.225
26650.000	0.228
26660.000	0.232
26670.000	0.233
26680.000	0.237
26690.000	0.241
26700.000	0.244
26710.000	0.248
26720.000	0.249
26730.000	0.255
26740.000	0.256
26750.000	0.258
26760.000	0.259
26770.000	0.256
26780.000	0.246
26790.000	0.229
26800.000	0.201
26810.000	0.176
26820.000	0.164
26830.000	0.160
26840.000	0.162
26850.000	0.165
26860.000	0.169
26870.000	0.174
26880.000	0.179
26890.000	0.182
26900.000	0.184
26910.000	0.187
26920.000	0.194
26930.000	0.197
26940.000	0.198
26950.000	0.202
26960.000	0.207
26970.000	0.212
26980.000	0.216
26990.000	0.219
27000.000	0.222
27010.000	0.226
27020.000	0.229
27030.000	0.232
27040.000	0.234
27050.000	0.235
27060.000	0.235
27070.000	0.231
27080.000	0.225
27090.000	0.214
27100.000	0.206
27110.000	0.202
27120.000	0.202
27130.000	0.202
27140.000	0.206
27150.000	0.212
27160.000	0.214
27170.000	0.217
27180.000	0.221
27190.000	0.225
27200.000	0.227
27210.000	0.228
27220.000	0.230
27230.000	0.234
27240.000	0.237
27250.000	0.239
27260.000	0.242
27270.000	0.246
27280.000	0.249
27290.000	0.253
27300.000	0.254
27310.000	0.254
27320.000	0.255
27330.000	0.255
27340.000	0.253
27350.000	0.248
27360.000	0.238
27370.000	0.217
27380.000	0.191
27390.000	0.175
27400.000	0.169
27410.000	0.167
27420.000	0.170
27430.000	0.173
27440.000	0.177
27450.000	0.181
27460.000	0.184
27470.000	0.189
27480.000	0.193
27490.000	0.195
27500.000	0.199
27510.000	0.200
27520.000	0.205
27530.000	0.209
27540.000	0.213
27550.000	0.217
27560.000	0.221
27570.000	0.224
27580.000	0.227
27590.000	0.228
27600.000	0.230
27610.000	0.228
27620.000	0.225
27630.000	0.218
27640.000	0.204
27650.000	0.194
27660.000	0.190
27670.000	0.190
27680.000	0.193
27690.000	0.197
27700.000	0.200
27710.000	0.203
27720.000	0.208
27730.000	0.210
27740.000	0.213
27750.000	0.217
27760.000	0.221
27770.000	0.225
27780.000	0.227
27790.000	0.230
27800.000	0.232
27810.000	0.232
27820.000	0.235
27830.000	0.238
27840.000	0.241
27850.000	0.242
27860.000	0.244
27870.000	0.246
27880.000	0.248
27890.000	0.250
27900.000	0.252
27910.000	0.255
27920.000	0.253
27930.000	0.249
27940.000	0.241
27950.000	0.225
27960.000	0.204
27970.000	0.186
27980.000	0.178
27990.000	0.175
28000.000	0.177
28010.000	0.180
28020.000	0.183
28030.000	0.188
28040.000	0.191
28050.000	0.193
28060.000	0.197
28070.000	0.201
28080.000	0.205
28090.000	0.210
28100.000	0.213
28110.000	0.216
28120.000	0.219
28130.000	0.221
28140.000	0.221
28150.000	0.225
28160.000	0.226
28170.000	0.222
28180.000	0.214
28190.000	0.202
28200.000	0.187
28210.000	0.180
28220.000	0.179
28230.000	0.181
28240.000	0.185
28250.000	0.188
28260.000	0.191
28270.000	0.194
28280.000	0.197
28290.000	0.198
28300.000	0.199
28310.000	0.202
28320.000	0.206
28330.000	0.209
28340.000	0.211
28350.000	0.215
28360.000	0.217
28370.000	0.218
28380.000	0.221
28390.000	0.226
28400.000	0.229
28410.000	0.231
28420.000	0.233
28430.000	0.235
28440.000	0.237
28450.000	0.239
28460.000	0.242
28470.000	0.245
28480.000	0.247
28490.000	0.248
28500.000	0.251
28510.000	0.253
28520.000	0.250
28530.000	0.242
28540.000	0.227
28550.000	0.208
28560.000	0.192
28570.000	0.185
28580.000	0.182
28590.000	0.183
28600.000	0.186
28610.000	0.190
28620.000	0.194
28630.000	0.198
28640.000	0.199
28650.000	0.202
28660.000	0.206
28670.000	0.208
28680.000	0.212
28690.000	0.215
28700.000	0.215
28710.000	0.216
28720.000	0.217
28730.000	0.215
28740.000	0.212
28750.000	0.201
28760.000	0.187
28770.000	0.175
28780.000	0.171
28790.000	0.170
28800.000	0.170
28810.000	0.173
28820.000	0.176
28830.000	0.179
28840.000	0.181
28850.000	0.184
28860.000	0.188
28870.000	0.192
28880.000	0.196
28890.000	0.199
28900.000	0.201
28910.000	0.203
28920.000	0.204
28930.000	0.206
28940.000	0.209
28950.000	0.212
28960.000	0.214
28970.000	0.218
28980.000	0.222
28990.000	0.226
29000.000	0.228
29010.000	0.231
29020.000	0.234
29030.000	0.235
29040.000	0.236
29050.000	0.239
29060.000	0.239
29070.000	0.242
29080.000	0.244
29090.000	0.247
29100.000	0.245
29110.000	0.246
29120.000	0.244
29130.000	0.236
29140.000	0.222
29150.000	0.206
29160.000	0.194
29170.000	0.192
29180.000	0.192
29190.000	0.193
29200.000	0.194
29210.000	0.197
29220.000	0.199
29230.000	0.201
29240.000	0.203
29250.000	0.207
29260.000	0.209
29270.000	0.211
29280.000	0.212
29290.000	0.213
29300.000	0.210
29310.000	0.202
29320.000	0.190
29330.000	0.174
29340.000	0.163
29350.000	0.160
29360.000	0.160
29370.000	0.162
29380.000	0.164
29390.000	0.167
29400.000	0.171
29410.000	0.173
29420.000	0.177
29430.000	0.180
29440.000	0.183
29450.000	0.186
29460.000	0.190
29470.000	0.193
29480.000	0.193
29490.000	0.197
29500.000	0.199
29510.000	0.204
29520.000	0.206
29530.000	0.207
29540.000	0.209
29550.000	0.210
29560.000	0.211
29570.000	0.215
29580.000	0.217
29590.000	0.219
29600.000	0.222
29610.000	0.224
29620.000	0.226
29630.000	0.227
29640.000	0.229
29650.000	0.231
29660.000	0.234
29670.000	0.236
29680.000	0.238
29690.000	0.239
29700.000	0.241
29710.000	0.241
29720.000	0.239
29730.000	0.235
29740.000	0.227
29750.000	0.214
29760.000	0.201
29770.000	0.196
29780.000	0.195
29790.000	0.196
29800.000	0.197
29810.000	0.197
29820.000	0.200
29830.000	0.201
29840.000	0.204
29850.000	0.206
29860.000	0.206
29870.000	0.206
29880.000	0.204
29890.000	0.198
29900.000	0.188
29910.000	0.173
29920.000	0.162
29930.000	0.158
29940.000	0.158
29950.000	0.160
29960.000	0.162
29970.000	0.164
29980.000	0.166
29990.000	0.169
30000.000	0.172
30010.000	0.173
30020.000	0.177
30030.000	0.179
30040.000	0.182
30050.000	0.184
30060.000	0.187
30070.000	0.189
30080.000	0.192
30090.000	0.193
30100.000	0.195
30110.000	0.197
30120.000	0.198
30130.000	0.199
30140.000	0.201
30150.000	0.204
30160.000	0.206
30170.000	0.207
30180.000	0.211
30190.000	0.213
30200.000	0.214
30210.000	0.216
30220.000	0.218
30230.000	0.220
30240.000	0.221
30250.000	0.224
30260.000	0.225
30270.000	0.228
30280.000	0.229
30290.000	0.230
30300.000	0.231
30310.000	0.232
30320.000	0.233
30330.000	0.231
30340.000	0.228
30350.000	0.223
30360.000	0.213
30370.000	0.206
30380.000	0.199
30390.000	0.197
30400.000	0.198
30410.000	0.199
30420.000	0.201
30430.000	0.203
30440.000	0.203
30450.000	0.203
30460.000	0.203
30470.000	0.199
30480.000	0.189
30490.000	0.176
30500.000	0.162
30510.000	0.156
30520.000	0.154
30530.000	0.156
30540.000	0.158
30550.000	0.160
30560.000	0.162
30570.000	0.165
30580.000	0.167
30590.000	0.170
30600.000	0.171
30610.000	0.173
30620.000	0.176
30630.000	0.177
30640.000	0.180
30650.000	0.179
30660.000	0.180
30670.000	0.179
30680.000	0.181
30690.000	0.183
30700.000	0.186
30710.000	0.189
30720.000	0.190
30730.000	0.192
30740.000	0.194
30750.000	0.197
30760.000	0.199
30770.000	0.199
30780.000	0.202
30790.000	0.203
30800.000	0.206
30810.000	0.208
30820.000	0.209
30830.000	0.211
30840.000	0.212
30850.000	0.213
30860.000	0.215
30870.000	0.215
30880.000	0.216
30890.000	0.217
30900.000	0.219
30910.000	0.220
30920.000	0.221
30930.000	0.222
30940.000	0.224
30950.000	0.222
30960.000	0.219
30970.000	0.214
30980.000	0.206
30990.000	0.200
31000.000	0.198
31010.000	0.198
31020.000	0.198
31030.000	0.198
31040.000	0.200
31050.000	0.199
31060.000	0.196
31070.000	0.189
31080.000	0.176
31090.000	0.161
31100.000	0.155
31110.000	0.154
31120.000	0.154
31130.000	0.155
31140.000	0.157
31150.000	0.159
31160.000	0.161
31170.000	0.163
31180.000	0.165
31190.000	0.168
31200.000	0.169
31210.000	0.170
31220.000	0.170
31230.000	0.168
31240.000	0.167
31250.000	0.167
31260.000	0.169
31270.000	0.171
31280.000	0.172
31290.000	0.174
31300.000	0.177
31310.000	0.180
31320.000	0.182
31330.000	0.183
31340.000	0.184
31350.000	0.186
31360.000	0.188
31370.000	0.190
31380.000	0.192
31390.000	0.194
31400.000	0.195
31410.000	0.196
31420.000	0.196
31430.000	0.197
31440.000	0.199
31450.000	0.200
31460.000	0.202
31470.000	0.203
31480.000	0.204
31490.000	0.206
31500.000	0.208
31510.000	0.209
31520.000	0.210
31530.000	0.210
31540.000	0.212
31550.000	0.215
31560.000	0.215
31570.000	0.214
31580.000	0.210
31590.000	0.208
31600.000	0.203
31610.000	0.199
31620.000	0.196
31630.000	0.195
31640.000	0.194
31650.000	0.193
31660.000	0.188
31670.000	0.181
31680.000	0.170
31690.000	0.159
31700.000	0.153
31710.000	0.151
31720.000	0.152
31730.000	0.153
31740.000	0.155
31750.000	0.157
31760.000	0.158
31770.000	0.158
31780.000	0.160
31790.000	0.160
31800.000	0.158
31810.000	0.156
31820.000	0.155
31830.000	0.155
31840.000	0.157
31850.000	0.158
31860.000	0.160
31870.000	0.162
31880.000	0.162
31890.000	0.165
31900.000	0.167
31910.000	0.168
31920.000	0.170
31930.000	0.172
31940.000	0.173
31950.000	0.174
31960.000	0.176
31970.000	0.177
31980.000	0.177
31990.000	0.179
32000.000	0.181
32010.000	0.181
32020.000	0.184
32030.000	0.187
32040.000	0.187
32050.000	0.189
32060.000	0.189
32070.000	0.190
32080.000	0.190
32090.000	0.192
32100.000	0.192
32110.000	0.193
32120.000	0.195
32130.000	0.196
32140.000	0.196
32150.000	0.196
32160.000	0.196
32170.000	0.197
32180.000	0.197
32190.000	0.197
32200.000	0.197
32210.000	0.196
32220.000	0.193
32230.000	0.189
32240.000	0.186
32250.000	0.184
32260.000	0.182
32270.000	0.179
32280.000	0.169
32290.000	0.157
32300.000	0.150
32310.000	0.147
32320.000	0.147
32330.000	0.148
32340.000	0.150
32350.000	0.150
32360.000	0.150
32370.000	0.150
32380.000	0.147
32390.000	0.143
32400.000	0.142
32410.000	0.143
32420.000	0.144
32430.000	0.144
32440.000	0.147
32450.000	0.149
32460.000	0.150
32470.000	0.151
32480.000	0.151
32490.000	0.154
32500.000	0.155
32510.000	0.157
32520.000	0.158
32530.000	0.159
32540.000	0.159
32550.000	0.162
32560.000	0.163
32570.000	0.164
32580.000	0.165
32590.000	0.166
32600.000	0.167
32610.000	0.168
32620.000	0.169
32630.000	0.170
32640.000	0.172
32650.000	0.172
32660.000	0.173
32670.000	0.174
32680.000	0.174
32690.000	0.174
32700.000	0.173
32710.000	0.175
32720.000	0.176
32730.000	0.175
32740.000	0.177
32750.000	0.177
32760.000	0.178
32770.000	0.180
32780.000	0.178
32790.000	0.178
32800.000	0.180
32810.000	0.181
32820.000	0.180
32830.000	0.179
32840.000	0.179
32850.000	0.177
32860.000	0.174
32870.000	0.170
32880.000	0.164
32890.000	0.158
32900.000	0.150
32910.000	0.144
32920.000	0.141
32930.000	0.140
32940.000	0.139
32950.000	0.139
32960.000	0.135
32970.000	0.131
32980.000	0.129
32990.000	0.127
33000.000	0.128
33010.000	0.130
33020.000	0.130
33030.000	0.132
33040.000	0.133
33050.000	0.134
33060.000	0.136
33070.000	0.137
33080.000	0.138
33090.000	0.139
33100.000	0.140
33110.000	0.142
33120.000	0.142
33130.000	0.143
33140.000	0.144
33150.000	0.144
33160.000	0.146
33170.000	0.147
33180.000	0.146
33190.000	0.149
33200.000	0.149
33210.000	0.149
33220.000	0.151
33230.000	0.150
33240.000	0.151
33250.000	0.152
33260.000	0.151
33270.000	0.152
33280.000	0.153
33290.000	0.152
33300.000	0.153
33310.000	0.154
33320.000	0.154
33330.000	0.155
33340.000	0.156
33350.000	0.156
33360.000	0.155
33370.000	0.156
33380.000	0.155
33390.000	0.156
33400.000	0.157
33410.000	0.157
33420.000	0.157
33430.000	0.157
33440.000	0.155
33450.000	0.156
33460.000	0.156
33470.000	0.154
33480.000	0.153
33490.000	0.151
33500.000	0.145
33510.000	0.138
33520.000	0.132
33530.000	0.129
33540.000	0.125
33550.000	0.122
33560.000	0.118
33570.000	0.115
33580.000	0.114
33590.000	0.113
33600.000	0.112
33610.000	0.114
33620.000	0.115
33630.000	0.115
33640.000	0.115
33650.000	0.117
33660.000	0.117
33670.000	0.118
33680.000	0.119
33690.000	0.120
33700.000	0.121
33710.000	0.122
33720.000	0.122
33730.000	0.124
33740.000	0.124
33750.000	0.125
33760.000	0.123
33770.000	0.125
33780.000	0.125
33790.000	0.126
33800.000	0.126
33810.000	0.126
33820.000	0.126
33830.000	0.127
33840.000	0.128
33850.000	0.130
33860.000	0.129
33870.000	0.129
33880.000	0.130
33890.000	0.131
33900.000	0.130
33910.000	0.131
33920.000	0.131
33930.000	0.130
33940.000	0.130
33950.000	0.131
33960.000	0.131
33970.000	0.132
33980.000	0.131
33990.000	0.132
34000.000	0.132
34010.000	0.131
34020.000	0.131
34030.000	0.131
34040.000	0.132
34050.000	0.131
34060.000	0.132
34070.000	0.132
34080.000	0.130
34090.000	0.129
34100.000	0.127
34110.000	0.126
34120.000	0.121
34130.000	0.117
34140.000	0.112
34150.000	0.107
34160.000	0.102
34170.000	0.099
34180.000	0.097
34190.000	0.096
34200.000	0.095
34210.000	0.095
34220.000	0.096
34230.000	0.096
34240.000	0.097
34250.000	0.098
34260.000	0.098
34270.000	0.099
34280.000	0.100
34290.000	0.101
34300.000	0.101
34310.000	0.101
34320.000	0.101
34330.000	0.101
34340.000	0.100
34350.000	0.102
34360.000	0.102
34370.000	0.102
34380.000	0.102
34390.000	0.102
34400.000	0.102
34410.000	0.102
34420.000	0.103
34430.000	0.104
34440.000	0.103
34450.000	0.104
34460.000	0.104
34470.000	0.104
34480.000	0.104
34490.000	0.104
34500.000	0.105
34510.000	0.104
34520.000	0.103
34530.000	0.104
34540.000	0.105
34550.000	0.105
34560.000	0.106
34570.000	0.105
34580.000	0.105
34590.000	0.104
34600.000	0.103
34610.000	0.104
34620.000	0.105
34630.000	0.105
34640.000	0.104
34650.000	0.105
34660.000	0.104
34670.000	0.104
34680.000	0.103
34690.000	0.103
34700.000	0.103
34710.000	0.102
34720.000	0.102
34730.000	0.101
34740.000	0.097
34750.000	0.093
34760.000	0.088
34770.000	0.083
34780.000	0.080
34790.000	0.079
34800.000	0.078
34810.000	0.077
34820.000	0.077
34830.000	0.077
34840.000	0.078
34850.000	0.077
34860.000	0.078
34870.000	0.078
34880.000	0.078
34890.000	0.080
34900.000	0.079
34910.000	0.080
34920.000	0.080
34930.000	0.080
34940.000	0.080
34950.000	0.080
34960.000	0.080
34970.000	0.080
34980.000	0.081
34990.000	0.081
35000.000	0.082
35010.000	0.081
35020.000	0.082
35030.000	0.082
35040.000	0.082
35050.000	0.082
35060.000	0.082
35070.000	0.081
35080.000	0.081
35090.000	0.081
35100.000	0.081
35110.000	0.082
35120.000	0.081
35130.000	0.081
35140.000	0.082
35150.000	0.080
35160.000	0.081
35170.000	0.081
35180.000	0.080
35190.000	0.080
35200.000	0.080
35210.000	0.080
35220.000	0.080
35230.000	0.081
35240.000	0.080
35250.000	0.080
35260.000	0.078
35270.000	0.078
35280.000	0.079
35290.000	0.079
35300.000	0.077
35310.000	0.077
35320.000	0.077
35330.000	0.076
35340.000	0.076
35350.000	0.074
35360.000	0.072
35370.000	0.069
35380.000	0.065
35390.000	0.062
35400.000	0.061
35410.000	0.060
35420.000	0.058
35430.000	0.059
35440.000	0.059
35450.000	0.059
35460.000	0.060
35470.000	0.060
35480.000	0.060
35490.000	0.061
35500.000	0.060
35510.000	0.060
35520.000	0.061
35530.000	0.061
35540.000	0.060
35550.000	0.060
35560.000	0.061
35570.000	0.060
35580.000	0.061
35590.000	0.060
35600.000	0.061
35610.000	0.061
35620.000	0.061
35630.000	0.060
35640.000	0.060
35650.000	0.061
35660.000	0.060
35670.000	0.060
35680.000	0.059
35690.000	0.059
35700.000	0.059
35710.000	0.060
35720.000	0.060
35730.000	0.060
35740.000	0.060
35750.000	0.060
35760.000	0.059
35770.000	0.059
35780.000	0.059
35790.000	0.058
35800.000	0.058
35810.000	0.059
35820.000	0.059
35830.000	0.058
35840.000	0.058
35850.000	0.058
35860.000	0.058
35870.000	0.057
35880.000	0.057
35890.000	0.057
35900.000	0.057
35910.000	0.057
35920.000	0.056
35930.000	0.055
35940.000	0.055
35950.000	0.055
35960.000	0.053
35970.000	0.052
35980.000	0.050
35990.000	0.049
36000.000	0.046
36010.000	0.045
36020.000	0.044
36030.000	0.043
36040.000	0.044
36050.000	0.043
36060.000	0.043
36070.000	0.043
36080.000	0.042
36090.000	0.043
36100.000	0.043
36110.000	0.043
36120.000	0.043
36130.000	0.044
36140.000	0.044
36150.000	0.043
36160.000	0.043
36170.000	0.043
36180.000	0.044
36190.000	0.043
36200.000	0.043
36210.000	0.044
36220.000	0.043
36230.000	0.043
36240.000	0.043
36250.000	0.043
36260.000	0.043
36270.000	0.043
36280.000	0.043
36290.000	0.043
36300.000	0.043
36310.000	0.043
36320.000	0.042
36330.000	0.043
36340.000	0.042
36350.000	0.043
36360.000	0.042
36370.000	0.042
36380.000	0.042
36390.000	0.041
36400.000	0.041
36410.000	0.041
36420.000	0.041
36430.000	0.041
36440.000	0.040
36450.000	0.041
36460.000	0.040
36470.000	0.040
36480.000	0.040
36490.000	0.040
36500.000	0.040
36510.000	0.040
36520.000	0.040
36530.000	0.039
36540.000	0.039
36550.000	0.038
36560.000	0.038
36570.000	0.036
36580.000	0.036
36590.000	0.035
36600.000	0.033
36610.000	0.033
36620.000	0.032
36630.000	0.032
36640.000	0.032
36650.000	0.032
36660.000	0.032
36670.000	0.031
36680.000	0.031
36690.000	0.030
36700.000	0.030
36710.000	0.030
36720.000	0.030
36730.000	0.031
36740.000	0.031
36750.000	0.030
36760.000	0.030
36770.000	0.030
36780.000	0.030
36790.000	0.030
36800.000	0.030
36810.000	0.030
36820.000	0.030
36830.000	0.031
36840.000	0.030
36850.000	0.029
36860.000	0.030
36870.000	0.029
36880.000	0.029
36890.000	0.029
36900.000	0.029
36910.000	0.029
36920.000	0.029
36930.000	0.029
36940.000	0.030
36950.000	0.029
36960.000	0.028
36970.000	0.028
36980.000	0.028
36990.000	0.028
37000.000	0.029
37010.000	0.028
37020.000	0.029
37030.000	0.029
37040.000	0.028
37050.000	0.027
37060.000	0.028
37070.000	0.027
37080.000	0.028
37090.000	0.027
37100.000	0.027
37110.000	0.027
37120.000	0.027
37130.000	0.027
37140.000	0.027
37150.000	0.026
37160.000	0.026
37170.000	0.025
37180.000	0.023
37190.000	0.024
37200.000	0.023
37210.000	0.023
37220.000	0.023
37230.000	0.023
37240.000	0.022
37250.000	0.022
37260.000	0.022
37270.000	0.021
37280.000	0.021
37290.000	0.022
37300.000	0.021
37310.000	0.021
37320.000	0.021
37330.000	0.021
37340.000	0.020
37350.000	0.021
37360.000	0.022
37370.000	0.022
37380.000	0.021
37390.000	0.021
37400.000	0.021
37410.000	0.021
37420.000	0.021
37430.000	0.021
37440.000	0.021
37450.000	0.020
37460.000	0.021
37470.000	0.020
37480.000	0.020
37490.000	0.020
37500.000	0.020
37510.000	0.020
37520.000	0.020
37530.000	0.020
37540.000	0.020
37550.000	0.019
37560.000	0.019
37570.000	0.019
37580.000	0.019
37590.000	0.019
37600.000	0.019
37610.000	0.018
37620.000	0.018
37630.000	0.018
37640.000	0.018
37650.000	0.019
37660.000	0.019
37670.000	0.019
37680.000	0.018
37690.000	0.018
37700.000	0.018
37710.000	0.018
37720.000	0.018
37730.000	0.017
37740.000	0.018
37750.000	0.017
37760.000	0.018
37770.000	0.017
37780.000	0.016
37790.000	0.015
37800.000	0.015
37810.000	0.015
37820.000	0.016
37830.000	0.015
37840.000	0.015
37850.000	0.015
37860.000	0.014
37870.000	0.015
37880.000	0.015
37890.000	0.013
37900.000	0.014
37910.000	0.014
37920.000	0.014
37930.000	0.014
37940.000	0.014
37950.000	0.014
37960.000	0.014
37970.000	0.014
37980.000	0.014
37990.000	0.013
38000.000	0.014
38010.000	0.014
38020.000	0.014
38030.000	0.014
38040.000	0.014
38050.000	0.013
38060.000	0.014
38070.000	0.014
38080.000	0.013
38090.000	0.013
38100.000	0.013
38110.000	0.013
38120.000	0.013
38130.000	0.013
38140.000	0.013
38150.000	0.013
38160.000	0.013
38170.000	0.013
38180.000	0.013
38190.000	0.012
38200.000	0.012
38210.000	0.012
38220.000	0.012
38230.000	0.013
38240.000	0.012
38250.000	0.012
38260.000	0.012
38270.000	0.012
38280.000	0.011
38290.000	0.012
38300.000	0.011
38310.000	0.011
38320.000	0.011
38330.000	0.011
38340.000	0.011
38350.000	0.011
38360.000	0.011
38370.000	0.010
38380.000	0.010
38390.000	0.010
38400.000	0.010
38410.000	0.010
38420.000	0.009
38430.000	0.009
38440.000	0.009
38450.000	0.009
38460.000	0.008
38470.000	0.008
38480.000	0.008
38490.000	0.008
38500.000	0.008
38510.000	0.008
38520.000	0.008
38530.000	0.009
38540.000	0.008
38550.000	0.008
38560.000	0.008
38570.000	0.008
38580.000	0.008
38590.000	0.008
38600.000	0.008
38610.000	0.008
38620.000	0.008
38630.000	0.007
38640.000	0.008
38650.000	0.008
38660.000	0.008
38670.000	0.008
38680.000	0.007
38690.000	0.008
38700.000	0.008
38710.000	0.007
38720.000	0.008
38730.000	0.007
38740.000	0.007
38750.000	0.007
38760.000	0.007
38770.000	0.007
38780.000	0.007
38790.000	0.007
38800.000	0.007
38810.000	0.007
38820.000	0.007
38830.000	0.007
38840.000	0.007
38850.000	0.007
38860.000	0.007
38870.000	0.007
38880.000	0.007
38890.000	0.007
38900.000	0.007
38910.000	0.007
38920.000	0.007
38930.000	0.007
38940.000	0.007
38950.000	0.007
38960.000	0.007
38970.000	0.007
38980.000	0.007
38990.000	0.007
39000.000	0.006
39010.000	0.006
39020.000	0.006
39030.000	0.006
39040.000	0.007
39050.000	0.006
39060.000	0.006
39070.000	0.006
39080.000	0.006
39090.000	0.006
39100.000	0.006
39110.000	0.006
39120.000	0.007
39130.000	0.006
39140.000	0.006
39150.000	0.006
39160.000	0.006
39170.000	0.006
39180.000	0.005
39190.000	0.005
39200.000	0.006
39210.000	0.005
39220.000	0.006
39230.000	0.006
39240.000	0.005
39250.000	0.005
39260.000	0.005
39270.000	0.006
39280.000	0.005
39290.000	0.005
39300.000	0.005
39310.000	0.005
39320.000	0.005
39330.000	0.004
39340.000	0.005
39350.000	0.005
39360.000	0.005
39370.000	0.005
39380.000	0.004
39390.000	0.005
39400.000	0.004
39410.000	0.005
39420.000	0.005
39430.000	0.004
39440.000	0.005
39450.000	0.004
39460.000	0.005
39470.000	0.004
39480.000	0.004
39490.000	0.004
39500.000	0.004
39510.000	0.005
39520.000	0.004
39530.000	0.004
39540.000	0.004
39550.000	0.004
39560.000	0.004
39570.000	0.004
39580.000	0.004
39590.000	0.004
39600.000	0.003
39610.000	0.004
39620.000	0.003
39630.000	0.003
39640.000	0.003
39650.000	0.004
39660.000	0.003
39670.000	0.003
39680.000	0.002
39690.000	0.003
39700.000	0.003
39710.000	0.003
39720.000	0.003
39730.000	0.002
39740.000	0.002
39750.000	0.003
39760.000	0.003
39770.000	0.003
39780.000	0.003
39790.000	0.003
39800.000	0.003
39810.000	0.003
39820.000	0.002
39830.000	0.003
39840.000	0.003
39850.000	0.002
39860.000	0.002
39870.000	0.002
39880.000	0.002
39890.000	0.003
39900.000	0.002
39910.000	0.002
39920.000	0.002
39930.000	0.002
39940.000	0.003
39950.000	0.002
39960.000	0.002
39970.000	0.002
39980.000	0.002
39990.000	0.002
40000.000	0.002
40010.000	0.002
40020.000	0.002
40030.000	0.001
40040.000	0.002
40050.000	0.002
40060.000	0.002
40070.000	0.002
40080.000	0.002
40090.000	0.002
40100.000	0.002
40110.000	0.002
40120.000	0.002
40130.000	0.002
40140.000	0.002
40150.000	0.001
40160.000	0.002
40170.000	0.002
40180.000	0.002
40190.000	0.001
40200.000	0.002
40210.000	0.002
40220.000	0.001
40230.000	0.002
40240.000	0.001
40250.000	0.001
40260.000	0.001
40270.000	0.001
40280.000	0.001
40290.000	0.001
40300.000	0.001
40310.000	0.001
40320.000	0.001
40330.000	0.001
40340.000	0.001
40350.000	0.001
40360.000	0.001
40370.000	0.001
40380.000	0.001
40390.000	0.000
40400.000	0.000
40410.000	0.001
40420.000	0.001
40430.000	0.002
40440.000	0.001
40450.000	0.000
40460.000	0.001
40470.000	0.000
40480.000	0.001
40490.000	0.000
40500.000	0.000
40510.000	0.000
40520.000	0.001
40530.000	0.000
40540.000	-0.000
40550.000	0.001
40560.000	0.001
40570.000	0.001
40580.000	0.000
40590.000	0.000
40600.000	0.000
40610.000	0.000
40620.000	0.000
40630.000	-0.000
40640.000	0.000
40650.000	0.000
40660.000	-0.000
40670.000	0.000
40680.000	-0.000
40690.000	-0.000
40700.000	0.000
40710.000	0.000
40720.000	-0.000
40730.000	-0.000
40740.000	-0.000
40750.000	0.000
40760.000	-0.000
40770.000	-0.000
40780.000	-0.000
40790.000	-0.000
40800.000	-0.001
40810.000	-0.001
40820.000	-0.000
40830.000	-0.000
40840.000	-0.000
40850.000	-0.000
40860.000	-0.000
40870.000	-0.000
40880.000	-0.000
40890.000	-0.000
40900.000	-0.000
40910.000	-0.001
40920.000	-0.001
40930.000	-0.000
40940.000	-0.000
40950.000	-0.000
40960.000	-0.001
40970.000	-0.001
40980.000	0.000
40990.000	-0.000
41000.000	-0.000
41010.000	-0.001
41020.000	-0.000
41030.000	-0.000
41040.000	-0.000
41050.000	-0.000
41060.000	-0.000
41070.000	-0.000
41080.000	-0.000
41090.000	-0.000
41100.000	-0.000
41110.000	-0.000
41120.000	-0.001
41130.000	-0.001
41140.000	-0.001
41150.000	-0.001
41160.000	-0.001
41170.000	-0.001
41180.000	-0.001
41190.000	-0.000
41200.000	-0.001
41210.000	-0.000
41220.000	-0.001
41230.000	-0.001
41240.000	-0.001
41250.000	-0.001
41260.000	-0.001
41270.000	-0.001
41280.000	-0.002
41290.000	-0.001
41300.000	-0.001
41310.000	-0.002
41320.000	-0.002
41330.000	-0.001
41340.000	-0.001
41350.000	-0.001
41360.000	-0.001
41370.000	-0.001
41380.000	-0.001
41390.000	-0.001
41400.000	-0.002
41410.000	-0.001
41420.000	-0.001
41430.000	-0.001
41440.000	-0.002
41450.000	-0.002
41460.000	-0.002
41470.000	-0.001
41480.000	-0.001
41490.000	-0.002
41500.000	-0.002
41510.000	-0.002
41520.000	-0.001
41530.000	-0.001
41540.000	-0.001
41550.000	-0.001
41560.000	-0.002
41570.000	-0.002
41580.000	-0.002
41590.000	-0.002
41600.000	-0.002
41610.000	-0.002
41620.000	-0.002
41630.000	-0.003
41640.000	-0.002
41650.000	-0.002
41660.000	-0.001
41670.000	-0.002
41680.000	-0.002
41690.000	-0.002
41700.000	-0.002
41710.000	-0.002
41720.000	-0.001
41730.000	-0.002
41740.000	-0.001
41750.000	-0.002
41760.000	-0.002
41770.000	-0.002
41780.000	-0.002
41790.000	-0.002
41800.000	-0.002
41810.000	-0.002
41820.000	-0.001
41830.000	-0.002
41840.000	-0.002
41850.000	-0.002
41860.000	-0.002
41870.000	-0.002
41880.000	-0.002
41890.000	-0.002
41900.000	-0.002
41910.000	-0.002
41920.000	-0.002
41930.000	-0.002
41940.000	-0.002
41950.000	-0.002
41960.000	-0.002
41970.000	-0.002
41980.000	-0.002
41990.000	-0.003
42000.000	-0.002
42010.000	-0.003
42020.000	-0.002
42030.000	-0.002
42040.000	-0.002
42050.000	-0.002
42060.000	-0.002
42070.000	-0.002
42080.000	-0.003
42090.000	-0.003
42100.000	-0.003
42110.000	-0.002
42120.000	-0.003
42130.000	-0.002
42140.000	-0.002
42150.000	-0.002
42160.000	-0.002
42170.000	-0.003
42180.000	-0.003
42190.000	-0.003
42200.000	-0.003
42210.000	-0.002
42220.000	-0.003
42230.000	-0.003
42240.000	-0.003
42250.000	-0.003
42260.000	-0.003
42270.000	-0.002
42280.000	-0.002
42290.000	-0.003
42300.000	-0.003
42310.000	-0.002
42320.000	-0.003
42330.000	-0.003
42340.000	-0.003
42350.000	-0.002
42360.000	-0.003
42370.000	-0.003
42380.000	-0.003
42390.000	-0.002
42400.000	-0.003
42410.000	-0.003
42420.000	-0.003
42430.000	-0.003
42440.000	-0.003
42450.000	-0.002
42460.000	-0.003
42470.000	-0.002
42480.000	-0.003
42490.000	-0.003
42500.000	-0.003
42510.000	-0.003
42520.000	-0.003
42530.000	-0.003
42540.000	-0.003
42550.000	-0.003
42560.000	-0.003
42570.000	-0.003
42580.000	-0.003
42590.000	-0.003
42600.000	-0.003
42610.000	-0.003
42620.000	-0.003
42630.000	-0.003
42640.000	-0.003
42650.000	-0.003
42660.000	-0.003
42670.000	-0.003
42680.000	-0.003
42690.000	-0.003
42700.000	-0.003
42710.000	-0.003
42720.000	-0.003
42730.000	-0.003
42740.000	-0.003
42750.000	-0.003
42760.000	-0.003
42770.000	-0.003
42780.000	-0.003
42790.000	-0.003
42800.000	-0.003
42810.000	-0.003
42820.000	-0.003
42830.000	-0.003
42840.000	-0.003
42850.000	-0.003
42860.000	-0.003
42870.000	-0.003
42880.000	-0.003
42890.000	-0.003
42900.000	-0.003
42910.000	-0.003
42920.000	-0.003
42930.000	-0.003
42940.000	-0.003
42950.000	-0.003
42960.000	-0.003
42970.000	-0.003
42980.000	-0.003
42990.000	-0.003
43000.000	-0.003
43010.000	-0.003
43020.000	-0.003
43030.000	-0.003
43040.000	-0.003
43050.000	-0.003
43060.000	-0.003
43070.000	-0.003
43080.000	-0.003
43090.000	-0.003
43100.000	-0.003
43110.000	-0.003
43120.000	-0.003
43130.000	-0.003
43140.000	-0.003
43150.000	-0.003
43160.000	-0.003
43170.000	-0.003
43180.000	-0.003
43190.000	-0.003
43200.000	-0.003
43210.000	-0.003
43220.000	-0.003
43230.000	-0.003
43240.000	-0.003
43250.000	-0.003
43260.000	-0.004
43270.000	-0.004
43280.000	-0.003
43290.000	-0.003
43300.000	-0.003
43310.000	-0.003
43320.000	-0.003
43330.000	-0.003
43340.000	-0.003
43350.000	-0.003
43360.000	-0.003
43370.000	-0.003
43380.000	-0.003
43390.000	-0.003
43400.000	-0.003
43410.000	-0.003
43420.000	-0.003
43430.000	-0.003
43440.000	-0.003
43450.000	-0.004
43460.000	-0.003
43470.000	-0.003
43480.000	-0.004
43490.000	-0.004
43500.000	-0.003
43510.000	-0.003
43520.000	-0.003
43530.000	-0.003
43540.000	-0.004
43550.000	-0.003
43560.000	-0.003
43570.000	-0.004
43580.000	-0.004
43590.000	-0.004
43600.000	-0.003
43610.000	-0.003
43620.000	-0.003
43630.000	-0.003
43640.000	-0.003
43650.000	-0.004
43660.000	-0.003
43670.000	-0.004
43680.000	-0.003
43690.000	-0.003
43700.000	-0.003
43710.000	-0.003
43720.000	-0.003
43730.000	-0.003
43740.000	-0.004
43750.000	-0.003
43760.000	-0.003
43770.000	-0.003
43780.000	-0.004
43790.000	-0.003
43800.000	-0.003
43810.000	-0.004
43820.000	-0.004
43830.000	-0.004
43840.000	-0.003
43850.000	-0.003
43860.000	-0.004
43870.000	-0.003
43880.000	-0.003
43890.000	-0.003
43900.000	-0.004
43910.000	-0.003
43920.000	-0.004
43930.000	-0.004
43940.000	-0.004
43950.000	-0.004
43960.000	-0.003
43970.000	-0.003
43980.000	-0.003
43990.000	-0.004
44000.000	-0.004
44010.000	-0.003
44020.000	-0.004
44030.000	-0.004
44040.000	-0.004
44050.000	-0.004
44060.000	-0.004
44070.000	-0.004
44080.000	-0.004
44090.000	-0.003
44100.000	-0.004
44110.000	-0.003
44120.000	-0.004
44130.000	-0.004
44140.000	-0.004
44150.000	-0.004
44160.000	-0.004
44170.000	-0.003
44180.000	-0.004
44190.000	-0.004
44200.000	-0.004
44210.000	-0.004
44220.000	-0.004
44230.000	-0.004
44240.000	-0.004
44250.000	-0.003
44260.000	-0.003
44270.000	-0.004
44280.000	-0.004
44290.000	-0.004
44300.000	-0.004
44310.000	-0.004
44320.000	-0.004
44330.000	-0.004
44340.000	-0.003
44350.000	-0.003
44360.000	-0.003
44370.000	-0.004
44380.000	-0.003
44390.000	-0.004
44400.000	-0.004
44410.000	-0.004
44420.000	-0.004
44430.000	-0.005
44440.000	-0.003
44450.000	-0.004
44460.000	-0.004
44470.000	-0.004
44480.000	-0.004
44490.000	-0.003
44500.000	-0.004
44510.000	-0.004
44520.000	-0.004
44530.000	-0.003
44540.000	-0.004
44550.000	-0.004
44560.000	-0.004
44570.000	-0.004
44580.000	-0.004
44590.000	-0.003
44600.000	-0.004
44610.000	-0.004
44620.000	-0.003
44630.000	-0.003
44640.000	-0.003
44650.000	-0.004
44660.000	-0.003
44670.000	-0.004
44680.000	-0.004
44690.000	-0.004
44700.000	-0.004
44710.000	-0.004
44720.000	-0.004
44730.000	-0.004
44740.000	-0.004
44750.000	-0.004
44760.000	-0.004
44770.000	-0.003
44780.000	-0.004
44790.000	-0.004
44800.000	-0.004
44810.000	-0.003
44820.000	-0.003
44830.000	-0.004
44840.000	-0.004
44850.000	-0.004
44860.000	-0.004
44870.000	-0.004
44880.000	-0.004
44890.000	-0.004
44900.000	-0.004
44910.000	-0.003
44920.000	-0.004
44930.000	-0.004
44940.000	-0.004
44950.000	-0.004
44960.000	-0.004
44970.000	-0.004
44980.000	-0.004
44990.000	-0.004
45000.000	-0.004
45010.000	-0.004
45020.000	-0.004
45030.000	-0.004
45040.000	-0.004
45050.000	-0.004
45060.000	-0.004
45070.000	-0.003
45080.000	-0.004
45090.000	-0.004
45100.000	-0.003
45110.000	-0.003
45120.000	-0.004
45130.000	-0.004
45140.000	-0.004
45150.000	-0.004
45160.000	-0.004
45170.000	-0.004
45180.000	-0.004
45190.000	-0.004
45200.000	-0.004
45210.000	-0.004
45220.000	-0.004
45230.000	-0.004
45240.000	-0.004
45250.000	-0.004
45260.000	-0.003
45270.000	-0.004
45280.000	-0.004
45290.000	-0.004
45300.000	-0.004
45310.000	-0.004
45320.000	-0.004
45330.000	-0.004
45340.000	-0.004
45350.000	-0.004
45360.000	-0.004
45370.000	-0.004
45380.000	-0.004
45390.000	-0.004
45400.000	-0.004
45410.000	-0.004
45420.000	-0.004
45430.000	-0.004
45440.000	-0.004
45450.000	-0.004
45460.000	-0.003
45470.000	-0.003
45480.000	-0.004
45490.000	-0.004
45500.000	-0.004
45510.000	-0.004
45520.000	-0.004
45530.000	-0.004
45540.000	-0.004
45550.000	-0.005
45560.000	-0.004
45570.000	-0.004
45580.000	-0.005
45590.000	-0.004
45600.000	-0.004
45610.000	-0.004
45620.000	-0.004
45630.000	-0.004
45640.000	-0.004
45650.000	-0.005
45660.000	-0.004
45670.000	-0.004
45680.000	-0.003
45690.000	-0.004
45700.000	-0.004
45710.000	-0.004
45720.000	-0.004
45730.000	-0.004
45740.000	-0.004
45750.000	-0.004
45760.000	-0.004
45770.000	-0.004
45780.000	-0.004
45790.000	-0.004
45800.000	-0.005
45810.000	-0.004
45820.000	-0.004
45830.000	-0.004
45840.000	-0.004
45850.000	-0.004
45860.000	-0.004
45870.000	-0.004
45880.000	-0.004
45890.000	-0.004
45900.000	-0.004
45910.000	-0.005
45920.000	-0.004
45930.000	-0.004
45940.000	-0.004
45950.000	-0.004
45960.000	-0.004
45970.000	-0.004
45980.000	-0.004
45990.000	-0.004
46000.000	-0.004
46010.000	-0.005
46020.000	-0.005
46030.000	-0.004
46040.000	-0.004
46050.000	-0.004
46060.000	-0.004
46070.000	-0.004
46080.000	-0.004
46090.000	-0.004
46100.000	-0.004
46110.000	-0.004
46120.000	-0.005
46130.000	-0.004
46140.000	-0.004
46150.000	-0.004
46160.000	-0.004
46170.000	-0.004
46180.000	-0.004
46190.000	-0.004
46200.000	-0.005
46210.000	-0.004
46220.000	-0.004
46230.000	-0.004
46240.000	-0.004
46250.000	-0.004
46260.000	-0.004
46270.000	-0.004
46280.000	-0.004
46290.000	-0.004
46300.000	-0.004
46310.000	-0.004
46320.000	-0.004
46330.000	-0.004
46340.000	-0.004
46350.000	-0.004
46360.000	-0.004
46370.000	-0.004
46380.000	-0.004
46390.000	-0.004
46400.000	-0.004
46410.000	-0.004
46420.000	-0.004
46430.000	-0.005
46440.000	-0.004
46450.000	-0.004
46460.000	-0.004
46470.000	-0.004
46480.000	-0.004
46490.000	-0.004
46500.000	-0.005
46510.000	-0.004
46520.000	-0.004
46530.000	-0.004
46540.000	-0.004
46550.000	-0.004
46560.000	-0.004
46570.000	-0.004
46580.000	-0.004
46590.000	-0.004
46600.000	-0.004
46610.000	-0.004
46620.000	-0.004
46630.000	-0.004
46640.000	-0.004
46650.000	-0.004
46660.000	-0.004
46670.000	-0.004
46680.000	-0.005
46690.000	-0.004
46700.000	-0.004
46710.000	-0.004
46720.000	-0.005
46730.000	-0.005
46740.000	-0.004
46750.000	-0.004
46760.000	-0.004
46770.000	-0.004
46780.000	-0.004
46790.000	-0.004
46800.000	-0.004
46810.000	-0.004
46820.000	-0.004
46830.000	-0.005
46840.000	-0.005
46850.000	-0.005
46860.000	-0.005
46870.000	-0.004
46880.000	-0.004
46890.000	-0.005
46900.000	-0.004
46910.000	-0.004
46920.000	-0.004
46930.000	-0.004
46940.000	-0.004
46950.000	-0.004
46960.000	-0.004
46970.000	-0.005
46980.000	-0.005
46990.000	-0.005
47000.000	-0.004
47010.000	-0.004
47020.000	-0.005
47030.000	-0.004
47040.000	-0.004
47050.000	-0.004
47060.000	-0.005
47070.000	-0.004
47080.000	-0.005
47090.000	-0.004
47100.000	-0.004
47110.000	-0.003
47120.000	-0.004
47130.000	-0.004
47140.000	-0.005
47150.000	-0.004
47160.000	-0.004
47170.000	-0.004
47180.000	-0.004
47190.000	-0.004
47200.000	-0.005
47210.000	-0.005
47220.000	-0.004
47230.000	-0.004
47240.000	-0.004
47250.000	-0.004
47260.000	-0.004
47270.000	-0.004
47280.000	-0.005
47290.000	-0.005
47300.000	-0.005
47310.000	-0.005
47320.000	-0.005
47330.000	-0.004
47340.000	-0.004
47350.000	-0.004
47360.000	-0.004
47370.000	-0.004
47380.000	-0.004
47390.000	-0.005
47400.000	-0.004
47410.000	-0.004
47420.000	-0.004
47430.000	-0.005
47440.000	-0.005
47450.000	-0.005
47460.000	-0.005
47470.000	-0.005
47480.000	-0.005
47490.000	-0.004
47500.000	-0.005
47510.000	-0.005
47520.000	-0.005
47530.000	-0.005
47540.000	-0.005
47550.000	-0.005
47560.000	-0.004
47570.000	-0.005
47580.000	-0.004
47590.000	-0.004
47600.000	-0.005
47610.000	-0.004
47620.000	-0.004
47630.000	-0.004
47640.000	-0.004
47650.000	-0.004
47660.000	-0.004
47670.000	-0.005
47680.000	-0.004
47690.000	-0.004
47700.000	-0.004
47710.000	-0.004
47720.000	-0.005
47730.000	-0.005
47740.000	-0.004
47750.000	-0.005
47760.000	-0.004
47770.000	-0.005
47780.000	-0.004
47790.000	-0.005
47800.000	-0.005
47810.000	-0.004
47820.000	-0.004
47830.000	-0.005
47840.000	-0.005
47850.000	-0.004
47860.000	-0.005
47870.000	-0.005
47880.000	-0.004
47890.000	-0.004
47900.000	-0.004
47910.000	-0.004
47920.000	-0.004
47930.000	-0.005
47940.000	-0.004
47950.000	-0.005
47960.000	-0.004
47970.000	-0.004
47980.000	-0.004
47990.000	-0.004
48000.000	-0.004
48010.000	-0.004
48020.000	-0.005
48030.000	-0.004
48040.000	-0.004
48050.000	-0.004
48060.000	-0.004
48070.000	-0.004
48080.000	-0.004
48090.000	-0.004
48100.000	-0.004
48110.000	-0.004
48120.000	-0.004
48130.000	-0.005
48140.000	-0.004
48150.000	-0.004
48160.000	-0.004
48170.000	-0.004
48180.000	-0.004
48190.000	-0.004
48200.000	-0.004
48210.000	-0.004
48220.000	-0.005
48230.000	-0.004
48240.000	-0.004
48250.000	-0.004
48260.000	-0.004
48270.000	-0.005
48280.000	-0.004
48290.000	-0.004
48300.000	-0.004
48310.000	-0.005
48320.000	-0.004
48330.000	-0.005
48340.000	-0.004
48350.000	-0.004
48360.000	-0.004
48370.000	-0.005
48380.000	-0.005
48390.000	-0.005
48400.000	-0.005
48410.000	-0.005
48420.000	-0.004
48430.000	-0.005
48440.000	-0.005
48449.000	-0.004
