10.000	0.030
20.000	0.031
30.000	0.032
40.000	0.032
50.000	0.031
60.000	0.033
70.000	0.032
80.000	0.033
90.000	0.033
100.000	0.034
110.000	0.033
120.000	0.033
130.000	0.034
140.000	0.035
150.000	0.035
160.000	0.034
170.000	0.035
180.000	0.036
190.000	0.036
200.000	0.036
210.000	0.035
220.000	0.035
230.000	0.036
240.000	0.036
250.000	0.037
260.000	0.036
270.000	0.036
280.000	0.036
290.000	0.036
300.000	0.035
310.000	0.036
320.000	0.036
330.000	0.037
340.000	0.036
350.000	0.036
360.000	0.036
370.000	0.037
380.000	0.037
390.000	0.037
400.000	0.037
410.000	0.036
420.000	0.037
430.000	0.037
440.000	0.037
450.000	0.037
460.000	0.037
470.000	0.037
480.000	0.037
490.000	0.037
500.000	0.038
510.000	0.038
520.000	0.038
530.000	0.038
540.000	0.038
550.000	0.038
560.000	0.038
570.000	0.038
580.000	0.038
590.000	0.039
600.000	0.039
610.000	0.039
620.000	0.039
630.000	0.039
640.000	0.039
650.000	0.039
660.000	0.039
670.000	0.039
680.000	0.039
690.000	0.039
700.000	0.039
710.000	0.039
720.000	0.039
730.000	0.039
740.000	0.040
750.000	0.039
760.000	0.039
770.000	0.039
780.000	0.039
790.000	0.039
800.000	0.039
810.000	0.039
820.000	0.039
830.000	0.039
840.000	0.040
850.000	0.039
860.000	0.039
870.000	0.039
880.000	0.039
890.000	0.039
900.000	0.039
910.000	0.040
920.000	0.040
930.000	0.040
940.000	0.039
950.000	0.041
960.000	0.041
970.000	0.041
980.000	0.041
990.000	0.042
1000.000	0.041
1010.000	0.041
1020.000	0.041
1030.000	0.041
1040.000	0.041
1050.000	0.041
1060.000	0.041
1070.000	0.041
1080.000	0.040
1090.000	0.041
1100.000	0.041
1110.000	0.041
1120.000	0.040
1130.000	0.041
1140.000	0.041
1150.000	0.041
1160.000	0.041
1170.000	0.042
1180.000	0.042
1190.000	0.042
1200.000	0.042
1210.000	0.042
1220.000	0.042
1230.000	0.043
1240.000	0.042
1250.000	0.042
1260.000	0.042
1270.000	0.042
1280.000	0.043
1290.000	0.042
1300.000	0.043
1310.000	0.043
1320.000	0.043
1330.000	0.043
1340.000	0.042
1350.000	0.043
1360.000	0.043
1370.000	0.042
1380.000	0.043
1390.000	0.044
1400.000	0.043
1410.000	0.043
1420.000	0.043
1430.000	0.044
1440.000	0.044
1450.000	0.044
1460.000	0.043
1470.000	0.043
1480.000	0.044
1490.000	0.044
1500.000	0.044
1510.000	0.043
1520.000	0.043
1530.000	0.044
1540.000	0.044
1550.000	0.044
1560.000	0.044
1570.000	0.044
1580.000	0.044
1590.000	0.044
1600.000	0.044
1610.000	0.044
1620.000	0.045
1630.000	0.045
1640.000	0.044
1650.000	0.044
1660.000	0.044
1670.000	0.044
1680.000	0.044
1690.000	0.043
1700.000	0.044
1710.000	0.044
1720.000	0.044
1730.000	0.045
1740.000	0.045
1750.000	0.045
1760.000	0.045
1770.000	0.045
1780.000	0.045
1790.000	0.045
1800.000	0.044
1810.000	0.045
1820.000	0.046
1830.000	0.046
1840.000	0.046
1850.000	0.044
1860.000	0.046
1870.000	0.046
1880.000	0.047
1890.000	0.046
1900.000	0.046
1910.000	0.046
1920.000	0.045
1930.000	0.045
1940.000	0.046
1950.000	0.046
1960.000	0.046
1970.000	0.046
1980.000	0.046
1990.000	0.047
2000.000	0.047
2010.000	0.047
2020.000	0.047
2030.000	0.046
2040.000	0.046
2050.000	0.047
2060.000	0.047
2070.000	0.047
2080.000	0.046
2090.000	0.046
2100.000	0.046
2110.000	0.046
2120.000	0.047
2130.000	0.047
2140.000	0.046
2150.000	0.047
2160.000	0.047
2170.000	0.047
2180.000	0.047
2190.000	0.048
2200.000	0.048
2210.000	0.048
2220.000	0.048
2230.000	0.048
2240.000	0.049
2250.000	0.049
2260.000	0.049
2270.000	0.049
2280.000	0.048
2290.000	0.049
2300.000	0.050
2310.000	0.049
2320.000	0.048
2330.000	0.049
2340.000	0.049
2350.000	0.049
2360.000	0.049
2370.000	0.049
2380.000	0.048
2390.000	0.049
2400.000	0.048
2410.000	0.049
2420.000	0.049
2430.000	0.049
2440.000	0.049
2450.000	0.049
2460.000	0.050
2470.000	0.050
2480.000	0.049
2490.000	0.049
2500.000	0.050
2510.000	0.050
2520.000	0.050
2530.000	0.049
2540.000	0.050
2550.000	0.050
2560.000	0.051
2570.000	0.050
2580.000	0.051
2590.000	0.051
2600.000	0.051
2610.000	0.051
2620.000	0.050
2630.000	0.051
2640.000	0.051
2650.000	0.051
2660.000	0.051
2670.000	0.051
2680.000	0.051
2690.000	0.051
2700.000	0.052
2710.000	0.052
2720.000	0.051
2730.000	0.051
2740.000	0.052
2750.000	0.051
2760.000	0.052
2770.000	0.052
2780.000	0.051
2790.000	0.052
2800.000	0.051
2810.000	0.052
2820.000	0.051
2830.000	0.052
2840.000	0.052
2850.000	0.052
2860.000	0.052
2870.000	0.052
2880.000	0.052
2890.000	0.052
2900.000	0.053
2910.000	0.053
2920.000	0.052
2930.000	0.052
2940.000	0.053
2950.000	0.052
2960.000	0.053
2970.000	0.054
2980.000	0.053
2990.000	0.053
3000.000	0.053
3010.000	0.053
3020.000	0.054
3030.000	0.053
3040.000	0.054
3050.000	0.054
3060.000	0.054
3070.000	0.054
3080.000	0.054
3090.000	0.053
3100.000	0.053
3110.000	0.053
3120.000	0.054
3130.000	0.054
3140.000	0.054
3150.000	0.054
3160.000	0.054
3170.000	0.054
3180.000	0.054
3190.000	0.054
3200.000	0.055
3210.000	0.055
3220.000	0.054
3230.000	0.054
3240.000	0.054
3250.000	0.055
3260.000	0.054
3270.000	0.055
3280.000	0.054
3290.000	0.054
3300.000	0.055
3310.000	0.055
3320.000	0.056
3330.000	0.056
3340.000	0.055
3350.000	0.055
3360.000	0.054
3370.000	0.055
3380.000	0.056
3390.000	0.056
3400.000	0.056
3410.000	0.056
3420.000	0.057
3430.000	0.055
3440.000	0.056
3450.000	0.056
3460.000	0.057
3470.000	0.058
3480.000	0.057
3490.000	0.057
3500.000	0.056
3510.000	0.056
3520.000	0.056
3530.000	0.057
3540.000	0.057
3550.000	0.057
3560.000	0.057
3570.000	0.056
3580.000	0.057
3590.000	0.057
3600.000	0.057
3610.000	0.057
3620.000	0.057
3630.000	0.057
3640.000	0.057
3650.000	0.057
3660.000	0.057
3670.000	0.058
3680.000	0.057
3690.000	0.057
3700.000	0.057
3710.000	0.057
3720.000	0.058
3730.000	0.058
3740.000	0.058
3750.000	0.058
3760.000	0.058
3770.000	0.058
3780.000	0.058
3790.000	0.058
3800.000	0.058
3810.000	0.059
3820.000	0.058
3830.000	0.059
3840.000	0.059
3850.000	0.059
3860.000	0.059
3870.000	0.059
3880.000	0.058
3890.000	0.058
3900.000	0.058
3910.000	0.058
3920.000	0.059
3930.000	0.059
3940.000	0.059
3950.000	0.059
3960.000	0.058
3970.000	0.059
3980.000	0.059
3990.000	0.058
4000.000	0.059
4010.000	0.059
4020.000	0.060
4030.000	0.059
4040.000	0.059
4050.000	0.059
4060.000	0.059
4070.000	0.059
4080.000	0.060
4090.000	0.060
4100.000	0.060
4110.000	0.061
4120.000	0.060
4130.000	0.059
4140.000	0.060
4150.000	0.060
4160.000	0.061
4170.000	0.061
4180.000	0.061
4190.000	0.061
4200.000	0.061
4210.000	0.061
4220.000	0.062
4230.000	0.061
4240.000	0.061
4250.000	0.061
4260.000	0.060
4270.000	0.061
4280.000	0.061
4290.000	0.061
4300.000	0.061
4310.000	0.061
4320.000	0.061
4330.000	0.061
4340.000	0.061
4350.000	0.060
4360.000	0.060
4370.000	0.060
4380.000	0.061
4390.000	0.061
4400.000	0.060
4410.000	0.061
4420.000	0.062
4430.000	0.062
4440.000	0.061
4450.000	0.061
4460.000	0.062
4470.000	0.062
4480.000	0.062
4490.000	0.062
4500.000	0.062
4510.000	0.062
4520.000	0.062
4530.000	0.062
4540.000	0.062
4550.000	0.062
4560.000	0.062
4570.000	0.062
4580.000	0.062
4590.000	0.063
4600.000	0.063
4610.000	0.063
4620.000	0.063
4630.000	0.062
4640.000	0.063
4650.000	0.063
4660.000	0.064
4670.000	0.064
4680.000	0.064
4690.000	0.063
4700.000	0.063
4710.000	0.063
4720.000	0.063
4730.000	0.063
4740.000	0.063
4750.000	0.064
4760.000	0.063
4770.000	0.063
4780.000	0.064
4790.000	0.064
4800.000	0.064
4810.000	0.064
4820.000	0.064
4830.000	0.065
4840.000	0.064
4850.000	0.064
4860.000	0.063
4870.000	0.064
4880.000	0.064
4890.000	0.064
4900.000	0.065
4910.000	0.065
4920.000	0.065
4930.000	0.065
4940.000	0.065
4950.000	0.064
4960.000	0.065
4970.000	0.064
4980.000	0.065
4990.000	0.065
5000.000	0.065
5010.000	0.066
5020.000	0.066
5030.000	0.065
5040.000	0.066
5050.000	0.066
5060.000	0.066
5070.000	0.066
5080.000	0.065
5090.000	0.065
5100.000	0.065
5110.000	0.065
5120.000	0.066
5130.000	0.065
5140.000	0.065
5150.000	0.065
5160.000	0.065
5170.000	0.065
5180.000	0.065
5190.000	0.064
5200.000	0.063
5210.000	0.063
5220.000	0.063
5230.000	0.062
5240.000	0.062
5250.000	0.062
5260.000	0.063
5270.000	0.063
5280.000	0.063
5290.000	0.063
5300.000	0.064
5310.000	0.065
5320.000	0.065
5330.000	0.065
5340.000	0.065
5350.000	0.065
5360.000	0.065
5370.000	0.065
5380.000	0.066
5390.000	0.066
5400.000	0.067
5410.000	0.067
5420.000	0.067
5430.000	0.067
5440.000	0.068
5450.000	0.069
5460.000	0.069
5470.000	0.069
5480.000	0.069
5490.000	0.068
5500.000	0.069
5510.000	0.068
5520.000	0.068
5530.000	0.068
5540.000	0.069
5550.000	0.069
5560.000	0.069
5570.000	0.069
5580.000	0.069
5590.000	0.069
5600.000	0.069
5610.000	0.069
5620.000	0.068
5630.000	0.069
5640.000	0.070
5650.000	0.070
5660.000	0.069
5670.000	0.070
5680.000	0.070
5690.000	0.069
5700.000	0.069
5710.000	0.068
5720.000	0.070
5730.000	0.071
5740.000	0.072
5750.000	0.072
5760.000	0.071
5770.000	0.071
5780.000	0.071
5790.000	0.071
5800.000	0.071
5810.000	0.072
5820.000	0.072
5830.000	0.072
5840.000	0.072
5850.000	0.072
5860.000	0.072
5870.000	0.072
5880.000	0.072
5890.000	0.072
5900.000	0.071
5910.000	0.071
5920.000	0.072
5930.000	0.072
5940.000	0.072
5950.000	0.073
5960.000	0.072
5970.000	0.072
5980.000	0.072
5990.000	0.072
6000.000	0.072
6010.000	0.072
6020.000	0.072
6030.000	0.073
6040.000	0.072
6050.000	0.073
6060.000	0.072
6070.000	0.073
6080.000	0.073
6090.000	0.074
6100.000	0.073
6110.000	0.074
6120.000	0.074
6130.000	0.074
6140.000	0.074
6150.000	0.075
6160.000	0.075
6170.000	0.074
6180.000	0.074
6190.000	0.073
6200.000	0.074
6210.000	0.074
6220.000	0.075
6230.000	0.075
6240.000	0.075
6250.000	0.074
6260.000	0.074
6270.000	0.075
6280.000	0.075
6290.000	0.074
6300.000	0.074
6310.000	0.075
6320.000	0.075
6330.000	0.075
6340.000	0.075
6350.000	0.074
6360.000	0.075
6370.000	0.075
6380.000	0.075
6390.000	0.076
6400.000	0.075
6410.000	0.075
6420.000	0.075
6430.000	0.076
6440.000	0.075
6450.000	0.076
6460.000	0.076
6470.000	0.076
6480.000	0.076
6490.000	0.076
6500.000	0.077
6510.000	0.076
6520.000	0.076
6530.000	0.076
6540.000	0.076
6550.000	0.077
6560.000	0.077
6570.000	0.076
6580.000	0.077
6590.000	0.076
6600.000	0.077
6610.000	0.077
6620.000	0.077
6630.000	0.077
6640.000	0.077
6650.000	0.077
6660.000	0.077
6670.000	0.077
6680.000	0.078
6690.000	0.077
6700.000	0.077
6710.000	0.078
6720.000	0.078
6730.000	0.078
6740.000	0.078
6750.000	0.078
6760.000	0.078
6770.000	0.077
6780.000	0.077
6790.000	0.077
6800.000	0.077
6810.000	0.077
6820.000	0.077
6830.000	0.078
6840.000	0.077
6850.000	0.078
6860.000	0.078
6870.000	0.078
6880.000	0.078
6890.000	0.078
6900.000	0.078
6910.000	0.078
6920.000	0.080
6930.000	0.079
6940.000	0.079
6950.000	0.079
6960.000	0.078
6970.000	0.079
6980.000	0.077
6990.000	0.078
7000.000	0.079
7010.000	0.079
7020.000	0.079
7030.000	0.080
7040.000	0.080
7050.000	0.080
7060.000	0.079
7070.000	0.079
7080.000	0.079
7090.000	0.080
7100.000	0.080
7110.000	0.080
7120.000	0.080
7130.000	0.080
7140.000	0.079
7150.000	0.080
7160.000	0.080
7170.000	0.080
7180.000	0.080
7190.000	0.080
7200.000	0.080
7210.000	0.080
7220.000	0.080
7230.000	0.081
7240.000	0.080
7250.000	0.080
7260.000	0.080
7270.000	0.081
7280.000	0.080
7290.000	0.080
7300.000	0.081
7310.000	0.081
7320.000	0.081
7330.000	0.081
7340.000	0.081
7350.000	0.082
7360.000	0.081
7370.000	0.082
7380.000	0.082
7390.000	0.082
7400.000	0.082
7410.000	0.082
7420.000	0.082
7430.000	0.082
7440.000	0.082
7450.000	0.083
7460.000	0.083
7470.000	0.082
7480.000	0.083
7490.000	0.082
7500.000	0.082
7510.000	0.082
7520.000	0.083
7530.000	0.081
7540.000	0.082
7550.000	0.082
7560.000	0.082
7570.000	0.082
7580.000	0.082
7590.000	0.083
7600.000	0.083
7610.000	0.082
7620.000	0.083
7630.000	0.083
7640.000	0.083
7650.000	0.083
7660.000	0.083
7670.000	0.082
7680.000	0.083
7690.000	0.083
7700.000	0.082
7710.000	0.083
7720.000	0.083
7730.000	0.084
7740.000	0.084
7750.000	0.083
7760.000	0.083
7770.000	0.083
7780.000	0.084
7790.000	0.084
7800.000	0.083
7810.000	0.084
7820.000	0.084
7830.000	0.085
7840.000	0.085
7850.000	0.085
7860.000	0.085
7870.000	0.084
7880.000	0.084
7890.000	0.085
7900.000	0.085
7910.000	0.086
7920.000	0.086
7930.000	0.085
7940.000	0.085
7950.000	0.085
7960.000	0.084
7970.000	0.085
7980.000	0.085
7990.000	0.084
8000.000	0.084
8010.000	0.085
8020.000	0.086
8030.000	0.085
8040.000	0.085
8050.000	0.086
8060.000	0.086
8070.000	0.087
8080.000	0.087
8090.000	0.086
8100.000	0.086
8110.000	0.086
8120.000	0.086
8130.000	0.086
8140.000	0.087
8150.000	0.087
8160.000	0.087
8170.000	0.087
8180.000	0.086
8190.000	0.087
8200.000	0.087
8210.000	0.087
8220.000	0.087
8230.000	0.087
8240.000	0.087
8250.000	0.087
8260.000	0.087
8270.000	0.089
8280.000	0.088
8290.000	0.087
8300.000	0.087
8310.000	0.087
8320.000	0.087
8330.000	0.087
8340.000	0.087
8350.000	0.087
8360.000	0.087
8370.000	0.088
8380.000	0.087
8390.000	0.087
8400.000	0.087
8410.000	0.088
8420.000	0.087
8430.000	0.089
8440.000	0.088
8450.000	0.088
8460.000	0.088
8470.000	0.088
8480.000	0.088
8490.000	0.089
8500.000	0.088
8510.000	0.089
8520.000	0.088
8530.000	0.089
8540.000	0.089
8550.000	0.088
8560.000	0.090
8570.000	0.090
8580.000	0.089
8590.000	0.090
8600.000	0.089
8610.000	0.089
8620.000	0.088
8630.000	0.089
8640.000	0.089
8650.000	0.089
8660.000	0.089
8670.000	0.090
8680.000	0.090
8690.000	0.089
8700.000	0.089
8710.000	0.089
8720.000	0.090
8730.000	0.089
8740.000	0.090
8750.000	0.089
8760.000	0.090
8770.000	0.090
8780.000	0.090
8790.000	0.089
8800.000	0.089
8810.000	0.089
8820.000	0.089
8830.000	0.089
8840.000	0.090
8850.000	0.090
8860.000	0.090
8870.000	0.091
8880.000	0.090
8890.000	0.090
8900.000	0.090
8910.000	0.090
8920.000	0.091
8930.000	0.090
8940.000	0.090
8950.000	0.091
8960.000	0.091
8970.000	0.091
8980.000	0.091
8990.000	0.092
9000.000	0.091
9010.000	0.091
9020.000	0.091
9030.000	0.092
9040.000	0.092
9050.000	0.091
9060.000	0.091
9070.000	0.091
9080.000	0.091
9090.000	0.091
9100.000	0.091
9110.000	0.092
9120.000	0.092
9130.000	0.092
9140.000	0.092
9150.000	0.092
9160.000	0.092
9170.000	0.092
9180.000	0.092
9190.000	0.092
9200.000	0.092
9210.000	0.092
9220.000	0.092
9230.000	0.092
9240.000	0.092
9250.000	0.092
9260.000	0.093
9270.000	0.093
9280.000	0.093
9290.000	0.092
9300.000	0.093
9310.000	0.094
9320.000	0.093
9330.000	0.093
9340.000	0.093
9350.000	0.093
9360.000	0.094
9370.000	0.094
9380.000	0.094
9390.000	0.093
9400.000	0.093
9410.000	0.093
9420.000	0.093
9430.000	0.092
9440.000	0.093
9450.000	0.094
9460.000	0.094
9470.000	0.094
9480.000	0.093
9490.000	0.095
9500.000	0.094
9510.000	0.094
9520.000	0.094
9530.000	0.095
9540.000	0.095
9550.000	0.094
9560.000	0.094
9570.000	0.094
9580.000	0.093
9590.000	0.094
9600.000	0.095
9610.000	0.094
9620.000	0.094
9630.000	0.096
9640.000	0.095
9650.000	0.095
9660.000	0.094
9670.000	0.095
9680.000	0.094
9690.000	0.094
9700.000	0.095
9710.000	0.094
9720.000	0.095
9730.000	0.095
9740.000	0.096
9750.000	0.096
9760.000	0.096
9770.000	0.096
9780.000	0.095
9790.000	0.096
9800.000	0.096
9810.000	0.096
9820.000	0.096
9830.000	0.097
9840.000	0.096
9850.000	0.096
9860.000	0.096
9870.000	0.095
9880.000	0.096
9890.000	0.095
9900.000	0.095
9910.000	0.096
9920.000	0.096
9930.000	0.096
9940.000	0.096
9950.000	0.097
9960.000	0.096
9970.000	0.096
9980.000	0.096
9990.000	0.096
10000.000	0.096
10010.000	0.096
10020.000	0.097
10030.000	0.096
10040.000	0.097
10050.000	0.096
10060.000	0.097
10070.000	0.097
10080.000	0.098
10090.000	0.097
10100.000	0.096
10110.000	0.097
10120.000	0.097
10130.000	0.097
10140.000	0.098
10150.000	0.098
10160.000	0.098
10170.000	0.098
10180.000	0.097
10190.000	0.097
10200.000	0.097
10210.000	0.097
10220.000	0.098
10230.000	0.097
10240.000	0.098
10250.000	0.098
10260.000	0.098
10270.000	0.098
10280.000	0.098
10290.000	0.098
10300.000	0.098
10310.000	0.099
10320.000	0.098
10330.000	0.097
10340.000	0.098
10350.000	0.098
10360.000	0.097
10370.000	0.099
10380.000	0.099
10390.000	0.099
10400.000	0.098
10410.000	0.099
10420.000	0.099
10430.000	0.098
10440.000	0.098
10450.000	0.098
10460.000	0.099
10470.000	0.099
10480.000	0.099
10490.000	0.099
10500.000	0.099
10510.000	0.099
10520.000	0.099
10530.000	0.099
10540.000	0.100
10550.000	0.100
10560.000	0.099
10570.000	0.100
10580.000	0.100
10590.000	0.099
10600.000	0.100
10610.000	0.100
10620.000	0.100
10630.000	0.101
10640.000	0.100
10650.000	0.100
10660.000	0.100
10670.000	0.100
10680.000	0.099
10690.000	0.100
10700.000	0.100
10710.000	0.100
10720.000	0.100
10730.000	0.100
10740.000	0.100
10750.000	0.100
10760.000	0.099
10770.000	0.100
10780.000	0.100
10790.000	0.100
10800.000	0.100
10810.000	0.101
10820.000	0.100
10830.000	0.100
10840.000	0.100
10850.000	0.101
10860.000	0.101
10870.000	0.102
10880.000	0.102
10890.000	0.101
10900.000	0.101
10910.000	0.101
10920.000	0.101
10930.000	0.100
10940.000	0.100
10950.000	0.102
10960.000	0.102
10970.000	0.102
10980.000	0.101
10990.000	0.102
11000.000	0.102
11010.000	0.102
11020.000	0.101
11030.000	0.102
11040.000	0.102
11050.000	0.101
11060.000	0.102
11070.000	0.101
11080.000	0.102
11090.000	0.102
11100.000	0.103
11110.000	0.102
11120.000	0.102
11130.000	0.102
11140.000	0.102
11150.000	0.102
11160.000	0.102
11170.000	0.101
11180.000	0.102
11190.000	0.102
11200.000	0.102
11210.000	0.102
11220.000	0.103
11230.000	0.103
11240.000	0.103
11250.000	0.103
11260.000	0.103
11270.000	0.102
11280.000	0.102
11290.000	0.103
11300.000	0.103
11310.000	0.103
11320.000	0.104
11330.000	0.103
11340.000	0.104
11350.000	0.103
11360.000	0.103
11370.000	0.103
11380.000	0.104
11390.000	0.104
11400.000	0.104
11410.000	0.104
11420.000	0.104
11430.000	0.104
11440.000	0.104
11450.000	0.105
11460.000	0.104
11470.000	0.103
11480.000	0.104
11490.000	0.104
11500.000	0.104
11510.000	0.104
11520.000	0.103
11530.000	0.103
11540.000	0.104
11550.000	0.104
11560.000	0.105
11570.000	0.104
11580.000	0.104
11590.000	0.104
11600.000	0.104
11610.000	0.105
11620.000	0.104
11630.000	0.104
11640.000	0.104
11650.000	0.104
11660.000	0.105
11670.000	0.105
11680.000	0.106
11690.000	0.105
11700.000	0.105
11710.000	0.105
11720.000	0.105
11730.000	0.104
11740.000	0.105
11750.000	0.105
11760.000	0.106
11770.000	0.106
11780.000	0.106
11790.000	0.106
11800.000	0.106
11810.000	0.106
11820.000	0.105
11830.000	0.105
11840.000	0.105
11850.000	0.105
11860.000	0.106
11870.000	0.105
11880.000	0.106
11890.000	0.105
11900.000	0.106
11910.000	0.106
11920.000	0.106
11930.000	0.105
11940.000	0.106
11950.000	0.105
11960.000	0.106
11970.000	0.106
11980.000	0.106
11990.000	0.106
12000.000	0.106
12010.000	0.106
12020.000	0.107
12030.000	0.107
12040.000	0.107
12050.000	0.107
12060.000	0.108
12070.000	0.107
12080.000	0.107
12090.000	0.107
12100.000	0.107
12110.000	0.107
12120.000	0.107
12130.000	0.107
12140.000	0.107
12150.000	0.107
12160.000	0.108
12170.000	0.107
12180.000	0.107
12190.000	0.108
12200.000	0.108
12210.000	0.108
12220.000	0.107
12230.000	0.106
12240.000	0.107
12250.000	0.108
12260.000	0.108
12270.000	0.107
12280.000	0.108
12290.000	0.107
12300.000	0.106
12310.000	0.107
12320.000	0.108
12330.000	0.107
12340.000	0.107
12350.000	0.107
12360.000	0.109
12370.000	0.107
12380.000	0.108
12390.000	0.107
12400.000	0.106
12410.000	0.107
12420.000	0.107
12430.000	0.109
12440.000	0.109
12450.000	0.108
12460.000	0.107
12470.000	0.108
12480.000	0.108
12490.000	0.108
12500.000	0.109
12510.000	0.108
12520.000	0.109
12530.000	0.108
12540.000	0.108
12550.000	0.109
12560.000	0.109
12570.000	0.109
12580.000	0.109
12590.000	0.109
12600.000	0.110
12610.000	0.109
12620.000	0.109
12630.000	0.108
12640.000	0.109
12650.000	0.110
12660.000	0.109
12670.000	0.110
12680.000	0.110
12690.000	0.109
12700.000	0.110
12710.000	0.109
12720.000	0.109
12730.000	0.110
12740.000	0.109
12750.000	0.110
12760.000	0.110
12770.000	0.110
12780.000	0.110
12790.000	0.109
12800.000	0.109
12810.000	0.109
12820.000	0.110
12830.000	0.109
12840.000	0.110
12850.000	0.111
12860.000	0.110
12870.000	0.111
12880.000	0.110
12890.000	0.111
12900.000	0.111
12910.000	0.111
12920.000	0.110
12930.000	0.111
12940.000	0.111
12950.000	0.111
12960.000	0.111
12970.000	0.111
12980.000	0.111
12990.000	0.111
13000.000	0.111
13010.000	0.112
13020.000	0.111
13030.000	0.111
13040.000	0.112
13050.000	0.111
13060.000	0.111
13070.000	0.111
13080.000	0.111
13090.000	0.112
13100.000	0.112
13110.000	0.112
13120.000	0.111
13130.000	0.111
13140.000	0.111
13150.000	0.112
13160.000	0.112
13170.000	0.111
13180.000	0.111
13190.000	0.111
13200.000	0.112
13210.000	0.111
13220.000	0.112
13230.000	0.112
13240.000	0.111
13250.000	0.112
13260.000	0.112
13270.000	0.112
13280.000	0.112
13290.000	0.112
13300.000	0.112
13310.000	0.113
13320.000	0.113
13330.000	0.113
13340.000	0.115
13350.000	0.114
13360.000	0.113
13370.000	0.113
13380.000	0.111
13390.000	0.111
13400.000	0.112
13410.000	0.112
13420.000	0.112
13430.000	0.113
13440.000	0.114
13450.000	0.114
13460.000	0.115
13470.000	0.114
13480.000	0.114
13490.000	0.113
13500.000	0.114
13510.000	0.113
13520.000	0.113
13530.000	0.113
13540.000	0.112
13550.000	0.114
13560.000	0.113
13570.000	0.115
13580.000	0.114
13590.000	0.114
13600.000	0.114
13610.000	0.113
13620.000	0.113
13630.000	0.112
13640.000	0.113
13650.000	0.113
13660.000	0.112
13670.000	0.113
13680.000	0.113
13690.000	0.113
13700.000	0.114
13710.000	0.116
13720.000	0.116
13730.000	0.116
13740.000	0.114
13750.000	0.114
13760.000	0.114
13770.000	0.114
13780.000	0.114
13790.000	0.114
13800.000	0.115
13810.000	0.115
13820.000	0.115
13830.000	0.116
13840.000	0.116
13850.000	0.116
13860.000	0.117
13870.000	0.117
13880.000	0.118
13890.000	0.115
13900.000	0.115
13910.000	0.114
13920.000	0.114
13930.000	0.114
13940.000	0.114
13950.000	0.114
13960.000	0.114
13970.000	0.115
13980.000	0.116
13990.000	0.117
14000.000	0.117
14010.000	0.118
14020.000	0.118
14030.000	0.118
14040.000	0.117
14050.000	0.116
14060.000	0.115
14070.000	0.114
14080.000	0.113
14090.000	0.113
14100.000	0.114
14110.000	0.115
14120.000	0.115
14130.000	0.116
14140.000	0.116
14150.000	0.117
14160.000	0.117
14170.000	0.118
14180.000	0.119
14190.000	0.120
14200.000	0.119
14210.000	0.118
14220.000	0.117
14230.000	0.116
14240.000	0.115
14250.000	0.114
14260.000	0.114
14270.000	0.115
14280.000	0.116
14290.000	0.117
14300.000	0.117
14310.000	0.118
14320.000	0.118
14330.000	0.119
14340.000	0.120
14350.000	0.120
14360.000	0.120
14370.000	0.120
14380.000	0.120
14390.000	0.118
14400.000	0.117
14410.000	0.116
14420.000	0.116
14430.000	0.115
14440.000	0.116
14450.000	0.116
14460.000	0.117
14470.000	0.119
14480.000	0.118
14490.000	0.119
14500.000	0.119
14510.000	0.120
14520.000	0.119
14530.000	0.121
14540.000	0.122
14550.000	0.122
14560.000	0.122
14570.000	0.123
14580.000	0.121
14590.000	0.120
14600.000	0.118
14610.000	0.117
14620.000	0.116
14630.000	0.115
14640.000	0.115
14650.000	0.116
14660.000	0.116
14670.000	0.117
14680.000	0.118
14690.000	0.119
14700.000	0.120
14710.000	0.121
14720.000	0.122
14730.000	0.122
14740.000	0.123
14750.000	0.124
14760.000	0.124
14770.000	0.123
14780.000	0.122
14790.000	0.122
14800.000	0.120
14810.000	0.118
14820.000	0.117
14830.000	0.116
14840.000	0.116
14850.000	0.115
14860.000	0.116
14870.000	0.116
14880.000	0.118
14890.000	0.119
14900.000	0.119
14910.000	0.121
14920.000	0.122
14930.000	0.124
14940.000	0.124
14950.000	0.125
14960.000	0.125
14970.000	0.125
14980.000	0.127
14990.000	0.126
15000.000	0.124
15010.000	0.124
15020.000	0.121
15030.000	0.118
15040.000	0.116
15050.000	0.116
15060.000	0.117
15070.000	0.118
15080.000	0.118
15090.000	0.117
15100.000	0.119
15110.000	0.120
15120.000	0.121
15130.000	0.122
15140.000	0.122
15150.000	0.123
15160.000	0.123
15170.000	0.123
15180.000	0.123
15190.000	0.125
15200.000	0.126
15210.000	0.126
15220.000	0.126
15230.000	0.124
15240.000	0.121
15250.000	0.119
15260.000	0.118
15270.000	0.116
15280.000	0.115
15290.000	0.116
15300.000	0.116
15310.000	0.118
15320.000	0.119
15330.000	0.120
15340.000	0.120
15350.000	0.122
15360.000	0.124
15370.000	0.125
15380.000	0.126
15390.000	0.127
15400.000	0.127
15410.000	0.128
15420.000	0.128
15430.000	0.129
15440.000	0.130
15450.000	0.131
15460.000	0.130
15470.000	0.127
15480.000	0.124
15490.000	0.121
15500.000	0.118
15510.000	0.117
15520.000	0.117
15530.000	0.118
15540.000	0.118
15550.000	0.118
15560.000	0.118
15570.000	0.119
15580.000	0.120
15590.000	0.122
15600.000	0.123
15610.000	0.124
15620.000	0.127
15630.000	0.128
15640.000	0.129
15650.000	0.130
15660.000	0.131
15670.000	0.132
15680.000	0.134
15690.000	0.133
15700.000	0.133
15710.000	0.131
15720.000	0.129
15730.000	0.124
15740.000	0.121
15750.000	0.118
15760.000	0.116
15770.000	0.116
15780.000	0.117
15790.000	0.118
15800.000	0.119
15810.000	0.120
15820.000	0.122
15830.000	0.124
15840.000	0.124
15850.000	0.125
15860.000	0.126
15870.000	0.126
15880.000	0.126
15890.000	0.127
15900.000	0.127
15910.000	0.129
15920.000	0.129
15930.000	0.131
15940.000	0.133
15950.000	0.134
15960.000	0.134
15970.000	0.135
15980.000	0.134
15990.000	0.131
16000.000	0.128
16010.000	0.125
16020.000	0.121
16030.000	0.117
16040.000	0.116
16050.000	0.116
16060.000	0.117
16070.000	0.117
16080.000	0.120
16090.000	0.119
16100.000	0.121
16110.000	0.123
16120.000	0.124
16130.000	0.125
16140.000	0.128
16150.000	0.129
16160.000	0.130
16170.000	0.132
16180.000	0.133
16190.000	0.135
16200.000	0.135
16210.000	0.137
16220.000	0.138
16230.000	0.139
16240.000	0.138
16250.000	0.137
16260.000	0.135
16270.000	0.131
16280.000	0.127
16290.000	0.123
16300.000	0.118
16310.000	0.118
16320.000	0.117
16330.000	0.117
16340.000	0.118
16350.000	0.120
16360.000	0.121
16370.000	0.122
16380.000	0.123
16390.000	0.123
16400.000	0.126
16410.000	0.128
16420.000	0.128
16430.000	0.129
16440.000	0.131
16450.000	0.131
16460.000	0.132
16470.000	0.133
16480.000	0.135
16490.000	0.136
16500.000	0.136
16510.000	0.138
16520.000	0.139
16530.000	0.140
16540.000	0.141
16550.000	0.140
16560.000	0.136
16570.000	0.133
16580.000	0.127
16590.000	0.122
16600.000	0.119
16610.000	0.119
16620.000	0.120
16630.000	0.122
16640.000	0.122
16650.000	0.123
16660.000	0.124
16670.000	0.126
16680.000	0.127
16690.000	0.125
16700.000	0.126
16710.000	0.127
16720.000	0.129
16730.000	0.132
16740.000	0.134
16750.000	0.138
16760.000	0.139
16770.000	0.140
16780.000	0.140
16790.000	0.142
16800.000	0.143
16810.000	0.144
16820.000	0.147
16830.000	0.149
16840.000	0.149
16850.000	0.147
16860.000	0.144
16870.000	0.137
16880.000	0.131
16890.000	0.124
16900.000	0.119
16910.000	0.117
16920.000	0.117
16930.000	0.118
16940.000	0.119
16950.000	0.121
16960.000	0.122
16970.000	0.124
16980.000	0.124
16990.000	0.127
17000.000	0.128
17010.000	0.131
17020.000	0.133
17030.000	0.134
17040.000	0.135
17050.000	0.138
17060.000	0.140
17070.000	0.142
17080.000	0.142
17090.000	0.144
17100.000	0.144
17110.000	0.146
17120.000	0.146
17130.000	0.146
17140.000	0.149
17150.000	0.149
17160.000	0.150
17170.000	0.150
17180.000	0.147
17190.000	0.142
17200.000	0.134
17210.000	0.125
17220.000	0.119
17230.000	0.117
17240.000	0.118
17250.000	0.120
17260.000	0.121
17270.000	0.124
17280.000	0.127
17290.000	0.130
17300.000	0.130
17310.000	0.132
17320.000	0.133
17330.000	0.134
17340.000	0.135
17350.000	0.137
17360.000	0.139
17370.000	0.139
17380.000	0.141
17390.000	0.142
17400.000	0.144
17410.000	0.144
17420.000	0.147
17430.000	0.151
17440.000	0.151
17450.000	0.153
17460.000	0.155
17470.000	0.158
17480.000	0.159
17490.000	0.159
17500.000	0.158
17510.000	0.154
17520.000	0.147
17530.000	0.139
17540.000	0.130
17550.000	0.125
17560.000	0.121
17570.000	0.122
17580.000	0.123
17590.000	0.125
17600.000	0.127
17610.000	0.129
17620.000	0.129
17630.000	0.130
17640.000	0.130
17650.000	0.132
17660.000	0.135
17670.000	0.138
17680.000	0.141
17690.000	0.143
17700.000	0.143
17710.000	0.143
17720.000	0.142
17730.000	0.144
17740.000	0.147
17750.000	0.149
17760.000	0.153
17770.000	0.153
17780.000	0.155
17790.000	0.155
17800.000	0.156
17810.000	0.157
17820.000	0.160
17830.000	0.163
17840.000	0.166
17850.000	0.165
17860.000	0.161
17870.000	0.152
17880.000	0.141
17890.000	0.130
17900.000	0.122
17910.000	0.119
17920.000	0.119
17930.000	0.121
17940.000	0.123
17950.000	0.124
17960.000	0.126
17970.000	0.128
17980.000	0.130
17990.000	0.133
18000.000	0.135
18010.000	0.137
18020.000	0.139
18030.000	0.139
18040.000	0.141
18050.000	0.143
18060.000	0.146
18070.000	0.149
18080.000	0.152
18090.000	0.153
18100.000	0.152
18110.000	0.155
18120.000	0.158
18130.000	0.160
18140.000	0.162
18150.000	0.163
18160.000	0.163
18170.000	0.164
18180.000	0.165
18190.000	0.166
18200.000	0.164
18210.000	0.162
18220.000	0.156
18230.000	0.150
18240.000	0.142
18250.000	0.131
18260.000	0.126
18270.000	0.123
18280.000	0.123
18290.000	0.122
18300.000	0.122
18310.000	0.124
18320.000	0.125
18330.000	0.127
18340.000	0.128
18350.000	0.131
18360.000	0.135
18370.000	0.138
18380.000	0.139
18390.000	0.141
18400.000	0.141
18410.000	0.144
18420.000	0.147
18430.000	0.148
18440.000	0.151
18450.000	0.154
18460.000	0.154
18470.000	0.157
18480.000	0.155
18490.000	0.158
18500.000	0.160
18510.000	0.162
18520.000	0.165
18530.000	0.167
18540.000	0.169
18550.000	0.168
18560.000	0.170
18570.000	0.169
18580.000	0.168
18590.000	0.164
18600.000	0.153
18610.000	0.139
18620.000	0.124
18630.000	0.119
18640.000	0.117
18650.000	0.117
18660.000	0.118
18670.000	0.121
18680.000	0.125
18690.000	0.129
18700.000	0.131
18710.000	0.133
18720.000	0.135
18730.000	0.136
18740.000	0.138
18750.000	0.139
18760.000	0.142
18770.000	0.143
18780.000	0.144
18790.000	0.145
18800.000	0.145
18810.000	0.148
18820.000	0.149
18830.000	0.151
18840.000	0.153
18850.000	0.154
18860.000	0.156
18870.000	0.160
18880.000	0.162
18890.000	0.163
18900.000	0.167
18910.000	0.167
18920.000	0.169
18930.000	0.171
18940.000	0.174
18950.000	0.177
18960.000	0.176
18970.000	0.172
18980.000	0.167
18990.000	0.157
19000.000	0.143
19010.000	0.130
19020.000	0.121
19030.000	0.118
19040.000	0.118
19050.000	0.121
19060.000	0.122
19070.000	0.123
19080.000	0.123
19090.000	0.123
19100.000	0.127
19110.000	0.130
19120.000	0.133
19130.000	0.136
19140.000	0.137
19150.000	0.139
19160.000	0.141
19170.000	0.142
19180.000	0.145
19190.000	0.147
19200.000	0.149
19210.000	0.149
19220.000	0.152
19230.000	0.153
19240.000	0.156
19250.000	0.158
19260.000	0.159
19270.000	0.161
19280.000	0.162
19290.000	0.164
19300.000	0.167
19310.000	0.168
19320.000	0.172
19330.000	0.172
19340.000	0.176
19350.000	0.177
19360.000	0.177
19370.000	0.175
19380.000	0.170
19390.000	0.157
19400.000	0.138
19410.000	0.125
19420.000	0.119
19430.000	0.116
19440.000	0.116
19450.000	0.118
19460.000	0.119
19470.000	0.121
19480.000	0.122
19490.000	0.123
19500.000	0.126
19510.000	0.128
19520.000	0.131
19530.000	0.133
19540.000	0.136
19550.000	0.138
19560.000	0.140
19570.000	0.142
19580.000	0.144
19590.000	0.148
19600.000	0.149
19610.000	0.153
19620.000	0.157
19630.000	0.161
19640.000	0.161
19650.000	0.160
19660.000	0.162
19670.000	0.165
19680.000	0.168
19690.000	0.170
19700.000	0.173
19710.000	0.178
19720.000	0.179
19730.000	0.181
19740.000	0.181
19750.000	0.180
19760.000	0.181
19770.000	0.182
19780.000	0.179
19790.000	0.171
19800.000	0.156
19810.000	0.138
19820.000	0.123
19830.000	0.115
19840.000	0.111
19850.000	0.114
19860.000	0.116
19870.000	0.119
19880.000	0.119
19890.000	0.119
19900.000	0.123
19910.000	0.126
19920.000	0.129
19930.000	0.132
19940.000	0.136
19950.000	0.138
19960.000	0.139
19970.000	0.140
19980.000	0.142
19990.000	0.145
20000.000	0.145
20010.000	0.147
20020.000	0.150
20030.000	0.154
20040.000	0.155
20050.000	0.158
20060.000	0.159
20070.000	0.163
20080.000	0.167
20090.000	0.170
20100.000	0.172
20110.000	0.173
20120.000	0.176
20130.000	0.178
20140.000	0.179
20150.000	0.181
20160.000	0.183
20170.000	0.183
20180.000	0.186
20190.000	0.189
20200.000	0.186
20210.000	0.182
20220.000	0.171
20230.000	0.154
20240.000	0.136
20250.000	0.121
20260.000	0.115
20270.000	0.114
20280.000	0.115
20290.000	0.116
20300.000	0.118
20310.000	0.120
20320.000	0.123
20330.000	0.124
20340.000	0.127
20350.000	0.131
20360.000	0.135
20370.000	0.139
20380.000	0.142
20390.000	0.142
20400.000	0.144
20410.000	0.146
20420.000	0.150
20430.000	0.151
20440.000	0.154
20450.000	0.155
20460.000	0.158
20470.000	0.158
20480.000	0.161
20490.000	0.165
20500.000	0.167
20510.000	0.169
20520.000	0.173
20530.000	0.175
20540.000	0.177
20550.000	0.179
20560.000	0.181
20570.000	0.182
20580.000	0.184
20590.000	0.186
20600.000	0.187
20610.000	0.189
20620.000	0.192
20630.000	0.194
20640.000	0.195
20650.000	0.186
20660.000	0.175
20670.000	0.159
20680.000	0.136
20690.000	0.122
20700.000	0.115
20710.000	0.114
20720.000	0.115
20730.000	0.116
20740.000	0.119
20750.000	0.121
20760.000	0.125
20770.000	0.126
20780.000	0.128
20790.000	0.132
20800.000	0.137
20810.000	0.138
20820.000	0.142
20830.000	0.145
20840.000	0.148
20850.000	0.151
20860.000	0.154
20870.000	0.157
20880.000	0.160
20890.000	0.160
20900.000	0.160
20910.000	0.161
20920.000	0.166
20930.000	0.169
20940.000	0.173
20950.000	0.175
20960.000	0.178
20970.000	0.180
20980.000	0.182
20990.000	0.181
21000.000	0.183
21010.000	0.187
21020.000	0.189
21030.000	0.192
21040.000	0.192
21050.000	0.192
21060.000	0.195
21070.000	0.198
21080.000	0.200
21090.000	0.198
21100.000	0.193
21110.000	0.181
21120.000	0.161
21130.000	0.140
21140.000	0.122
21150.000	0.115
21160.000	0.112
21170.000	0.114
21180.000	0.117
21190.000	0.121
21200.000	0.125
21210.000	0.130
21220.000	0.133
21230.000	0.137
21240.000	0.140
21250.000	0.142
21260.000	0.144
21270.000	0.148
21280.000	0.150
21290.000	0.152
21300.000	0.156
21310.000	0.158
21320.000	0.162
21330.000	0.165
21340.000	0.165
21350.000	0.164
21360.000	0.164
21370.000	0.167
21380.000	0.172
21390.000	0.175
21400.000	0.180
21410.000	0.183
21420.000	0.184
21430.000	0.186
21440.000	0.187
21450.000	0.190
21460.000	0.192
21470.000	0.197
21480.000	0.199
21490.000	0.202
21500.000	0.201
21510.000	0.201
21520.000	0.202
21530.000	0.204
21540.000	0.205
21550.000	0.207
21560.000	0.203
21570.000	0.191
21580.000	0.171
21590.000	0.143
21600.000	0.123
21610.000	0.117
21620.000	0.116
21630.000	0.117
21640.000	0.119
21650.000	0.123
21660.000	0.127
21670.000	0.131
21680.000	0.132
21690.000	0.134
21700.000	0.136
21710.000	0.140
21720.000	0.144
21730.000	0.149
21740.000	0.154
21750.000	0.159
21760.000	0.161
21770.000	0.163
21780.000	0.164
21790.000	0.166
21800.000	0.168
21810.000	0.168
21820.000	0.170
21830.000	0.173
21840.000	0.176
21850.000	0.181
21860.000	0.184
21870.000	0.188
21880.000	0.190
21890.000	0.192
21900.000	0.195
21910.000	0.198
21920.000	0.200
21930.000	0.204
21940.000	0.204
21950.000	0.207
21960.000	0.210
21970.000	0.212
21980.000	0.212
21990.000	0.214
22000.000	0.217
22010.000	0.219
22020.000	0.220
22030.000	0.216
22040.000	0.208
22050.000	0.189
22060.000	0.163
22070.000	0.138
22080.000	0.123
22090.000	0.119
22100.000	0.117
22110.000	0.119
22120.000	0.122
22130.000	0.124
22140.000	0.127
22150.000	0.131
22160.000	0.135
22170.000	0.137
22180.000	0.141
22190.000	0.145
22200.000	0.150
22210.000	0.156
22220.000	0.160
22230.000	0.165
22240.000	0.168
22250.000	0.171
22260.000	0.173
22270.000	0.173
22280.000	0.174
22290.000	0.173
22300.000	0.178
22310.000	0.181
22320.000	0.185
22330.000	0.188
22340.000	0.192
22350.000	0.195
22360.000	0.200
22370.000	0.203
22380.000	0.205
22390.000	0.206
22400.000	0.209
22410.000	0.209
22420.000	0.212
22430.000	0.214
22440.000	0.214
22450.000	0.215
22460.000	0.214
22470.000	0.216
22480.000	0.218
22490.000	0.220
22500.000	0.220
22510.000	0.220
22520.000	0.216
22530.000	0.202
22540.000	0.180
22550.000	0.153
22560.000	0.132
22570.000	0.123
22580.000	0.120
22590.000	0.121
22600.000	0.124
22610.000	0.128
22620.000	0.130
22630.000	0.132
22640.000	0.134
22650.000	0.135
22660.000	0.140
22670.000	0.145
22680.000	0.152
22690.000	0.156
22700.000	0.158
22710.000	0.161
22720.000	0.166
22730.000	0.170
22740.000	0.175
22750.000	0.177
22760.000	0.179
22770.000	0.178
22780.000	0.178
22790.000	0.179
22800.000	0.184
22810.000	0.189
22820.000	0.194
22830.000	0.197
22840.000	0.194
22850.000	0.193
22860.000	0.194
22870.000	0.197
22880.000	0.199
22890.000	0.203
22900.000	0.205
22910.000	0.209
22920.000	0.213
22930.000	0.215
22940.000	0.215
22950.000	0.218
22960.000	0.222
22970.000	0.226
22980.000	0.226
22990.000	0.228
23000.000	0.230
23010.000	0.227
23020.000	0.220
23030.000	0.200
23040.000	0.174
23050.000	0.146
23060.000	0.127
23070.000	0.120
23080.000	0.119
23090.000	0.121
23100.000	0.122
23110.000	0.126
23120.000	0.129
23130.000	0.132
23140.000	0.135
23150.000	0.138
23160.000	0.143
23170.000	0.147
23180.000	0.151
23190.000	0.152
23200.000	0.153
23210.000	0.156
23220.000	0.159
23230.000	0.162
23240.000	0.165
23250.000	0.167
23260.000	0.168
23270.000	0.167
23280.000	0.168
23290.000	0.171
23300.000	0.174
23310.000	0.178
23320.000	0.183
23330.000	0.187
23340.000	0.190
23350.000	0.193
23360.000	0.196
23370.000	0.201
23380.000	0.204
23390.000	0.206
23400.000	0.207
23410.000	0.209
23420.000	0.213
23430.000	0.215
23440.000	0.218
23450.000	0.222
23460.000	0.225
23470.000	0.226
23480.000	0.226
23490.000	0.228
23500.000	0.230
23510.000	0.227
23520.000	0.223
23530.000	0.216
23540.000	0.203
23550.000	0.175
23560.000	0.147
23570.000	0.126
23580.000	0.117
23590.000	0.117
23600.000	0.116
23610.000	0.120
23620.000	0.122
23630.000	0.123
23640.000	0.126
23650.000	0.130
23660.000	0.132
23670.000	0.134
23680.000	0.136
23690.000	0.138
23700.000	0.142
23710.000	0.144
23720.000	0.147
23730.000	0.149
23740.000	0.152
23750.000	0.155
23760.000	0.160
23770.000	0.164
23780.000	0.169
23790.000	0.170
23800.000	0.172
23810.000	0.175
23820.000	0.177
23830.000	0.182
23840.000	0.186
23850.000	0.190
23860.000	0.193
23870.000	0.196
23880.000	0.200
23890.000	0.201
23900.000	0.205
23910.000	0.206
23920.000	0.210
23930.000	0.212
23940.000	0.214
23950.000	0.216
23960.000	0.218
23970.000	0.222
23980.000	0.224
23990.000	0.224
24000.000	0.227
24010.000	0.228
24020.000	0.226
24030.000	0.223
24040.000	0.219
24050.000	0.210
24060.000	0.189
24070.000	0.161
24080.000	0.133
24090.000	0.119
24100.000	0.114
24110.000	0.112
24120.000	0.113
24130.000	0.115
24140.000	0.117
24150.000	0.120
24160.000	0.122
24170.000	0.125
24180.000	0.128
24190.000	0.132
24200.000	0.136
24210.000	0.140
24220.000	0.142
24230.000	0.147
24240.000	0.151
24250.000	0.153
24260.000	0.157
24270.000	0.161
24280.000	0.162
24290.000	0.165
24300.000	0.169
24310.000	0.172
24320.000	0.173
24330.000	0.176
24340.000	0.179
24350.000	0.184
24360.000	0.186
24370.000	0.190
24380.000	0.194
24390.000	0.196
24400.000	0.202
24410.000	0.205
24420.000	0.208
24430.000	0.209
24440.000	0.210
24450.000	0.212
24460.000	0.214
24470.000	0.216
24480.000	0.220
24490.000	0.221
24500.000	0.219
24510.000	0.218
24520.000	0.217
24530.000	0.215
24540.000	0.212
24550.000	0.211
24560.000	0.211
24570.000	0.209
24580.000	0.197
24590.000	0.177
24600.000	0.152
24610.000	0.129
24620.000	0.118
24630.000	0.113
24640.000	0.113
24650.000	0.116
24660.000	0.118
24670.000	0.121
24680.000	0.124
24690.000	0.128
24700.000	0.132
24710.000	0.135
24720.000	0.138
24730.000	0.141
24740.000	0.143
24750.000	0.145
24760.000	0.149
24770.000	0.152
24780.000	0.156
24790.000	0.158
24800.000	0.161
24810.000	0.165
24820.000	0.169
24830.000	0.174
24840.000	0.178
24850.000	0.181
24860.000	0.184
24870.000	0.186
24880.000	0.189
24890.000	0.191
24900.000	0.194
24910.000	0.199
24920.000	0.201
24930.000	0.202
24940.000	0.206
24950.000	0.207
24960.000	0.208
24970.000	0.212
24980.000	0.213
24990.000	0.213
25000.000	0.209
25010.000	0.204
25020.000	0.202
25030.000	0.201
25040.000	0.203
25050.000	0.206
25060.000	0.208
25070.000	0.212
25080.000	0.213
25090.000	0.213
25100.000	0.212
25110.000	0.209
25120.000	0.195
25130.000	0.175
25140.000	0.144
25150.000	0.124
25160.000	0.120
25170.000	0.118
25180.000	0.120
25190.000	0.123
25200.000	0.126
25210.000	0.127
25220.000	0.131
25230.000	0.133
25240.000	0.136
25250.000	0.141
25260.000	0.145
25270.000	0.148
25280.000	0.151
25290.000	0.153
25300.000	0.154
25310.000	0.157
25320.000	0.159
25330.000	0.162
25340.000	0.166
25350.000	0.171
25360.000	0.175
25370.000	0.179
25380.000	0.182
25390.000	0.187
25400.000	0.190
25410.000	0.192
25420.000	0.192
25430.000	0.194
25440.000	0.199
25450.000	0.201
25460.000	0.202
25470.000	0.202
25480.000	0.203
25490.000	0.204
25500.000	0.205
25510.000	0.203
25520.000	0.198
25530.000	0.194
25540.000	0.193
25550.000	0.195
25560.000	0.198
25570.000	0.199
25580.000	0.201
25590.000	0.207
25600.000	0.209
25610.000	0.211
25620.000	0.214
25630.000	0.216
25640.000	0.218
25650.000	0.217
25660.000	0.214
25670.000	0.202
25680.000	0.176
25690.000	0.150
25700.000	0.131
25710.000	0.123
25720.000	0.122
25730.000	0.124
25740.000	0.126
25750.000	0.129
25760.000	0.132
25770.000	0.138
25780.000	0.141
25790.000	0.144
25800.000	0.149
25810.000	0.152
25820.000	0.156
25830.000	0.158
25840.000	0.160
25850.000	0.161
25860.000	0.165
25870.000	0.167
25880.000	0.169
25890.000	0.172
25900.000	0.175
25910.000	0.178
25920.000	0.183
25930.000	0.186
25940.000	0.190
25950.000	0.193
25960.000	0.195
25970.000	0.195
25980.000	0.194
25990.000	0.198
26000.000	0.201
26010.000	0.202
26020.000	0.200
26030.000	0.194
26040.000	0.187
26050.000	0.185
26060.000	0.185
26070.000	0.188
26080.000	0.188
26090.000	0.190
26100.000	0.195
26110.000	0.196
26120.000	0.198
26130.000	0.201
26140.000	0.205
26150.000	0.206
26160.000	0.210
26170.000	0.213
26180.000	0.215
26190.000	0.217
26200.000	0.219
26210.000	0.219
26220.000	0.212
26230.000	0.197
26240.000	0.170
26250.000	0.147
26260.000	0.133
26270.000	0.129
26280.000	0.129
26290.000	0.132
26300.000	0.137
26310.000	0.140
26320.000	0.143
26330.000	0.145
26340.000	0.150
26350.000	0.153
26360.000	0.157
26370.000	0.160
26380.000	0.165
26390.000	0.167
26400.000	0.169
26410.000	0.172
26420.000	0.175
26430.000	0.176
26440.000	0.176
26450.000	0.181
26460.000	0.185
26470.000	0.189
26480.000	0.191
26490.000	0.193
26500.000	0.196
26510.000	0.198
26520.000	0.202
26530.000	0.202
26540.000	0.201
26550.000	0.198
26560.000	0.191
26570.000	0.181
26580.000	0.177
26590.000	0.178
26600.000	0.180
26610.000	0.183
26620.000	0.186
26630.000	0.189
26640.000	0.190
26650.000	0.192
26660.000	0.194
26670.000	0.198
26680.000	0.199
26690.000	0.202
26700.000	0.206
26710.000	0.209
26720.000	0.211
26730.000	0.214
26740.000	0.218
26750.000	0.219
26760.000	0.222
26770.000	0.222
26780.000	0.219
26790.000	0.210
26800.000	0.189
26810.000	0.164
26820.000	0.143
26830.000	0.136
26840.000	0.136
26850.000	0.138
26860.000	0.141
26870.000	0.144
26880.000	0.149
26890.000	0.152
26900.000	0.154
26910.000	0.158
26920.000	0.160
26930.000	0.165
26940.000	0.167
26950.000	0.170
26960.000	0.174
26970.000	0.177
26980.000	0.181
26990.000	0.185
27000.000	0.188
27010.000	0.191
27020.000	0.195
27030.000	0.199
27040.000	0.201
27050.000	0.202
27060.000	0.203
27070.000	0.201
27080.000	0.200
27090.000	0.193
27100.000	0.183
27110.000	0.174
27120.000	0.171
27130.000	0.172
27140.000	0.173
27150.000	0.177
27160.000	0.180
27170.000	0.184
27180.000	0.186
27190.000	0.190
27200.000	0.193
27210.000	0.195
27220.000	0.196
27230.000	0.197
27240.000	0.201
27250.000	0.204
27260.000	0.206
27270.000	0.209
27280.000	0.211
27290.000	0.214
27300.000	0.215
27310.000	0.218
27320.000	0.219
27330.000	0.220
27340.000	0.220
27350.000	0.218
27360.000	0.212
27370.000	0.200
27380.000	0.179
27390.000	0.156
27400.000	0.144
27410.000	0.142
27420.000	0.143
27430.000	0.146
27440.000	0.148
27450.000	0.151
27460.000	0.154
27470.000	0.158
27480.000	0.162
27490.000	0.166
27500.000	0.169
27510.000	0.172
27520.000	0.172
27530.000	0.177
27540.000	0.181
27550.000	0.185
27560.000	0.187
27570.000	0.189
27580.000	0.192
27590.000	0.195
27600.000	0.197
27610.000	0.198
27620.000	0.196
27630.000	0.194
27640.000	0.183
27650.000	0.171
27660.000	0.164
27670.000	0.163
27680.000	0.166
27690.000	0.168
27700.000	0.171
27710.000	0.173
27720.000	0.177
27730.000	0.180
27740.000	0.183
27750.000	0.184
27760.000	0.187
27770.000	0.191
27780.000	0.193
27790.000	0.196
27800.000	0.199
27810.000	0.200
27820.000	0.202
27830.000	0.202
27840.000	0.206
27850.000	0.209
27860.000	0.210
27870.000	0.212
27880.000	0.215
27890.000	0.215
27900.000	0.219
27910.000	0.221
27920.000	0.221
27930.000	0.218
27940.000	0.216
27950.000	0.208
27960.000	0.192
27970.000	0.170
27980.000	0.156
27990.000	0.153
28000.000	0.152
28010.000	0.154
28020.000	0.156
28030.000	0.159
28040.000	0.162
28050.000	0.165
28060.000	0.168
28070.000	0.171
28080.000	0.175
28090.000	0.178
28100.000	0.182
28110.000	0.184
28120.000	0.188
28130.000	0.191
28140.000	0.190
28150.000	0.194
28160.000	0.194
28170.000	0.196
28180.000	0.193
28190.000	0.185
28200.000	0.172
28210.000	0.160
28220.000	0.155
28230.000	0.156
28240.000	0.158
28250.000	0.159
28260.000	0.163
28270.000	0.169
28280.000	0.170
28290.000	0.172
28300.000	0.172
28310.000	0.175
28320.000	0.177
28330.000	0.180
28340.000	0.181
28350.000	0.186
28360.000	0.187
28370.000	0.189
28380.000	0.192
28390.000	0.194
28400.000	0.197
28410.000	0.200
28420.000	0.201
28430.000	0.204
28440.000	0.206
28450.000	0.208
28460.000	0.211
28470.000	0.213
28480.000	0.215
28490.000	0.217
28500.000	0.219
28510.000	0.221
28520.000	0.222
28530.000	0.219
28540.000	0.210
28550.000	0.196
28560.000	0.176
28570.000	0.164
28580.000	0.159
28590.000	0.159
28600.000	0.161
28610.000	0.165
28620.000	0.168
28630.000	0.171
28640.000	0.173
28650.000	0.175
28660.000	0.179
28670.000	0.180
28680.000	0.183
28690.000	0.186
28700.000	0.187
28710.000	0.189
28720.000	0.190
28730.000	0.190
28740.000	0.189
28750.000	0.182
28760.000	0.168
28770.000	0.155
28780.000	0.149
28790.000	0.149
28800.000	0.148
28810.000	0.149
28820.000	0.152
28830.000	0.154
28840.000	0.156
28850.000	0.158
28860.000	0.162
28870.000	0.167
28880.000	0.170
28890.000	0.171
28900.000	0.174
28910.000	0.177
28920.000	0.177
28930.000	0.181
28940.000	0.183
28950.000	0.185
28960.000	0.188
28970.000	0.190
28980.000	0.194
28990.000	0.197
29000.000	0.201
29010.000	0.203
29020.000	0.204
29030.000	0.206
29040.000	0.209
29050.000	0.210
29060.000	0.212
29070.000	0.213
29080.000	0.215
29090.000	0.218
29100.000	0.218
29110.000	0.218
29120.000	0.217
29130.000	0.216
29140.000	0.208
29150.000	0.194
29160.000	0.179
29170.000	0.171
29180.000	0.169
29190.000	0.167
29200.000	0.170
29210.000	0.171
29220.000	0.174
29230.000	0.176
29240.000	0.179
29250.000	0.180
29260.000	0.183
29270.000	0.184
29280.000	0.188
29290.000	0.189
29300.000	0.188
29310.000	0.184
29320.000	0.177
29330.000	0.161
29340.000	0.147
29350.000	0.142
29360.000	0.141
29370.000	0.141
29380.000	0.143
29390.000	0.145
29400.000	0.149
29410.000	0.151
29420.000	0.154
29430.000	0.157
29440.000	0.159
29450.000	0.162
29460.000	0.165
29470.000	0.167
29480.000	0.170
29490.000	0.172
29500.000	0.175
29510.000	0.178
29520.000	0.180
29530.000	0.181
29540.000	0.182
29550.000	0.184
29560.000	0.185
29570.000	0.188
29580.000	0.190
29590.000	0.192
29600.000	0.195
29610.000	0.197
29620.000	0.199
29630.000	0.201
29640.000	0.203
29650.000	0.205
29660.000	0.207
29670.000	0.208
29680.000	0.210
29690.000	0.212
29700.000	0.213
29710.000	0.214
29720.000	0.214
29730.000	0.213
29740.000	0.206
29750.000	0.197
29760.000	0.185
29770.000	0.177
29780.000	0.174
29790.000	0.173
29800.000	0.174
29810.000	0.175
29820.000	0.177
29830.000	0.177
29840.000	0.180
29850.000	0.181
29860.000	0.181
29870.000	0.185
29880.000	0.184
29890.000	0.183
29900.000	0.174
29910.000	0.161
29920.000	0.146
29930.000	0.141
29940.000	0.138
29950.000	0.139
29960.000	0.141
29970.000	0.144
29980.000	0.148
29990.000	0.149
30000.000	0.152
30010.000	0.154
30020.000	0.156
30030.000	0.158
30040.000	0.160
30050.000	0.163
30060.000	0.165
30070.000	0.167
30080.000	0.170
30090.000	0.173
30100.000	0.172
30110.000	0.173
30120.000	0.175
30130.000	0.177
30140.000	0.177
30150.000	0.181
30160.000	0.181
30170.000	0.185
30180.000	0.187
30190.000	0.189
30200.000	0.191
30210.000	0.192
30220.000	0.193
30230.000	0.195
30240.000	0.198
30250.000	0.199
30260.000	0.200
30270.000	0.203
30280.000	0.202
30290.000	0.204
30300.000	0.206
30310.000	0.208
30320.000	0.209
30330.000	0.208
30340.000	0.207
30350.000	0.202
30360.000	0.196
30370.000	0.186
30380.000	0.179
30390.000	0.176
30400.000	0.175
30410.000	0.177
30420.000	0.178
30430.000	0.181
30440.000	0.181
30450.000	0.183
30460.000	0.184
30470.000	0.183
30480.000	0.179
30490.000	0.170
30500.000	0.156
30510.000	0.144
30520.000	0.139
30530.000	0.138
30540.000	0.139
30550.000	0.140
30560.000	0.143
30570.000	0.145
30580.000	0.146
30590.000	0.150
30600.000	0.152
30610.000	0.154
30620.000	0.158
30630.000	0.160
30640.000	0.162
30650.000	0.163
30660.000	0.164
30670.000	0.161
30680.000	0.161
30690.000	0.161
30700.000	0.164
30710.000	0.166
30720.000	0.170
30730.000	0.171
30740.000	0.172
30750.000	0.174
30760.000	0.175
30770.000	0.177
30780.000	0.180
30790.000	0.182
30800.000	0.183
30810.000	0.186
30820.000	0.187
30830.000	0.189
30840.000	0.191
30850.000	0.192
30860.000	0.194
30870.000	0.195
30880.000	0.195
30890.000	0.196
30900.000	0.196
30910.000	0.198
30920.000	0.199
30930.000	0.199
30940.000	0.201
30950.000	0.201
30960.000	0.200
30970.000	0.198
30980.000	0.190
30990.000	0.184
31000.000	0.180
31010.000	0.179
31020.000	0.180
31030.000	0.181
31040.000	0.181
31050.000	0.183
31060.000	0.182
31070.000	0.176
31080.000	0.168
31090.000	0.154
31100.000	0.143
31110.000	0.138
31120.000	0.138
31130.000	0.140
31140.000	0.141
31150.000	0.142
31160.000	0.145
31170.000	0.147
31180.000	0.149
31190.000	0.151
31200.000	0.152
31210.000	0.154
31220.000	0.155
31230.000	0.152
31240.000	0.152
31250.000	0.151
31260.000	0.153
31270.000	0.154
31280.000	0.157
31290.000	0.159
31300.000	0.161
31310.000	0.162
31320.000	0.164
31330.000	0.165
31340.000	0.167
31350.000	0.169
31360.000	0.170
31370.000	0.171
31380.000	0.172
31390.000	0.173
31400.000	0.175
31410.000	0.176
31420.000	0.177
31430.000	0.179
31440.000	0.180
31450.000	0.182
31460.000	0.183
31470.000	0.183
31480.000	0.185
31490.000	0.187
31500.000	0.189
31510.000	0.188
31520.000	0.190
31530.000	0.192
31540.000	0.194
31550.000	0.194
31560.000	0.195
31570.000	0.195
31580.000	0.193
31590.000	0.192
31600.000	0.188
31610.000	0.182
31620.000	0.178
31630.000	0.179
31640.000	0.178
31650.000	0.178
31660.000	0.176
31670.000	0.173
31680.000	0.165
31690.000	0.152
31700.000	0.143
31710.000	0.139
31720.000	0.138
31730.000	0.139
31740.000	0.141
31750.000	0.141
31760.000	0.143
31770.000	0.145
31780.000	0.146
31790.000	0.147
31800.000	0.146
31810.000	0.143
31820.000	0.141
31830.000	0.141
31840.000	0.143
31850.000	0.144
31860.000	0.145
31870.000	0.147
31880.000	0.148
31890.000	0.149
31900.000	0.152
31910.000	0.153
31920.000	0.155
31930.000	0.157
31940.000	0.158
31950.000	0.159
31960.000	0.160
31970.000	0.161
31980.000	0.161
31990.000	0.164
32000.000	0.166
32010.000	0.167
32020.000	0.168
32030.000	0.169
32040.000	0.171
32050.000	0.173
32060.000	0.174
32070.000	0.175
32080.000	0.175
32090.000	0.175
32100.000	0.176
32110.000	0.178
32120.000	0.179
32130.000	0.180
32140.000	0.180
32150.000	0.182
32160.000	0.181
32170.000	0.181
32180.000	0.182
32190.000	0.182
32200.000	0.182
32210.000	0.181
32220.000	0.180
32230.000	0.177
32240.000	0.174
32250.000	0.172
32260.000	0.171
32270.000	0.169
32280.000	0.161
32290.000	0.152
32300.000	0.142
32310.000	0.137
32320.000	0.136
32330.000	0.137
32340.000	0.138
32350.000	0.138
32360.000	0.140
32370.000	0.139
32380.000	0.138
32390.000	0.134
32400.000	0.131
32410.000	0.131
32420.000	0.131
32430.000	0.132
32440.000	0.133
32450.000	0.134
32460.000	0.137
32470.000	0.139
32480.000	0.139
32490.000	0.140
32500.000	0.141
32510.000	0.143
32520.000	0.146
32530.000	0.146
32540.000	0.147
32550.000	0.148
32560.000	0.149
32570.000	0.150
32580.000	0.151
32590.000	0.152
32600.000	0.154
32610.000	0.154
32620.000	0.156
32630.000	0.157
32640.000	0.158
32650.000	0.159
32660.000	0.159
32670.000	0.160
32680.000	0.160
32690.000	0.161
32700.000	0.161
32710.000	0.163
32720.000	0.164
32730.000	0.165
32740.000	0.164
32750.000	0.163
32760.000	0.165
32770.000	0.165
32780.000	0.166
32790.000	0.166
32800.000	0.167
32810.000	0.168
32820.000	0.169
32830.000	0.168
32840.000	0.168
32850.000	0.166
32860.000	0.163
32870.000	0.160
32880.000	0.157
32890.000	0.151
32900.000	0.143
32910.000	0.136
32920.000	0.132
32930.000	0.130
32940.000	0.130
32950.000	0.130
32960.000	0.127
32970.000	0.125
32980.000	0.121
32990.000	0.119
33000.000	0.118
33010.000	0.119
33020.000	0.121
33030.000	0.121
33040.000	0.123
33050.000	0.124
33060.000	0.125
33070.000	0.127
33080.000	0.128
33090.000	0.129
33100.000	0.131
33110.000	0.130
33120.000	0.132
33130.000	0.133
33140.000	0.133
33150.000	0.132
33160.000	0.134
33170.000	0.136
33180.000	0.137
33190.000	0.138
33200.000	0.140
33210.000	0.139
33220.000	0.139
33230.000	0.140
33240.000	0.141
33250.000	0.141
33260.000	0.141
33270.000	0.142
33280.000	0.143
33290.000	0.144
33300.000	0.142
33310.000	0.143
33320.000	0.144
33330.000	0.144
33340.000	0.145
33350.000	0.145
33360.000	0.147
33370.000	0.146
33380.000	0.146
33390.000	0.147
33400.000	0.146
33410.000	0.147
33420.000	0.147
33430.000	0.147
33440.000	0.148
33450.000	0.147
33460.000	0.146
33470.000	0.147
33480.000	0.145
33490.000	0.143
33500.000	0.140
33510.000	0.133
33520.000	0.125
33530.000	0.121
33540.000	0.119
33550.000	0.117
33560.000	0.114
33570.000	0.110
33580.000	0.106
33590.000	0.104
33600.000	0.106
33610.000	0.106
33620.000	0.107
33630.000	0.108
33640.000	0.107
33650.000	0.109
33660.000	0.110
33670.000	0.110
33680.000	0.111
33690.000	0.112
33700.000	0.112
33710.000	0.113
33720.000	0.114
33730.000	0.115
33740.000	0.117
33750.000	0.116
33760.000	0.116
33770.000	0.117
33780.000	0.117
33790.000	0.117
33800.000	0.118
33810.000	0.119
33820.000	0.119
33830.000	0.119
33840.000	0.120
33850.000	0.120
33860.000	0.120
33870.000	0.120
33880.000	0.121
33890.000	0.122
33900.000	0.122
33910.000	0.122
33920.000	0.122
33930.000	0.122
33940.000	0.123
33950.000	0.122
33960.000	0.123
33970.000	0.123
33980.000	0.123
33990.000	0.124
34000.000	0.124
34010.000	0.123
34020.000	0.124
34030.000	0.124
34040.000	0.124
34050.000	0.124
34060.000	0.123
34070.000	0.124
34080.000	0.124
34090.000	0.122
34100.000	0.122
34110.000	0.121
34120.000	0.118
34130.000	0.114
34140.000	0.109
34150.000	0.103
34160.000	0.098
34170.000	0.094
34180.000	0.091
34190.000	0.090
34200.000	0.090
34210.000	0.090
34220.000	0.091
34230.000	0.091
34240.000	0.091
34250.000	0.092
34260.000	0.092
34270.000	0.092
34280.000	0.094
34290.000	0.094
34300.000	0.095
34310.000	0.095
34320.000	0.096
34330.000	0.095
34340.000	0.097
34350.000	0.096
34360.000	0.097
34370.000	0.097
34380.000	0.097
34390.000	0.097
34400.000	0.097
34410.000	0.098
34420.000	0.097
34430.000	0.099
34440.000	0.100
34450.000	0.100
34460.000	0.100
34470.000	0.100
34480.000	0.100
34490.000	0.100
34500.000	0.100
34510.000	0.100
34520.000	0.100
34530.000	0.099
34540.000	0.099
34550.000	0.100
34560.000	0.100
34570.000	0.100
34580.000	0.100
34590.000	0.100
34600.000	0.101
34610.000	0.100
34620.000	0.099
34630.000	0.100
34640.000	0.100
34650.000	0.099
34660.000	0.100
34670.000	0.099
34680.000	0.099
34690.000	0.099
34700.000	0.097
34710.000	0.098
34720.000	0.098
34730.000	0.097
34740.000	0.095
34750.000	0.092
34760.000	0.088
34770.000	0.082
34780.000	0.079
34790.000	0.076
34800.000	0.075
34810.000	0.074
34820.000	0.073
34830.000	0.074
34840.000	0.073
34850.000	0.074
34860.000	0.074
34870.000	0.075
34880.000	0.075
34890.000	0.075
34900.000	0.075
34910.000	0.075
34920.000	0.076
34930.000	0.076
34940.000	0.075
34950.000	0.076
34960.000	0.077
34970.000	0.077
34980.000	0.077
34990.000	0.076
35000.000	0.077
35010.000	0.077
35020.000	0.078
35030.000	0.077
35040.000	0.078
35050.000	0.077
35060.000	0.077
35070.000	0.077
35080.000	0.077
35090.000	0.077
35100.000	0.077
35110.000	0.078
35120.000	0.078
35130.000	0.078
35140.000	0.077
35150.000	0.078
35160.000	0.078
35170.000	0.077
35180.000	0.077
35190.000	0.077
35200.000	0.077
35210.000	0.077
35220.000	0.076
35230.000	0.076
35240.000	0.076
35250.000	0.076
35260.000	0.076
35270.000	0.076
35280.000	0.076
35290.000	0.076
35300.000	0.075
35310.000	0.075
35320.000	0.074
35330.000	0.074
35340.000	0.074
35350.000	0.073
35360.000	0.071
35370.000	0.069
35380.000	0.065
35390.000	0.061
35400.000	0.059
35410.000	0.058
35420.000	0.057
35430.000	0.057
35440.000	0.057
35450.000	0.057
35460.000	0.058
35470.000	0.057
35480.000	0.057
35490.000	0.058
35500.000	0.057
35510.000	0.058
35520.000	0.058
35530.000	0.059
35540.000	0.058
35550.000	0.057
35560.000	0.058
35570.000	0.058
35580.000	0.059
35590.000	0.058
35600.000	0.059
35610.000	0.058
35620.000	0.059
35630.000	0.058
35640.000	0.058
35650.000	0.059
35660.000	0.058
35670.000	0.058
35680.000	0.058
35690.000	0.058
35700.000	0.058
35710.000	0.058
35720.000	0.057
35730.000	0.057
35740.000	0.057
35750.000	0.057
35760.000	0.057
35770.000	0.057
35780.000	0.057
35790.000	0.057
35800.000	0.056
35810.000	0.057
35820.000	0.057
35830.000	0.056
35840.000	0.057
35850.000	0.057
35860.000	0.056
35870.000	0.055
35880.000	0.056
35890.000	0.055
35900.000	0.055
35910.000	0.054
35920.000	0.054
35930.000	0.054
35940.000	0.054
35950.000	0.054
35960.000	0.053
35970.000	0.051
35980.000	0.050
35990.000	0.048
36000.000	0.045
36010.000	0.044
36020.000	0.043
36030.000	0.042
36040.000	0.042
36050.000	0.042
36060.000	0.042
36070.000	0.043
36080.000	0.042
36090.000	0.041
36100.000	0.042
36110.000	0.041
36120.000	0.041
36130.000	0.042
36140.000	0.042
36150.000	0.042
36160.000	0.042
36170.000	0.041
36180.000	0.042
36190.000	0.042
36200.000	0.041
36210.000	0.041
36220.000	0.042
36230.000	0.043
36240.000	0.042
36250.000	0.042
36260.000	0.042
36270.000	0.042
36280.000	0.041
36290.000	0.042
36300.000	0.042
36310.000	0.042
36320.000	0.042
36330.000	0.041
36340.000	0.041
36350.000	0.041
36360.000	0.040
36370.000	0.041
36380.000	0.040
36390.000	0.040
36400.000	0.040
36410.000	0.040
36420.000	0.040
36430.000	0.039
36440.000	0.040
36450.000	0.039
36460.000	0.039
36470.000	0.039
36480.000	0.039
36490.000	0.038
36500.000	0.038
36510.000	0.039
36520.000	0.038
36530.000	0.038
36540.000	0.038
36550.000	0.038
36560.000	0.037
36570.000	0.037
36580.000	0.036
36590.000	0.035
36600.000	0.034
36610.000	0.032
36620.000	0.032
36630.000	0.031
36640.000	0.031
36650.000	0.030
36660.000	0.030
36670.000	0.030
36680.000	0.030
36690.000	0.030
36700.000	0.030
36710.000	0.030
36720.000	0.030
36730.000	0.030
36740.000	0.030
36750.000	0.029
36760.000	0.030
36770.000	0.030
36780.000	0.029
36790.000	0.030
36800.000	0.029
36810.000	0.029
36820.000	0.030
36830.000	0.030
36840.000	0.029
36850.000	0.030
36860.000	0.029
36870.000	0.029
36880.000	0.029
36890.000	0.029
36900.000	0.029
36910.000	0.029
36920.000	0.029
36930.000	0.029
36940.000	0.029
36950.000	0.028
36960.000	0.029
36970.000	0.028
36980.000	0.028
36990.000	0.029
37000.000	0.028
37010.000	0.028
37020.000	0.028
37030.000	0.027
37040.000	0.028
37050.000	0.028
37060.000	0.027
37070.000	0.026
37080.000	0.026
37090.000	0.027
37100.000	0.027
37110.000	0.027
37120.000	0.027
37130.000	0.027
37140.000	0.026
37150.000	0.026
37160.000	0.025
37170.000	0.025
37180.000	0.024
37190.000	0.023
37200.000	0.023
37210.000	0.022
37220.000	0.022
37230.000	0.021
37240.000	0.022
37250.000	0.021
37260.000	0.021
37270.000	0.021
37280.000	0.021
37290.000	0.021
37300.000	0.020
37310.000	0.022
37320.000	0.021
37330.000	0.021
37340.000	0.021
37350.000	0.020
37360.000	0.021
37370.000	0.021
37380.000	0.020
37390.000	0.020
37400.000	0.020
37410.000	0.020
37420.000	0.020
37430.000	0.020
37440.000	0.020
37450.000	0.021
37460.000	0.020
37470.000	0.020
37480.000	0.020
37490.000	0.020
37500.000	0.020
37510.000	0.019
37520.000	0.019
37530.000	0.019
37540.000	0.019
37550.000	0.020
37560.000	0.020
37570.000	0.019
37580.000	0.019
37590.000	0.019
37600.000	0.019
37610.000	0.019
37620.000	0.018
37630.000	0.019
37640.000	0.019
37650.000	0.018
37660.000	0.018
37670.000	0.018
37680.000	0.018
37690.000	0.017
37700.000	0.017
37710.000	0.018
37720.000	0.018
37730.000	0.018
37740.000	0.017
37750.000	0.017
37760.000	0.017
37770.000	0.017
37780.000	0.016
37790.000	0.016
37800.000	0.015
37810.000	0.015
37820.000	0.015
37830.000	0.015
37840.000	0.015
37850.000	0.015
37860.000	0.015
37870.000	0.014
37880.000	0.014
37890.000	0.014
37900.000	0.014
37910.000	0.014
37920.000	0.014
37930.000	0.014
37940.000	0.014
37950.000	0.014
37960.000	0.014
37970.000	0.014
37980.000	0.014
37990.000	0.013
38000.000	0.013
38010.000	0.013
38020.000	0.013
38030.000	0.014
38040.000	0.013
38050.000	0.014
38060.000	0.013
38070.000	0.013
38080.000	0.013
38090.000	0.013
38100.000	0.013
38110.000	0.013
38120.000	0.013
38130.000	0.012
38140.000	0.012
38150.000	0.012
38160.000	0.012
38170.000	0.013
38180.000	0.012
38190.000	0.012
38200.000	0.013
38210.000	0.013
38220.000	0.012
38230.000	0.012
38240.000	0.012
38250.000	0.012
38260.000	0.012
38270.000	0.012
38280.000	0.012
38290.000	0.011
38300.000	0.011
38310.000	0.011
38320.000	0.011
38330.000	0.012
38340.000	0.012
38350.000	0.010
38360.000	0.011
38370.000	0.010
38380.000	0.010
38390.000	0.009
38400.000	0.009
38410.000	0.009
38420.000	0.009
38430.000	0.009
38440.000	0.009
38450.000	0.009
38460.000	0.009
38470.000	0.008
38480.000	0.008
38490.000	0.008
38500.000	0.008
38510.000	0.008
38520.000	0.008
38530.000	0.008
38540.000	0.008
38550.000	0.008
38560.000	0.008
38570.000	0.008
38580.000	0.008
38590.000	0.007
38600.000	0.008
38610.000	0.007
38620.000	0.008
38630.000	0.008
38640.000	0.008
38650.000	0.008
38660.000	0.008
38670.000	0.007
38680.000	0.008
38690.000	0.008
38700.000	0.007
38710.000	0.008
38720.000	0.008
38730.000	0.007
38740.000	0.008
38750.000	0.007
38760.000	0.007
38770.000	0.008
38780.000	0.007
38790.000	0.007
38800.000	0.007
38810.000	0.007
38820.000	0.007
38830.000	0.007
38840.000	0.007
38850.000	0.007
38860.000	0.007
38870.000	0.007
38880.000	0.007
38890.000	0.007
38900.000	0.007
38910.000	0.007
38920.000	0.007
38930.000	0.007
38940.000	0.007
38950.000	0.007
38960.000	0.007
38970.000	0.007
38980.000	0.007
38990.000	0.007
39000.000	0.007
39010.000	0.007
39020.000	0.006
39030.000	0.006
39040.000	0.006
39050.000	0.006
39060.000	0.006
39070.000	0.006
39080.000	0.006
39090.000	0.006
39100.000	0.006
39110.000	0.006
39120.000	0.006
39130.000	0.006
39140.000	0.006
39150.000	0.006
39160.000	0.006
39170.000	0.006
39180.000	0.005
39190.000	0.006
39200.000	0.006
39210.000	0.005
39220.000	0.006
39230.000	0.006
39240.000	0.005
39250.000	0.006
39260.000	0.006
39270.000	0.006
39280.000	0.005
39290.000	0.005
39300.000	0.005
39310.000	0.005
39320.000	0.005
39330.000	0.005
39340.000	0.005
39350.000	0.005
39360.000	0.005
39370.000	0.005
39380.000	0.005
39390.000	0.005
39400.000	0.005
39410.000	0.005
39420.000	0.005
39430.000	0.005
39440.000	0.005
39450.000	0.005
39460.000	0.005
39470.000	0.004
39480.000	0.005
39490.000	0.004
39500.000	0.004
39510.000	0.004
39520.000	0.004
39530.000	0.005
39540.000	0.004
39550.000	0.004
39560.000	0.004
39570.000	0.004
39580.000	0.004
39590.000	0.003
39600.000	0.004
39610.000	0.004
39620.000	0.003
39630.000	0.004
39640.000	0.003
39650.000	0.004
39660.000	0.003
39670.000	0.003
39680.000	0.003
39690.000	0.003
39700.000	0.004
39710.000	0.003
39720.000	0.003
39730.000	0.003
39740.000	0.003
39750.000	0.003
39760.000	0.003
39770.000	0.003
39780.000	0.003
39790.000	0.003
39800.000	0.003
39810.000	0.003
39820.000	0.003
39830.000	0.003
39840.000	0.003
39850.000	0.003
39860.000	0.003
39870.000	0.003
39880.000	0.003
39890.000	0.003
39900.000	0.003
39910.000	0.003
39920.000	0.002
39930.000	0.003
39940.000	0.003
39950.000	0.002
39960.000	0.002
39970.000	0.002
39980.000	0.003
39990.000	0.002
40000.000	0.003
40010.000	0.002
40020.000	0.002
40030.000	0.003
40040.000	0.002
40050.000	0.003
40060.000	0.002
40070.000	0.002
40080.000	0.002
40090.000	0.002
40100.000	0.002
40110.000	0.002
40120.000	0.002
40130.000	0.002
40140.000	0.002
40150.000	0.002
40160.000	0.002
40170.000	0.002
40180.000	0.002
40190.000	0.002
40200.000	0.002
40210.000	0.001
40220.000	0.001
40230.000	0.001
40240.000	0.002
40250.000	0.002
40260.000	0.002
40270.000	0.002
40280.000	0.001
40290.000	0.002
40300.000	0.002
40310.000	0.001
40320.000	0.002
40330.000	0.001
40340.000	0.001
40350.000	0.001
40360.000	0.001
40370.000	0.002
40380.000	0.001
40390.000	0.002
40400.000	0.002
40410.000	0.002
40420.000	0.001
40430.000	0.001
40440.000	0.001
40450.000	0.001
40460.000	0.001
40470.000	0.001
40480.000	0.001
40490.000	0.001
40500.000	0.001
40510.000	0.001
40520.000	0.000
40530.000	0.001
40540.000	0.001
40550.000	0.001
40560.000	0.001
40570.000	0.001
40580.000	0.000
40590.000	0.000
40600.000	0.001
40610.000	0.000
40620.000	0.001
40630.000	0.001
40640.000	0.000
40650.000	0.000
40660.000	0.001
40670.000	0.001
40680.000	0.000
40690.000	0.000
40700.000	0.001
40710.000	0.001
40720.000	0.000
40730.000	0.000
40740.000	0.000
40750.000	0.000
40760.000	-0.000
40770.000	-0.000
40780.000	0.000
40790.000	0.000
40800.000	0.000
40810.000	0.000
40820.000	0.000
40830.000	-0.000
40840.000	-0.000
40850.000	-0.000
40860.000	-0.000
40870.000	-0.000
40880.000	0.000
40890.000	-0.000
40900.000	-0.000
40910.000	-0.001
40920.000	-0.000
40930.000	0.000
40940.000	-0.000
40950.000	-0.000
40960.000	-0.000
40970.000	-0.001
40980.000	-0.000
40990.000	-0.000
41000.000	-0.000
41010.000	-0.000
41020.000	-0.000
41030.000	-0.000
41040.000	-0.001
41050.000	-0.000
41060.000	-0.000
41070.000	-0.001
41080.000	-0.001
41090.000	-0.001
41100.000	-0.001
41110.000	-0.000
41120.000	-0.001
41130.000	-0.001
41140.000	-0.001
41150.000	-0.001
41160.000	-0.001
41170.000	-0.001
41180.000	-0.000
41190.000	-0.000
41200.000	-0.001
41210.000	-0.001
41220.000	-0.001
41230.000	-0.001
41240.000	-0.001
41250.000	-0.001
41260.000	-0.001
41270.000	-0.001
41280.000	-0.001
41290.000	-0.001
41300.000	-0.001
41310.000	-0.001
41320.000	-0.001
41330.000	-0.001
41340.000	-0.002
41350.000	-0.001
41360.000	-0.001
41370.000	-0.001
41380.000	-0.001
41390.000	-0.001
41400.000	-0.001
41410.000	-0.001
41420.000	-0.001
41430.000	-0.002
41440.000	-0.002
41450.000	-0.001
41460.000	-0.001
41470.000	-0.001
41480.000	-0.001
41490.000	-0.002
41500.000	-0.001
41510.000	-0.001
41520.000	-0.001
41530.000	-0.001
41540.000	-0.002
41550.000	-0.001
41560.000	-0.001
41570.000	-0.001
41580.000	-0.002
41590.000	-0.001
41600.000	-0.001
41610.000	-0.001
41620.000	-0.002
41630.000	-0.002
41640.000	-0.002
41650.000	-0.001
41660.000	-0.002
41670.000	-0.002
41680.000	-0.001
41690.000	-0.002
41700.000	-0.001
41710.000	-0.002
41720.000	-0.002
41730.000	-0.002
41740.000	-0.001
41750.000	-0.002
41760.000	-0.002
41770.000	-0.002
41780.000	-0.002
41790.000	-0.002
41800.000	-0.002
41810.000	-0.002
41820.000	-0.002
41830.000	-0.002
41840.000	-0.002
41850.000	-0.002
41860.000	-0.002
41870.000	-0.002
41880.000	-0.002
41890.000	-0.002
41900.000	-0.002
41910.000	-0.002
41920.000	-0.002
41930.000	-0.002
41940.000	-0.002
41950.000	-0.002
41960.000	-0.002
41970.000	-0.002
41980.000	-0.002
41990.000	-0.002
42000.000	-0.002
42010.000	-0.002
42020.000	-0.002
42030.000	-0.002
42040.000	-0.002
42050.000	-0.002
42060.000	-0.002
42070.000	-0.002
42080.000	-0.002
42090.000	-0.002
42100.000	-0.002
42110.000	-0.002
42120.000	-0.002
42130.000	-0.002
42140.000	-0.002
42150.000	-0.002
42160.000	-0.002
42170.000	-0.003
42180.000	-0.002
42190.000	-0.002
42200.000	-0.002
42210.000	-0.002
42220.000	-0.002
42230.000	-0.002
42240.000	-0.002
42250.000	-0.002
42260.000	-0.002
42270.000	-0.002
42280.000	-0.003
42290.000	-0.003
42300.000	-0.003
42310.000	-0.002
42320.000	-0.003
42330.000	-0.002
42340.000	-0.002
42350.000	-0.003
42360.000	-0.003
42370.000	-0.003
42380.000	-0.003
42390.000	-0.002
42400.000	-0.002
42410.000	-0.002
42420.000	-0.003
42430.000	-0.002
42440.000	-0.002
42450.000	-0.003
42460.000	-0.002
42470.000	-0.003
42480.000	-0.002
42490.000	-0.003
42500.000	-0.003
42510.000	-0.003
42520.000	-0.003
42530.000	-0.003
42540.000	-0.003
42550.000	-0.003
42560.000	-0.002
42570.000	-0.003
42580.000	-0.003
42590.000	-0.003
42600.000	-0.002
42610.000	-0.003
42620.000	-0.003
42630.000	-0.003
42640.000	-0.003
42650.000	-0.003
42660.000	-0.002
42670.000	-0.003
42680.000	-0.003
42690.000	-0.003
42700.000	-0.003
42710.000	-0.003
42720.000	-0.003
42730.000	-0.003
42740.000	-0.003
42750.000	-0.003
42760.000	-0.002
42770.000	-0.003
42780.000	-0.003
42790.000	-0.003
42800.000	-0.003
42810.000	-0.003
42820.000	-0.003
42830.000	-0.003
42840.000	-0.003
42850.000	-0.003
42860.000	-0.003
42870.000	-0.003
42880.000	-0.003
42890.000	-0.003
42900.000	-0.003
42910.000	-0.003
42920.000	-0.003
42930.000	-0.003
42940.000	-0.003
42950.000	-0.003
42960.000	-0.003
42970.000	-0.003
42980.000	-0.002
42990.000	-0.003
43000.000	-0.003
43010.000	-0.002
43020.000	-0.003
43030.000	-0.003
43040.000	-0.003
43050.000	-0.003
43060.000	-0.003
43070.000	-0.003
43080.000	-0.003
43090.000	-0.003
43100.000	-0.003
43110.000	-0.003
43120.000	-0.003
43130.000	-0.003
43140.000	-0.003
43150.000	-0.003
43160.000	-0.003
43170.000	-0.003
43180.000	-0.003
43190.000	-0.003
43200.000	-0.003
43210.000	-0.003
43220.000	-0.003
43230.000	-0.003
43240.000	-0.003
43250.000	-0.003
43260.000	-0.003
43270.000	-0.003
43280.000	-0.003
43290.000	-0.003
43300.000	-0.003
43310.000	-0.003
43320.000	-0.003
43330.000	-0.003
43340.000	-0.003
43350.000	-0.003
43360.000	-0.003
43370.000	-0.003
43380.000	-0.003
43390.000	-0.003
43400.000	-0.003
43410.000	-0.003
43420.000	-0.003
43430.000	-0.003
43440.000	-0.003
43450.000	-0.003
43460.000	-0.004
43470.000	-0.003
43480.000	-0.004
43490.000	-0.003
43500.000	-0.003
43510.000	-0.003
43520.000	-0.003
43530.000	-0.003
43540.000	-0.003
43550.000	-0.004
43560.000	-0.003
43570.000	-0.003
43580.000	-0.003
43590.000	-0.003
43600.000	-0.003
43610.000	-0.003
43620.000	-0.004
43630.000	-0.003
43640.000	-0.003
43650.000	-0.003
43660.000	-0.003
43670.000	-0.003
43680.000	-0.003
43690.000	-0.003
43700.000	-0.004
43710.000	-0.003
43720.000	-0.004
43730.000	-0.003
43740.000	-0.004
43750.000	-0.003
43760.000	-0.003
43770.000	-0.003
43780.000	-0.004
43790.000	-0.003
43800.000	-0.003
43810.000	-0.004
43820.000	-0.003
43830.000	-0.003
43840.000	-0.004
43850.000	-0.003
43860.000	-0.004
43870.000	-0.003
43880.000	-0.004
43890.000	-0.003
43900.000	-0.003
43910.000	-0.003
43920.000	-0.003
43930.000	-0.004
43940.000	-0.003
43950.000	-0.003
43960.000	-0.003
43970.000	-0.004
43980.000	-0.004
43990.000	-0.004
44000.000	-0.003
44010.000	-0.003
44020.000	-0.003
44030.000	-0.003
44040.000	-0.003
44050.000	-0.003
44060.000	-0.004
44070.000	-0.003
44080.000	-0.004
44090.000	-0.004
44100.000	-0.003
44110.000	-0.004
44120.000	-0.003
44130.000	-0.003
44140.000	-0.003
44150.000	-0.004
44160.000	-0.004
44170.000	-0.003
44180.000	-0.004
44190.000	-0.003
44200.000	-0.004
44210.000	-0.003
44220.000	-0.003
44230.000	-0.003
44240.000	-0.003
44250.000	-0.004
44260.000	-0.003
44270.000	-0.003
44280.000	-0.003
44290.000	-0.004
44300.000	-0.003
44310.000	-0.004
44320.000	-0.004
44330.000	-0.004
44340.000	-0.004
44350.000	-0.003
44360.000	-0.004
44370.000	-0.003
44380.000	-0.003
44390.000	-0.004
44400.000	-0.004
44410.000	-0.004
44420.000	-0.004
44430.000	-0.004
44440.000	-0.004
44450.000	-0.004
44460.000	-0.003
44470.000	-0.004
44480.000	-0.004
44490.000	-0.004
44500.000	-0.004
44510.000	-0.004
44520.000	-0.003
44530.000	-0.004
44540.000	-0.004
44550.000	-0.003
44560.000	-0.004
44570.000	-0.003
44580.000	-0.003
44590.000	-0.004
44600.000	-0.004
44610.000	-0.004
44620.000	-0.004
44630.000	-0.003
44640.000	-0.004
44650.000	-0.004
44660.000	-0.004
44670.000	-0.003
44680.000	-0.003
44690.000	-0.003
44700.000	-0.004
44710.000	-0.004
44720.000	-0.004
44730.000	-0.003
44740.000	-0.004
44750.000	-0.004
44760.000	-0.003
44770.000	-0.004
44780.000	-0.004
44790.000	-0.004
44800.000	-0.004
44810.000	-0.004
44820.000	-0.004
44830.000	-0.003
44840.000	-0.003
44850.000	-0.004
44860.000	-0.004
44870.000	-0.004
44880.000	-0.004
44890.000	-0.004
44900.000	-0.004
44910.000	-0.004
44920.000	-0.004
44930.000	-0.003
44940.000	-0.004
44950.000	-0.003
44960.000	-0.004
44970.000	-0.003
44980.000	-0.004
44990.000	-0.003
45000.000	-0.004
45010.000	-0.003
45020.000	-0.004
45030.000	-0.004
45040.000	-0.004
45050.000	-0.004
45060.000	-0.004
45070.000	-0.004
45080.000	-0.003
45090.000	-0.003
45100.000	-0.004
45110.000	-0.004
45120.000	-0.003
45130.000	-0.004
45140.000	-0.004
45150.000	-0.003
45160.000	-0.003
45170.000	-0.004
45180.000	-0.004
45190.000	-0.004
45200.000	-0.004
45210.000	-0.004
45220.000	-0.004
45230.000	-0.004
45240.000	-0.003
45250.000	-0.004
45260.000	-0.004
45270.000	-0.004
45280.000	-0.004
45290.000	-0.004
45300.000	-0.004
45310.000	-0.004
45320.000	-0.004
45330.000	-0.004
45340.000	-0.004
45350.000	-0.004
45360.000	-0.004
45370.000	-0.004
45380.000	-0.004
45390.000	-0.004
45400.000	-0.004
45410.000	-0.004
45420.000	-0.004
45430.000	-0.003
45440.000	-0.004
45450.000	-0.004
45460.000	-0.004
45470.000	-0.004
45480.000	-0.004
45490.000	-0.004
45500.000	-0.004
45510.000	-0.004
45520.000	-0.004
45530.000	-0.004
45540.000	-0.004
45550.000	-0.004
45560.000	-0.004
45570.000	-0.003
45580.000	-0.004
45590.000	-0.004
45600.000	-0.004
45610.000	-0.004
45620.000	-0.004
45630.000	-0.004
45640.000	-0.004
45650.000	-0.004
45660.000	-0.004
45670.000	-0.004
45680.000	-0.004
45690.000	-0.004
45700.000	-0.004
45710.000	-0.004
45720.000	-0.004
45730.000	-0.004
45740.000	-0.004
45750.000	-0.004
45760.000	-0.004
45770.000	-0.004
45780.000	-0.004
45790.000	-0.004
45800.000	-0.004
45810.000	-0.004
45820.000	-0.004
45830.000	-0.004
45840.000	-0.004
45850.000	-0.004
45860.000	-0.004
45870.000	-0.004
45880.000	-0.004
45890.000	-0.004
45900.000	-0.004
45910.000	-0.004
45920.000	-0.004
45930.000	-0.004
45940.000	-0.004
45950.000	-0.004
45960.000	-0.004
45970.000	-0.004
45980.000	-0.004
45990.000	-0.004
46000.000	-0.004
46010.000	-0.004
46020.000	-0.004
46030.000	-0.004
46040.000	-0.004
46050.000	-0.004
46060.000	-0.005
46070.000	-0.004
46080.000	-0.004
46090.000	-0.005
46100.000	-0.004
46110.000	-0.004
46120.000	-0.004
46130.000	-0.004
46140.000	-0.004
46150.000	-0.004
46160.000	-0.004
46170.000	-0.004
46180.000	-0.005
46190.000	-0.004
46200.000	-0.004
46210.000	-0.004
46220.000	-0.004
46230.000	-0.004
46240.000	-0.004
46250.000	-0.004
46260.000	-0.004
46270.000	-0.003
46280.000	-0.004
46290.000	-0.003
46300.000	-0.004
46310.000	-0.004
46320.000	-0.004
46330.000	-0.004
46340.000	-0.004
46350.000	-0.005
46360.000	-0.004
46370.000	-0.004
46380.000	-0.004
46390.000	-0.004
46400.000	-0.004
46410.000	-0.004
46420.000	-0.004
46430.000	-0.004
46440.000	-0.004
46450.000	-0.004
46460.000	-0.004
46470.000	-0.004
46480.000	-0.004
46490.000	-0.004
46500.000	-0.004
46510.000	-0.004
46520.000	-0.004
46530.000	-0.004
46540.000	-0.004
46550.000	-0.004
46560.000	-0.004
46570.000	-0.004
46580.000	-0.004
46590.000	-0.004
46600.000	-0.004
46610.000	-0.004
46620.000	-0.004
46630.000	-0.004
46640.000	-0.004
46650.000	-0.004
46660.000	-0.005
46670.000	-0.004
46680.000	-0.004
46690.000	-0.004
46700.000	-0.004
46710.000	-0.004
46720.000	-0.004
46730.000	-0.004
46740.000	-0.004
46750.000	-0.004
46760.000	-0.004
46770.000	-0.004
46780.000	-0.004
46790.000	-0.004
46800.000	-0.004
46810.000	-0.004
46820.000	-0.004
46830.000	-0.004
46840.000	-0.004
46850.000	-0.004
46860.000	-0.005
46870.000	-0.004
46880.000	-0.004
46890.000	-0.004
46900.000	-0.004
46910.000	-0.004
46920.000	-0.004
46930.000	-0.004
46940.000	-0.004
46950.000	-0.004
46960.000	-0.004
46970.000	-0.005
46980.000	-0.004
46990.000	-0.004
47000.000	-0.004
47010.000	-0.004
47020.000	-0.004
47030.000	-0.004
47040.000	-0.004
47050.000	-0.004
47060.000	-0.005
47070.000	-0.004
47080.000	-0.004
47090.000	-0.004
47100.000	-0.005
47110.000	-0.004
47120.000	-0.004
47130.000	-0.004
47140.000	-0.004
47150.000	-0.004
47160.000	-0.004
47170.000	-0.004
47180.000	-0.004
47190.000	-0.004
47200.000	-0.004
47210.000	-0.004
47220.000	-0.004
47230.000	-0.004
47240.000	-0.004
47250.000	-0.004
47260.000	-0.004
47270.000	-0.004
47280.000	-0.004
47290.000	-0.004
47300.000	-0.005
47310.000	-0.004
47320.000	-0.004
47330.000	-0.005
47340.000	-0.004
47350.000	-0.004
47360.000	-0.004
47370.000	-0.004
47380.000	-0.004
47390.000	-0.004
47400.000	-0.004
47410.000	-0.004
47420.000	-0.004
47430.000	-0.004
47440.000	-0.004
47450.000	-0.004
47460.000	-0.004
47470.000	-0.004
47480.000	-0.004
47490.000	-0.004
47500.000	-0.004
47510.000	-0.004
47520.000	-0.005
47530.000	-0.004
47540.000	-0.004
47550.000	-0.004
47560.000	-0.004
47570.000	-0.004
47580.000	-0.004
47590.000	-0.004
47600.000	-0.004
47610.000	-0.004
47620.000	-0.004
47630.000	-0.004
47640.000	-0.004
47650.000	-0.004
47660.000	-0.004
47670.000	-0.004
47680.000	-0.004
47690.000	-0.005
47700.000	-0.004
47710.000	-0.004
47720.000	-0.004
47730.000	-0.004
47740.000	-0.004
47750.000	-0.004
47760.000	-0.004
47770.000	-0.004
47780.000	-0.004
47790.000	-0.005
47800.000	-0.004
47810.000	-0.005
47820.000	-0.004
47830.000	-0.004
47840.000	-0.004
47850.000	-0.004
47860.000	-0.004
47870.000	-0.005
47880.000	-0.005
47890.000	-0.004
47900.000	-0.004
47910.000	-0.004
47920.000	-0.004
47930.000	-0.004
47940.000	-0.004
47950.000	-0.004
47960.000	-0.004
47970.000	-0.004
47980.000	-0.004
47990.000	-0.005
48000.000	-0.004
48010.000	-0.004
48020.000	-0.004
48030.000	-0.004
48040.000	-0.004
48050.000	-0.004
48060.000	-0.004
48070.000	-0.004
48080.000	-0.004
48090.000	-0.004
48100.000	-0.005
48110.000	-0.005
48120.000	-0.004
48130.000	-0.004
48140.000	-0.004
48150.000	-0.004
48160.000	-0.004
48170.000	-0.004
48180.000	-0.005
48190.000	-0.004
48200.000	-0.004
48210.000	-0.004
48220.000	-0.004
48230.000	-0.004
48240.000	-0.004
48250.000	-0.004
48260.000	-0.004
48270.000	-0.004
48280.000	-0.004
48290.000	-0.004
48300.000	-0.004
48310.000	-0.004
48320.000	-0.004
48330.000	-0.004
48340.000	-0.004
48350.000	-0.005
48360.000	-0.004
48370.000	-0.004
48380.000	-0.004
48390.000	-0.004
48400.000	-0.004
48410.000	-0.004
48420.000	-0.004
48430.000	-0.004
48440.000	-0.004
48450.000	-0.005
48452.000	-0.004
