10.000	0.012
20.000	0.011
30.000	0.012
40.000	0.012
50.000	0.012
60.000	0.013
70.000	0.012
80.000	0.013
90.000	0.012
100.000	0.013
110.000	0.013
120.000	0.013
130.000	0.013
140.000	0.013
150.000	0.013
160.000	0.013
170.000	0.014
180.000	0.014
190.000	0.014
200.000	0.014
210.000	0.014
220.000	0.014
230.000	0.015
240.000	0.014
250.000	0.014
260.000	0.014
270.000	0.014
280.000	0.015
290.000	0.014
300.000	0.014
310.000	0.015
320.000	0.015
330.000	0.014
340.000	0.014
350.000	0.014
360.000	0.014
370.000	0.014
380.000	0.015
390.000	0.015
400.000	0.015
410.000	0.015
420.000	0.014
430.000	0.014
440.000	0.015
450.000	0.014
460.000	0.015
470.000	0.014
480.000	0.015
490.000	0.016
500.000	0.014
510.000	0.015
520.000	0.015
530.000	0.015
540.000	0.014
550.000	0.015
560.000	0.015
570.000	0.016
580.000	0.014
590.000	0.016
600.000	0.016
610.000	0.016
620.000	0.016
630.000	0.016
640.000	0.016
650.000	0.016
660.000	0.016
670.000	0.016
680.000	0.016
690.000	0.015
700.000	0.016
710.000	0.016
720.000	0.016
730.000	0.016
740.000	0.016
750.000	0.016
760.000	0.017
770.000	0.016
780.000	0.016
790.000	0.015
800.000	0.016
810.000	0.016
820.000	0.016
830.000	0.017
840.000	0.016
850.000	0.015
860.000	0.015
870.000	0.016
880.000	0.016
890.000	0.016
900.000	0.016
910.000	0.016
920.000	0.016
930.000	0.017
940.000	0.017
950.000	0.016
960.000	0.016
970.000	0.017
980.000	0.016
990.000	0.016
1000.000	0.016
1010.000	0.017
1020.000	0.016
1030.000	0.017
1040.000	0.017
1050.000	0.017
1060.000	0.017
1070.000	0.016
1080.000	0.017
1090.000	0.017
1100.000	0.017
1110.000	0.017
1120.000	0.017
1130.000	0.017
1140.000	0.018
1150.000	0.018
1160.000	0.017
1170.000	0.017
1180.000	0.017
1190.000	0.016
1200.000	0.017
1210.000	0.017
1220.000	0.017
1230.000	0.017
1240.000	0.018
1250.000	0.017
1260.000	0.017
1270.000	0.017
1280.000	0.017
1290.000	0.017
1300.000	0.018
1310.000	0.018
1320.000	0.018
1330.000	0.018
1340.000	0.017
1350.000	0.018
1360.000	0.017
1370.000	0.017
1380.000	0.017
1390.000	0.018
1400.000	0.017
1410.000	0.017
1420.000	0.018
1430.000	0.018
1440.000	0.018
1450.000	0.018
1460.000	0.018
1470.000	0.018
1480.000	0.018
1490.000	0.018
1500.000	0.019
1510.000	0.018
1520.000	0.018
1530.000	0.019
1540.000	0.019
1550.000	0.019
1560.000	0.018
1570.000	0.018
1580.000	0.018
1590.000	0.018
1600.000	0.018
1610.000	0.018
1620.000	0.018
1630.000	0.018
1640.000	0.019
1650.000	0.018
1660.000	0.018
1670.000	0.018
1680.000	0.019
1690.000	0.018
1700.000	0.018
1710.000	0.018
1720.000	0.018
1730.000	0.018
1740.000	0.019
1750.000	0.018
1760.000	0.018
1770.000	0.019
1780.000	0.019
1790.000	0.019
1800.000	0.019
1810.000	0.019
1820.000	0.019
1830.000	0.019
1840.000	0.019
1850.000	0.019
1860.000	0.019
1870.000	0.019
1880.000	0.019
1890.000	0.020
1900.000	0.020
1910.000	0.019
1920.000	0.020
1930.000	0.019
1940.000	0.019
1950.000	0.019
1960.000	0.019
1970.000	0.019
1980.000	0.020
1990.000	0.019
2000.000	0.020
2010.000	0.019
2020.000	0.020
2030.000	0.020
2040.000	0.019
2050.000	0.019
2060.000	0.019
2070.000	0.020
2080.000	0.019
2090.000	0.019
2100.000	0.019
2110.000	0.019
2120.000	0.020
2130.000	0.019
2140.000	0.019
2150.000	0.020
2160.000	0.020
2170.000	0.020
2180.000	0.020
2190.000	0.020
2200.000	0.020
2210.000	0.019
2220.000	0.020
2230.000	0.020
2240.000	0.020
2250.000	0.021
2260.000	0.021
2270.000	0.021
2280.000	0.021
2290.000	0.021
2300.000	0.022
2310.000	0.021
2320.000	0.021
2330.000	0.021
2340.000	0.021
2350.000	0.021
2360.000	0.021
2370.000	0.021
2380.000	0.021
2390.000	0.021
2400.000	0.020
2410.000	0.021
2420.000	0.021
2430.000	0.021
2440.000	0.020
2450.000	0.020
2460.000	0.020
2470.000	0.021
2480.000	0.021
2490.000	0.020
2500.000	0.021
2510.000	0.021
2520.000	0.021
2530.000	0.021
2540.000	0.022
2550.000	0.022
2560.000	0.021
2570.000	0.021
2580.000	0.021
2590.000	0.021
2600.000	0.021
2610.000	0.021
2620.000	0.021
2630.000	0.021
2640.000	0.022
2650.000	0.022
2660.000	0.022
2670.000	0.022
2680.000	0.022
2690.000	0.022
2700.000	0.023
2710.000	0.022
2720.000	0.022
2730.000	0.022
2740.000	0.022
2750.000	0.022
2760.000	0.021
2770.000	0.022
2780.000	0.021
2790.000	0.022
2800.000	0.022
2810.000	0.022
2820.000	0.022
2830.000	0.022
2840.000	0.022
2850.000	0.022
2860.000	0.022
2870.000	0.022
2880.000	0.022
2890.000	0.022
2900.000	0.022
2910.000	0.022
2920.000	0.022
2930.000	0.022
2940.000	0.023
2950.000	0.023
2960.000	0.022
2970.000	0.023
2980.000	0.023
2990.000	0.022
3000.000	0.022
3010.000	0.023
3020.000	0.022
3030.000	0.023
3040.000	0.023
3050.000	0.023
3060.000	0.023
3070.000	0.023
3080.000	0.023
3090.000	0.023
3100.000	0.023
3110.000	0.023
3120.000	0.023
3130.000	0.023
3140.000	0.024
3150.000	0.023
3160.000	0.023
3170.000	0.023
3180.000	0.022
3190.000	0.023
3200.000	0.023
3210.000	0.023
3220.000	0.023
3230.000	0.023
3240.000	0.023
3250.000	0.023
3260.000	0.023
3270.000	0.024
3280.000	0.024
3290.000	0.023
3300.000	0.023
3310.000	0.023
3320.000	0.023
3330.000	0.023
3340.000	0.024
3350.000	0.023
3360.000	0.023
3370.000	0.023
3380.000	0.024
3390.000	0.024
3400.000	0.024
3410.000	0.025
3420.000	0.024
3430.000	0.024
3440.000	0.024
3450.000	0.024
3460.000	0.025
3470.000	0.025
3480.000	0.024
3490.000	0.024
3500.000	0.024
3510.000	0.024
3520.000	0.024
3530.000	0.024
3540.000	0.024
3550.000	0.024
3560.000	0.024
3570.000	0.024
3580.000	0.025
3590.000	0.024
3600.000	0.025
3610.000	0.024
3620.000	0.024
3630.000	0.024
3640.000	0.024
3650.000	0.024
3660.000	0.025
3670.000	0.024
3680.000	0.024
3690.000	0.024
3700.000	0.024
3710.000	0.024
3720.000	0.024
3730.000	0.025
3740.000	0.025
3750.000	0.025
3760.000	0.025
3770.000	0.025
3780.000	0.025
3790.000	0.025
3800.000	0.025
3810.000	0.025
3820.000	0.025
3830.000	0.026
3840.000	0.025
3850.000	0.025
3860.000	0.025
3870.000	0.025
3880.000	0.025
3890.000	0.025
3900.000	0.026
3910.000	0.026
3920.000	0.026
3930.000	0.025
3940.000	0.025
3950.000	0.026
3960.000	0.025
3970.000	0.026
3980.000	0.026
3990.000	0.025
4000.000	0.025
4010.000	0.026
4020.000	0.025
4030.000	0.026
4040.000	0.025
4050.000	0.025
4060.000	0.025
4070.000	0.025
4080.000	0.026
4090.000	0.026
4100.000	0.027
4110.000	0.026
4120.000	0.026
4130.000	0.026
4140.000	0.026
4150.000	0.026
4160.000	0.026
4170.000	0.027
4180.000	0.026
4190.000	0.026
4200.000	0.027
4210.000	0.027
4220.000	0.027
4230.000	0.027
4240.000	0.027
4250.000	0.027
4260.000	0.027
4270.000	0.027
4280.000	0.026
4290.000	0.026
4300.000	0.027
4310.000	0.027
4320.000	0.026
4330.000	0.026
4340.000	0.026
4350.000	0.027
4360.000	0.026
4370.000	0.027
4380.000	0.026
4390.000	0.027
4400.000	0.027
4410.000	0.027
4420.000	0.026
4430.000	0.027
4440.000	0.027
4450.000	0.027
4460.000	0.027
4470.000	0.027
4480.000	0.027
4490.000	0.027
4500.000	0.027
4510.000	0.027
4520.000	0.027
4530.000	0.026
4540.000	0.027
4550.000	0.027
4560.000	0.028
4570.000	0.028
4580.000	0.027
4590.000	0.027
4600.000	0.028
4610.000	0.028
4620.000	0.026
4630.000	0.027
4640.000	0.027
4650.000	0.028
4660.000	0.027
4670.000	0.027
4680.000	0.028
4690.000	0.027
4700.000	0.028
4710.000	0.027
4720.000	0.028
4730.000	0.028
4740.000	0.028
4750.000	0.027
4760.000	0.027
4770.000	0.028
4780.000	0.029
4790.000	0.028
4800.000	0.027
4810.000	0.028
4820.000	0.027
4830.000	0.028
4840.000	0.027
4850.000	0.027
4860.000	0.028
4870.000	0.028
4880.000	0.028
4890.000	0.028
4900.000	0.028
4910.000	0.029
4920.000	0.029
4930.000	0.029
4940.000	0.029
4950.000	0.029
4960.000	0.029
4970.000	0.029
4980.000	0.028
4990.000	0.028
5000.000	0.028
5010.000	0.029
5020.000	0.030
5030.000	0.029
5040.000	0.029
5050.000	0.029
5060.000	0.028
5070.000	0.030
5080.000	0.029
5090.000	0.029
5100.000	0.029
5110.000	0.028
5120.000	0.029
5130.000	0.029
5140.000	0.029
5150.000	0.029
5160.000	0.029
5170.000	0.029
5180.000	0.029
5190.000	0.028
5200.000	0.028
5210.000	0.029
5220.000	0.028
5230.000	0.028
5240.000	0.028
5250.000	0.028
5260.000	0.027
5270.000	0.027
5280.000	0.027
5290.000	0.028
5300.000	0.028
5310.000	0.028
5320.000	0.028
5330.000	0.028
5340.000	0.028
5350.000	0.028
5360.000	0.028
5370.000	0.028
5380.000	0.029
5390.000	0.029
5400.000	0.030
5410.000	0.030
5420.000	0.029
5430.000	0.030
5440.000	0.030
5450.000	0.030
5460.000	0.030
5470.000	0.030
5480.000	0.030
5490.000	0.030
5500.000	0.030
5510.000	0.030
5520.000	0.030
5530.000	0.030
5540.000	0.030
5550.000	0.031
5560.000	0.031
5570.000	0.031
5580.000	0.031
5590.000	0.031
5600.000	0.030
5610.000	0.030
5620.000	0.030
5630.000	0.030
5640.000	0.031
5650.000	0.030
5660.000	0.031
5670.000	0.030
5680.000	0.031
5690.000	0.031
5700.000	0.031
5710.000	0.031
5720.000	0.031
5730.000	0.031
5740.000	0.031
5750.000	0.031
5760.000	0.032
5770.000	0.032
5780.000	0.032
5790.000	0.032
5800.000	0.032
5810.000	0.032
5820.000	0.032
5830.000	0.032
5840.000	0.032
5850.000	0.032
5860.000	0.032
5870.000	0.033
5880.000	0.032
5890.000	0.032
5900.000	0.032
5910.000	0.032
5920.000	0.032
5930.000	0.032
5940.000	0.032
5950.000	0.033
5960.000	0.032
5970.000	0.032
5980.000	0.033
5990.000	0.033
6000.000	0.032
6010.000	0.032
6020.000	0.033
6030.000	0.032
6040.000	0.033
6050.000	0.032
6060.000	0.033
6070.000	0.032
6080.000	0.032
6090.000	0.033
6100.000	0.033
6110.000	0.033
6120.000	0.033
6130.000	0.032
6140.000	0.033
6150.000	0.034
6160.000	0.033
6170.000	0.033
6180.000	0.033
6190.000	0.034
6200.000	0.033
6210.000	0.033
6220.000	0.033
6230.000	0.033
6240.000	0.033
6250.000	0.033
6260.000	0.034
6270.000	0.034
6280.000	0.033
6290.000	0.034
6300.000	0.033
6310.000	0.034
6320.000	0.034
6330.000	0.034
6340.000	0.034
6350.000	0.034
6360.000	0.033
6370.000	0.034
6380.000	0.033
6390.000	0.033
6400.000	0.034
6410.000	0.034
6420.000	0.034
6430.000	0.034
6440.000	0.033
6450.000	0.033
6460.000	0.034
6470.000	0.034
6480.000	0.034
6490.000	0.034
6500.000	0.034
6510.000	0.034
6520.000	0.035
6530.000	0.035
6540.000	0.034
6550.000	0.034
6560.000	0.035
6570.000	0.034
6580.000	0.034
6590.000	0.034
6600.000	0.034
6610.000	0.034
6620.000	0.034
6630.000	0.034
6640.000	0.034
6650.000	0.035
6660.000	0.034
6670.000	0.034
6680.000	0.034
6690.000	0.035
6700.000	0.034
6710.000	0.035
6720.000	0.034
6730.000	0.034
6740.000	0.035
6750.000	0.034
6760.000	0.035
6770.000	0.035
6780.000	0.034
6790.000	0.034
6800.000	0.035
6810.000	0.035
6820.000	0.035
6830.000	0.035
6840.000	0.035
6850.000	0.035
6860.000	0.035
6870.000	0.035
6880.000	0.035
6890.000	0.035
6900.000	0.036
6910.000	0.035
6920.000	0.035
6930.000	0.036
6940.000	0.036
6950.000	0.036
6960.000	0.036
6970.000	0.036
6980.000	0.035
6990.000	0.035
7000.000	0.035
7010.000	0.035
7020.000	0.036
7030.000	0.036
7040.000	0.036
7050.000	0.036
7060.000	0.036
7070.000	0.036
7080.000	0.037
7090.000	0.037
7100.000	0.035
7110.000	0.036
7120.000	0.036
7130.000	0.036
7140.000	0.036
7150.000	0.036
7160.000	0.036
7170.000	0.036
7180.000	0.036
7190.000	0.036
7200.000	0.037
7210.000	0.036
7220.000	0.037
7230.000	0.036
7240.000	0.037
7250.000	0.036
7260.000	0.036
7270.000	0.037
7280.000	0.037
7290.000	0.037
7300.000	0.037
7310.000	0.037
7320.000	0.037
7330.000	0.037
7340.000	0.036
7350.000	0.037
7360.000	0.037
7370.000	0.036
7380.000	0.037
7390.000	0.037
7400.000	0.036
7410.000	0.037
7420.000	0.037
7430.000	0.038
7440.000	0.037
7450.000	0.037
7460.000	0.038
7470.000	0.037
7480.000	0.038
7490.000	0.037
7500.000	0.037
7510.000	0.037
7520.000	0.038
7530.000	0.038
7540.000	0.038
7550.000	0.038
7560.000	0.038
7570.000	0.038
7580.000	0.037
7590.000	0.038
7600.000	0.038
7610.000	0.037
7620.000	0.038
7630.000	0.037
7640.000	0.037
7650.000	0.038
7660.000	0.038
7670.000	0.038
7680.000	0.038
7690.000	0.038
7700.000	0.038
7710.000	0.038
7720.000	0.037
7730.000	0.038
7740.000	0.038
7750.000	0.038
7760.000	0.038
7770.000	0.038
7780.000	0.038
7790.000	0.038
7800.000	0.038
7810.000	0.038
7820.000	0.039
7830.000	0.039
7840.000	0.039
7850.000	0.039
7860.000	0.038
7870.000	0.039
7880.000	0.038
7890.000	0.038
7900.000	0.039
7910.000	0.038
7920.000	0.038
7930.000	0.038
7940.000	0.038
7950.000	0.039
7960.000	0.039
7970.000	0.038
7980.000	0.038
7990.000	0.039
8000.000	0.039
8010.000	0.039
8020.000	0.039
8030.000	0.039
8040.000	0.039
8050.000	0.039
8060.000	0.040
8070.000	0.039
8080.000	0.039
8090.000	0.040
8100.000	0.039
8110.000	0.039
8120.000	0.039
8130.000	0.039
8140.000	0.039
8150.000	0.038
8160.000	0.039
8170.000	0.040
8180.000	0.039
8190.000	0.039
8200.000	0.039
8210.000	0.039
8220.000	0.040
8230.000	0.039
8240.000	0.040
8250.000	0.040
8260.000	0.040
8270.000	0.040
8280.000	0.040
8290.000	0.040
8300.000	0.041
8310.000	0.040
8320.000	0.040
8330.000	0.040
8340.000	0.040
8350.000	0.039
8360.000	0.039
8370.000	0.040
8380.000	0.040
8390.000	0.039
8400.000	0.040
8410.000	0.040
8420.000	0.040
8430.000	0.040
8440.000	0.040
8450.000	0.040
8460.000	0.040
8470.000	0.041
8480.000	0.041
8490.000	0.041
8500.000	0.040
8510.000	0.040
8520.000	0.041
8530.000	0.041
8540.000	0.040
8550.000	0.041
8560.000	0.041
8570.000	0.041
8580.000	0.040
8590.000	0.041
8600.000	0.041
8610.000	0.041
8620.000	0.041
8630.000	0.041
8640.000	0.041
8650.000	0.041
8660.000	0.042
8670.000	0.042
8680.000	0.041
8690.000	0.042
8700.000	0.042
8710.000	0.041
8720.000	0.041
8730.000	0.041
8740.000	0.040
8750.000	0.041
8760.000	0.041
8770.000	0.040
8780.000	0.040
8790.000	0.041
8800.000	0.041
8810.000	0.041
8820.000	0.041
8830.000	0.041
8840.000	0.041
8850.000	0.042
8860.000	0.042
8870.000	0.042
8880.000	0.042
8890.000	0.041
8900.000	0.041
8910.000	0.042
8920.000	0.041
8930.000	0.042
8940.000	0.042
8950.000	0.041
8960.000	0.042
8970.000	0.041
8980.000	0.042
8990.000	0.042
9000.000	0.042
9010.000	0.042
9020.000	0.041
9030.000	0.042
9040.000	0.042
9050.000	0.042
9060.000	0.042
9070.000	0.042
9080.000	0.042
9090.000	0.041
9100.000	0.041
9110.000	0.042
9120.000	0.042
9130.000	0.042
9140.000	0.042
9150.000	0.043
9160.000	0.043
9170.000	0.042
9180.000	0.042
9190.000	0.042
9200.000	0.042
9210.000	0.042
9220.000	0.042
9230.000	0.042
9240.000	0.042
9250.000	0.042
9260.000	0.042
9270.000	0.042
9280.000	0.042
9290.000	0.042
9300.000	0.042
9310.000	0.042
9320.000	0.042
9330.000	0.043
9340.000	0.043
9350.000	0.043
9360.000	0.043
9370.000	0.043
9380.000	0.044
9390.000	0.043
9400.000	0.043
9410.000	0.042
9420.000	0.043
9430.000	0.043
9440.000	0.044
9450.000	0.043
9460.000	0.044
9470.000	0.043
9480.000	0.043
9490.000	0.043
9500.000	0.043
9510.000	0.043
9520.000	0.043
9530.000	0.043
9540.000	0.043
9550.000	0.043
9560.000	0.043
9570.000	0.042
9580.000	0.043
9590.000	0.044
9600.000	0.043
9610.000	0.044
9620.000	0.044
9630.000	0.043
9640.000	0.043
9650.000	0.043
9660.000	0.043
9670.000	0.043
9680.000	0.044
9690.000	0.044
9700.000	0.044
9710.000	0.044
9720.000	0.045
9730.000	0.045
9740.000	0.044
9750.000	0.044
9760.000	0.044
9770.000	0.043
9780.000	0.045
9790.000	0.044
9800.000	0.044
9810.000	0.044
9820.000	0.044
9830.000	0.044
9840.000	0.044
9850.000	0.044
9860.000	0.044
9870.000	0.044
9880.000	0.045
9890.000	0.044
9900.000	0.045
9910.000	0.045
9920.000	0.045
9930.000	0.045
9940.000	0.046
9950.000	0.045
9960.000	0.045
9970.000	0.045
9980.000	0.045
9990.000	0.045
10000.000	0.044
10010.000	0.044
10020.000	0.045
10030.000	0.045
10040.000	0.045
10050.000	0.045
10060.000	0.045
10070.000	0.045
10080.000	0.045
10090.000	0.045
10100.000	0.045
10110.000	0.046
10120.000	0.046
10130.000	0.045
10140.000	0.046
10150.000	0.045
10160.000	0.046
10170.000	0.045
10180.000	0.046
10190.000	0.045
10200.000	0.046
10210.000	0.046
10220.000	0.045
10230.000	0.046
10240.000	0.046
10250.000	0.046
10260.000	0.046
10270.000	0.046
10280.000	0.046
10290.000	0.046
10300.000	0.046
10310.000	0.046
10320.000	0.045
10330.000	0.046
10340.000	0.045
10350.000	0.046
10360.000	0.047
10370.000	0.046
10380.000	0.046
10390.000	0.045
10400.000	0.046
10410.000	0.046
10420.000	0.046
10430.000	0.046
10440.000	0.046
10450.000	0.046
10460.000	0.047
10470.000	0.046
10480.000	0.046
10490.000	0.046
10500.000	0.046
10510.000	0.046
10520.000	0.046
10530.000	0.046
10540.000	0.047
10550.000	0.045
10560.000	0.047
10570.000	0.046
10580.000	0.047
10590.000	0.046
10600.000	0.046
10610.000	0.046
10620.000	0.047
10630.000	0.046
10640.000	0.046
10650.000	0.047
10660.000	0.046
10670.000	0.047
10680.000	0.047
10690.000	0.047
10700.000	0.047
10710.000	0.046
10720.000	0.047
10730.000	0.046
10740.000	0.046
10750.000	0.047
10760.000	0.047
10770.000	0.047
10780.000	0.047
10790.000	0.047
10800.000	0.047
10810.000	0.047
10820.000	0.046
10830.000	0.047
10840.000	0.047
10850.000	0.047
10860.000	0.047
10870.000	0.047
10880.000	0.047
10890.000	0.047
10900.000	0.048
10910.000	0.047
10920.000	0.047
10930.000	0.048
10940.000	0.048
10950.000	0.047
10960.000	0.048
10970.000	0.048
10980.000	0.047
10990.000	0.047
11000.000	0.047
11010.000	0.047
11020.000	0.048
11030.000	0.048
11040.000	0.048
11050.000	0.048
11060.000	0.049
11070.000	0.048
11080.000	0.048
11090.000	0.048
11100.000	0.049
11110.000	0.048
11120.000	0.048
11130.000	0.049
11140.000	0.049
11150.000	0.048
11160.000	0.048
11170.000	0.048
11180.000	0.048
11190.000	0.047
11200.000	0.049
11210.000	0.048
11220.000	0.048
11230.000	0.048
11240.000	0.050
11250.000	0.050
11260.000	0.049
11270.000	0.048
11280.000	0.048
11290.000	0.048
11300.000	0.049
11310.000	0.048
11320.000	0.049
11330.000	0.049
11340.000	0.049
11350.000	0.049
11360.000	0.048
11370.000	0.048
11380.000	0.049
11390.000	0.049
11400.000	0.049
11410.000	0.050
11420.000	0.049
11430.000	0.049
11440.000	0.049
11450.000	0.049
11460.000	0.049
11470.000	0.049
11480.000	0.049
11490.000	0.049
11500.000	0.049
11510.000	0.049
11520.000	0.049
11530.000	0.049
11540.000	0.049
11550.000	0.049
11560.000	0.050
11570.000	0.050
11580.000	0.049
11590.000	0.049
11600.000	0.050
11610.000	0.049
11620.000	0.050
11630.000	0.049
11640.000	0.050
11650.000	0.049
11660.000	0.049
11670.000	0.050
11680.000	0.050
11690.000	0.049
11700.000	0.050
11710.000	0.050
11720.000	0.049
11730.000	0.050
11740.000	0.050
11750.000	0.050
11760.000	0.050
11770.000	0.050
11780.000	0.050
11790.000	0.050
11800.000	0.050
11810.000	0.049
11820.000	0.050
11830.000	0.049
11840.000	0.050
11850.000	0.050
11860.000	0.050
11870.000	0.050
11880.000	0.052
11890.000	0.051
11900.000	0.050
11910.000	0.050
11920.000	0.050
11930.000	0.051
11940.000	0.051
11950.000	0.051
11960.000	0.051
11970.000	0.051
11980.000	0.051
11990.000	0.051
12000.000	0.050
12010.000	0.051
12020.000	0.051
12030.000	0.051
12040.000	0.051
12050.000	0.050
12060.000	0.051
12070.000	0.052
12080.000	0.051
12090.000	0.051
12100.000	0.051
12110.000	0.051
12120.000	0.051
12130.000	0.052
12140.000	0.052
12150.000	0.052
12160.000	0.051
12170.000	0.051
12180.000	0.051
12190.000	0.051
12200.000	0.051
12210.000	0.051
12220.000	0.052
12230.000	0.051
12240.000	0.052
12250.000	0.052
12260.000	0.052
12270.000	0.051
12280.000	0.051
12290.000	0.051
12300.000	0.051
12310.000	0.051
12320.000	0.051
12330.000	0.052
12340.000	0.051
12350.000	0.051
12360.000	0.051
12370.000	0.050
12380.000	0.051
12390.000	0.051
12400.000	0.052
12410.000	0.052
12420.000	0.052
12430.000	0.052
12440.000	0.052
12450.000	0.051
12460.000	0.051
12470.000	0.051
12480.000	0.051
12490.000	0.051
12500.000	0.052
12510.000	0.053
12520.000	0.053
12530.000	0.052
12540.000	0.052
12550.000	0.052
12560.000	0.052
12570.000	0.052
12580.000	0.052
12590.000	0.052
12600.000	0.051
12610.000	0.052
12620.000	0.053
12630.000	0.052
12640.000	0.053
12650.000	0.052
12660.000	0.052
12670.000	0.052
12680.000	0.052
12690.000	0.053
12700.000	0.051
12710.000	0.052
12720.000	0.052
12730.000	0.053
12740.000	0.052
12750.000	0.052
12760.000	0.052
12770.000	0.053
12780.000	0.052
12790.000	0.052
12800.000	0.053
12810.000	0.052
12820.000	0.052
12830.000	0.053
12840.000	0.053
12850.000	0.052
12860.000	0.052
12870.000	0.053
12880.000	0.053
12890.000	0.053
12900.000	0.053
12910.000	0.052
12920.000	0.052
12930.000	0.052
12940.000	0.052
12950.000	0.053
12960.000	0.052
12970.000	0.053
12980.000	0.053
12990.000	0.054
13000.000	0.054
13010.000	0.053
13020.000	0.053
13030.000	0.052
13040.000	0.053
13050.000	0.053
13060.000	0.054
13070.000	0.053
13080.000	0.054
13090.000	0.053
13100.000	0.054
13110.000	0.054
13120.000	0.053
13130.000	0.053
13140.000	0.052
13150.000	0.053
13160.000	0.053
13170.000	0.054
13180.000	0.054
13190.000	0.054
13200.000	0.053
13210.000	0.054
13220.000	0.052
13230.000	0.052
13240.000	0.054
13250.000	0.054
13260.000	0.053
13270.000	0.054
13280.000	0.053
13290.000	0.053
13300.000	0.054
13310.000	0.053
13320.000	0.054
13330.000	0.054
13340.000	0.054
13350.000	0.053
13360.000	0.054
13370.000	0.054
13380.000	0.054
13390.000	0.055
13400.000	0.054
13410.000	0.053
13420.000	0.053
13430.000	0.054
13440.000	0.054
13450.000	0.054
13460.000	0.055
13470.000	0.055
13480.000	0.055
13490.000	0.055
13500.000	0.055
13510.000	0.055
13520.000	0.054
13530.000	0.054
13540.000	0.054
13550.000	0.054
13560.000	0.053
13570.000	0.054
13580.000	0.055
13590.000	0.055
13600.000	0.055
13610.000	0.054
13620.000	0.055
13630.000	0.055
13640.000	0.055
13650.000	0.054
13660.000	0.054
13670.000	0.054
13680.000	0.055
13690.000	0.054
13700.000	0.054
13710.000	0.055
13720.000	0.055
13730.000	0.055
13740.000	0.056
13750.000	0.056
13760.000	0.056
13770.000	0.055
13780.000	0.055
13790.000	0.054
13800.000	0.055
13810.000	0.054
13820.000	0.054
13830.000	0.055
13840.000	0.055
13850.000	0.055
13860.000	0.055
13870.000	0.056
13880.000	0.056
13890.000	0.055
13900.000	0.056
13910.000	0.056
13920.000	0.056
13930.000	0.056
13940.000	0.056
13950.000	0.055
13960.000	0.054
13970.000	0.055
13980.000	0.054
13990.000	0.055
14000.000	0.055
14010.000	0.056
14020.000	0.056
14030.000	0.057
14040.000	0.057
14050.000	0.056
14060.000	0.056
14070.000	0.057
14080.000	0.056
14090.000	0.056
14100.000	0.055
14110.000	0.055
14120.000	0.055
14130.000	0.055
14140.000	0.055
14150.000	0.054
14160.000	0.056
14170.000	0.057
14180.000	0.057
14190.000	0.057
14200.000	0.058
14210.000	0.057
14220.000	0.057
14230.000	0.057
14240.000	0.057
14250.000	0.057
14260.000	0.056
14270.000	0.056
14280.000	0.055
14290.000	0.055
14300.000	0.056
14310.000	0.056
14320.000	0.056
14330.000	0.056
14340.000	0.057
14350.000	0.057
14360.000	0.058
14370.000	0.058
14380.000	0.058
14390.000	0.058
14400.000	0.058
14410.000	0.058
14420.000	0.057
14430.000	0.057
14440.000	0.056
14450.000	0.056
14460.000	0.056
14470.000	0.056
14480.000	0.056
14490.000	0.056
14500.000	0.057
14510.000	0.057
14520.000	0.057
14530.000	0.058
14540.000	0.059
14550.000	0.060
14560.000	0.059
14570.000	0.059
14580.000	0.059
14590.000	0.060
14600.000	0.059
14610.000	0.059
14620.000	0.058
14630.000	0.057
14640.000	0.055
14650.000	0.055
14660.000	0.056
14670.000	0.056
14680.000	0.056
14690.000	0.057
14700.000	0.057
14710.000	0.057
14720.000	0.058
14730.000	0.059
14740.000	0.058
14750.000	0.059
14760.000	0.059
14770.000	0.060
14780.000	0.060
14790.000	0.060
14800.000	0.061
14810.000	0.059
14820.000	0.059
14830.000	0.058
14840.000	0.057
14850.000	0.056
14860.000	0.056
14870.000	0.056
14880.000	0.056
14890.000	0.056
14900.000	0.057
14910.000	0.057
14920.000	0.058
14930.000	0.058
14940.000	0.059
14950.000	0.060
14960.000	0.060
14970.000	0.060
14980.000	0.059
14990.000	0.059
15000.000	0.061
15010.000	0.061
15020.000	0.061
15030.000	0.060
15040.000	0.060
15050.000	0.059
15060.000	0.057
15070.000	0.057
15080.000	0.057
15090.000	0.056
15100.000	0.057
15110.000	0.057
15120.000	0.057
15130.000	0.057
15140.000	0.059
15150.000	0.059
15160.000	0.059
15170.000	0.059
15180.000	0.060
15190.000	0.059
15200.000	0.059
15210.000	0.061
15220.000	0.061
15230.000	0.062
15240.000	0.062
15250.000	0.061
15260.000	0.060
15270.000	0.058
15280.000	0.057
15290.000	0.056
15300.000	0.055
15310.000	0.056
15320.000	0.057
15330.000	0.057
15340.000	0.057
15350.000	0.057
15360.000	0.058
15370.000	0.059
15380.000	0.059
15390.000	0.059
15400.000	0.060
15410.000	0.062
15420.000	0.062
15430.000	0.061
15440.000	0.062
15450.000	0.063
15460.000	0.064
15470.000	0.063
15480.000	0.063
15490.000	0.064
15500.000	0.061
15510.000	0.059
15520.000	0.058
15530.000	0.057
15540.000	0.057
15550.000	0.056
15560.000	0.057
15570.000	0.057
15580.000	0.058
15590.000	0.058
15600.000	0.059
15610.000	0.059
15620.000	0.059
15630.000	0.060
15640.000	0.060
15650.000	0.061
15660.000	0.062
15670.000	0.063
15680.000	0.063
15690.000	0.064
15700.000	0.064
15710.000	0.065
15720.000	0.064
15730.000	0.064
15740.000	0.063
15750.000	0.062
15760.000	0.061
15770.000	0.058
15780.000	0.057
15790.000	0.057
15800.000	0.057
15810.000	0.057
15820.000	0.057
15830.000	0.058
15840.000	0.059
15850.000	0.059
15860.000	0.060
15870.000	0.061
15880.000	0.061
15890.000	0.062
15900.000	0.062
15910.000	0.062
15920.000	0.061
15930.000	0.062
15940.000	0.063
15950.000	0.063
15960.000	0.064
15970.000	0.065
15980.000	0.066
15990.000	0.067
16000.000	0.066
16010.000	0.065
16020.000	0.064
16030.000	0.062
16040.000	0.059
16050.000	0.058
16060.000	0.056
16070.000	0.056
16080.000	0.057
16090.000	0.057
16100.000	0.057
16110.000	0.058
16120.000	0.058
16130.000	0.059
16140.000	0.060
16150.000	0.061
16160.000	0.061
16170.000	0.062
16180.000	0.063
16190.000	0.065
16200.000	0.065
16210.000	0.066
16220.000	0.066
16230.000	0.067
16240.000	0.067
16250.000	0.068
16260.000	0.068
16270.000	0.068
16280.000	0.068
16290.000	0.066
16300.000	0.064
16310.000	0.062
16320.000	0.059
16330.000	0.058
16340.000	0.057
16350.000	0.057
16360.000	0.058
16370.000	0.057
16380.000	0.058
16390.000	0.059
16400.000	0.060
16410.000	0.061
16420.000	0.062
16430.000	0.062
16440.000	0.063
16450.000	0.063
16460.000	0.064
16470.000	0.064
16480.000	0.064
16490.000	0.065
16500.000	0.065
16510.000	0.066
16520.000	0.067
16530.000	0.068
16540.000	0.068
16550.000	0.069
16560.000	0.069
16570.000	0.069
16580.000	0.069
16590.000	0.067
16600.000	0.065
16610.000	0.061
16620.000	0.059
16630.000	0.058
16640.000	0.059
16650.000	0.059
16660.000	0.060
16670.000	0.060
16680.000	0.060
16690.000	0.060
16700.000	0.061
16710.000	0.062
16720.000	0.062
16730.000	0.062
16740.000	0.062
16750.000	0.063
16760.000	0.064
16770.000	0.065
16780.000	0.068
16790.000	0.068
16800.000	0.069
16810.000	0.070
16820.000	0.071
16830.000	0.071
16840.000	0.071
16850.000	0.072
16860.000	0.073
16870.000	0.073
16880.000	0.072
16890.000	0.070
16900.000	0.066
16910.000	0.064
16920.000	0.060
16930.000	0.058
16940.000	0.057
16950.000	0.058
16960.000	0.058
16970.000	0.059
16980.000	0.059
16990.000	0.060
17000.000	0.060
17010.000	0.061
17020.000	0.062
17030.000	0.063
17040.000	0.065
17050.000	0.065
17060.000	0.067
17070.000	0.068
17080.000	0.068
17090.000	0.070
17100.000	0.071
17110.000	0.071
17120.000	0.072
17130.000	0.072
17140.000	0.072
17150.000	0.073
17160.000	0.073
17170.000	0.073
17180.000	0.074
17190.000	0.075
17200.000	0.074
17210.000	0.072
17220.000	0.069
17230.000	0.065
17240.000	0.061
17250.000	0.059
17260.000	0.058
17270.000	0.058
17280.000	0.059
17290.000	0.060
17300.000	0.062
17310.000	0.064
17320.000	0.064
17330.000	0.064
17340.000	0.064
17350.000	0.067
17360.000	0.067
17370.000	0.067
17380.000	0.066
17390.000	0.068
17400.000	0.069
17410.000	0.069
17420.000	0.071
17430.000	0.071
17440.000	0.072
17450.000	0.074
17460.000	0.075
17470.000	0.075
17480.000	0.076
17490.000	0.078
17500.000	0.079
17510.000	0.080
17520.000	0.080
17530.000	0.077
17540.000	0.077
17550.000	0.074
17560.000	0.069
17570.000	0.065
17580.000	0.061
17590.000	0.059
17600.000	0.060
17610.000	0.061
17620.000	0.061
17630.000	0.062
17640.000	0.062
17650.000	0.062
17660.000	0.063
17670.000	0.065
17680.000	0.066
17690.000	0.067
17700.000	0.068
17710.000	0.069
17720.000	0.071
17730.000	0.071
17740.000	0.071
17750.000	0.072
17760.000	0.072
17770.000	0.073
17780.000	0.075
17790.000	0.075
17800.000	0.076
17810.000	0.077
17820.000	0.077
17830.000	0.078
17840.000	0.078
17850.000	0.080
17860.000	0.082
17870.000	0.083
17880.000	0.082
17890.000	0.079
17900.000	0.073
17910.000	0.067
17920.000	0.061
17930.000	0.058
17940.000	0.059
17950.000	0.059
17960.000	0.061
17970.000	0.061
17980.000	0.061
17990.000	0.062
18000.000	0.063
18010.000	0.064
18020.000	0.067
18030.000	0.067
18040.000	0.069
18050.000	0.068
18060.000	0.069
18070.000	0.070
18080.000	0.071
18090.000	0.072
18100.000	0.074
18110.000	0.075
18120.000	0.074
18130.000	0.077
18140.000	0.077
18150.000	0.078
18160.000	0.080
18170.000	0.080
18180.000	0.080
18190.000	0.081
18200.000	0.082
18210.000	0.082
18220.000	0.082
18230.000	0.082
18240.000	0.081
18250.000	0.078
18260.000	0.073
18270.000	0.068
18280.000	0.063
18290.000	0.062
18300.000	0.060
18310.000	0.060
18320.000	0.061
18330.000	0.060
18340.000	0.060
18350.000	0.061
18360.000	0.061
18370.000	0.063
18380.000	0.065
18390.000	0.066
18400.000	0.068
18410.000	0.069
18420.000	0.070
18430.000	0.071
18440.000	0.072
18450.000	0.074
18460.000	0.074
18470.000	0.076
18480.000	0.076
18490.000	0.077
18500.000	0.077
18510.000	0.079
18520.000	0.078
18530.000	0.079
18540.000	0.081
18550.000	0.083
18560.000	0.084
18570.000	0.084
18580.000	0.085
18590.000	0.085
18600.000	0.085
18610.000	0.083
18620.000	0.080
18630.000	0.074
18640.000	0.066
18650.000	0.060
18660.000	0.058
18670.000	0.058
18680.000	0.059
18690.000	0.059
18700.000	0.061
18710.000	0.062
18720.000	0.064
18730.000	0.064
18740.000	0.066
18750.000	0.067
18760.000	0.068
18770.000	0.069
18780.000	0.070
18790.000	0.070
18800.000	0.071
18810.000	0.072
18820.000	0.071
18830.000	0.073
18840.000	0.074
18850.000	0.074
18860.000	0.076
18870.000	0.077
18880.000	0.078
18890.000	0.079
18900.000	0.081
18910.000	0.081
18920.000	0.082
18930.000	0.083
18940.000	0.085
18950.000	0.085
18960.000	0.087
18970.000	0.087
18980.000	0.088
18990.000	0.087
19000.000	0.085
19010.000	0.082
19020.000	0.077
19030.000	0.068
19040.000	0.063
19050.000	0.059
19060.000	0.058
19070.000	0.058
19080.000	0.060
19090.000	0.059
19100.000	0.060
19110.000	0.061
19120.000	0.063
19130.000	0.065
19140.000	0.065
19150.000	0.066
19160.000	0.068
19170.000	0.068
19180.000	0.069
19190.000	0.070
19200.000	0.071
19210.000	0.073
19220.000	0.074
19230.000	0.075
19240.000	0.074
19250.000	0.075
19260.000	0.076
19270.000	0.078
19280.000	0.079
19290.000	0.080
19300.000	0.080
19310.000	0.082
19320.000	0.084
19330.000	0.084
19340.000	0.085
19350.000	0.087
19360.000	0.088
19370.000	0.088
19380.000	0.089
19390.000	0.088
19400.000	0.087
19410.000	0.082
19420.000	0.073
19430.000	0.067
19440.000	0.060
19450.000	0.058
19460.000	0.057
19470.000	0.057
19480.000	0.058
19490.000	0.059
19500.000	0.060
19510.000	0.061
19520.000	0.062
19530.000	0.062
19540.000	0.064
19550.000	0.066
19560.000	0.066
19570.000	0.068
19580.000	0.069
19590.000	0.069
19600.000	0.071
19610.000	0.072
19620.000	0.074
19630.000	0.075
19640.000	0.076
19650.000	0.078
19660.000	0.079
19670.000	0.081
19680.000	0.080
19690.000	0.081
19700.000	0.083
19710.000	0.085
19720.000	0.086
19730.000	0.088
19740.000	0.090
19750.000	0.090
19760.000	0.091
19770.000	0.091
19780.000	0.091
19790.000	0.091
19800.000	0.090
19810.000	0.089
19820.000	0.084
19830.000	0.073
19840.000	0.065
19850.000	0.059
19860.000	0.055
19870.000	0.056
19880.000	0.057
19890.000	0.057
19900.000	0.059
19910.000	0.059
19920.000	0.060
19930.000	0.061
19940.000	0.063
19950.000	0.065
19960.000	0.066
19970.000	0.068
19980.000	0.069
19990.000	0.070
20000.000	0.072
20010.000	0.072
20020.000	0.073
20030.000	0.074
20040.000	0.075
20050.000	0.076
20060.000	0.078
20070.000	0.077
20080.000	0.079
20090.000	0.080
20100.000	0.082
20110.000	0.083
20120.000	0.086
20130.000	0.087
20140.000	0.088
20150.000	0.090
20160.000	0.089
20170.000	0.090
20180.000	0.091
20190.000	0.091
20200.000	0.093
20210.000	0.095
20220.000	0.094
20230.000	0.093
20240.000	0.090
20250.000	0.083
20260.000	0.075
20270.000	0.066
20280.000	0.060
20290.000	0.057
20300.000	0.057
20310.000	0.058
20320.000	0.058
20330.000	0.058
20340.000	0.060
20350.000	0.061
20360.000	0.063
20370.000	0.064
20380.000	0.067
20390.000	0.068
20400.000	0.069
20410.000	0.071
20420.000	0.072
20430.000	0.072
20440.000	0.073
20450.000	0.076
20460.000	0.076
20470.000	0.078
20480.000	0.078
20490.000	0.078
20500.000	0.079
20510.000	0.081
20520.000	0.083
20530.000	0.084
20540.000	0.086
20550.000	0.087
20560.000	0.089
20570.000	0.090
20580.000	0.092
20590.000	0.092
20600.000	0.092
20610.000	0.094
20620.000	0.094
20630.000	0.096
20640.000	0.097
20650.000	0.099
20660.000	0.099
20670.000	0.098
20680.000	0.093
20690.000	0.086
20700.000	0.075
20710.000	0.064
20720.000	0.059
20730.000	0.057
20740.000	0.057
20750.000	0.057
20760.000	0.057
20770.000	0.060
20780.000	0.062
20790.000	0.062
20800.000	0.064
20810.000	0.064
20820.000	0.067
20830.000	0.069
20840.000	0.069
20850.000	0.072
20860.000	0.074
20870.000	0.075
20880.000	0.077
20890.000	0.078
20900.000	0.079
20910.000	0.080
20920.000	0.080
20930.000	0.080
20940.000	0.082
20950.000	0.083
20960.000	0.086
20970.000	0.088
20980.000	0.089
20990.000	0.090
21000.000	0.091
21010.000	0.091
21020.000	0.092
21030.000	0.092
21040.000	0.096
21050.000	0.097
21060.000	0.098
21070.000	0.097
21080.000	0.097
21090.000	0.099
21100.000	0.101
21110.000	0.101
21120.000	0.100
21130.000	0.096
21140.000	0.090
21150.000	0.077
21160.000	0.067
21170.000	0.060
21180.000	0.058
21190.000	0.057
21200.000	0.058
21210.000	0.060
21220.000	0.061
21230.000	0.063
21240.000	0.065
21250.000	0.067
21260.000	0.069
21270.000	0.070
21280.000	0.071
21290.000	0.073
21300.000	0.075
21310.000	0.076
21320.000	0.077
21330.000	0.079
21340.000	0.080
21350.000	0.082
21360.000	0.084
21370.000	0.084
21380.000	0.083
21390.000	0.083
21400.000	0.085
21410.000	0.087
21420.000	0.089
21430.000	0.092
21440.000	0.093
21450.000	0.094
21460.000	0.095
21470.000	0.095
21480.000	0.097
21490.000	0.098
21500.000	0.099
21510.000	0.101
21520.000	0.102
21530.000	0.103
21540.000	0.103
21550.000	0.102
21560.000	0.103
21570.000	0.105
21580.000	0.107
21590.000	0.104
21600.000	0.098
21610.000	0.086
21620.000	0.072
21630.000	0.063
21640.000	0.059
21650.000	0.059
21660.000	0.059
21670.000	0.061
21680.000	0.062
21690.000	0.064
21700.000	0.066
21710.000	0.067
21720.000	0.068
21730.000	0.069
21740.000	0.071
21750.000	0.074
21760.000	0.076
21770.000	0.080
21780.000	0.081
21790.000	0.082
21800.000	0.083
21810.000	0.084
21820.000	0.085
21830.000	0.084
21840.000	0.085
21850.000	0.087
21860.000	0.089
21870.000	0.090
21880.000	0.092
21890.000	0.094
21900.000	0.096
21910.000	0.098
21920.000	0.098
21930.000	0.099
21940.000	0.101
21950.000	0.103
21960.000	0.104
21970.000	0.105
21980.000	0.106
21990.000	0.107
22000.000	0.107
22010.000	0.108
22020.000	0.109
22030.000	0.111
22040.000	0.112
22050.000	0.112
22060.000	0.110
22070.000	0.105
22080.000	0.094
22090.000	0.079
22100.000	0.065
22110.000	0.059
22120.000	0.059
22130.000	0.060
22140.000	0.061
22150.000	0.062
22160.000	0.064
22170.000	0.065
22180.000	0.067
22190.000	0.069
22200.000	0.070
22210.000	0.072
22220.000	0.075
22230.000	0.077
22240.000	0.080
22250.000	0.082
22260.000	0.084
22270.000	0.086
22280.000	0.088
22290.000	0.088
22300.000	0.087
22310.000	0.089
22320.000	0.089
22330.000	0.090
22340.000	0.092
22350.000	0.095
22360.000	0.097
22370.000	0.098
22380.000	0.100
22390.000	0.101
22400.000	0.104
22410.000	0.104
22420.000	0.105
22430.000	0.106
22440.000	0.109
22450.000	0.109
22460.000	0.110
22470.000	0.111
22480.000	0.110
22490.000	0.111
22500.000	0.112
22510.000	0.113
22520.000	0.113
22530.000	0.112
22540.000	0.112
22550.000	0.110
22560.000	0.101
22570.000	0.088
22580.000	0.075
22590.000	0.065
22600.000	0.061
22610.000	0.059
22620.000	0.061
22630.000	0.062
22640.000	0.064
22650.000	0.065
22660.000	0.067
22670.000	0.068
22680.000	0.069
22690.000	0.073
22700.000	0.075
22710.000	0.077
22720.000	0.080
22730.000	0.080
22740.000	0.082
22750.000	0.084
22760.000	0.088
22770.000	0.090
22780.000	0.091
22790.000	0.091
22800.000	0.091
22810.000	0.091
22820.000	0.093
22830.000	0.095
22840.000	0.097
22850.000	0.101
22860.000	0.100
22870.000	0.099
22880.000	0.099
22890.000	0.100
22900.000	0.101
22910.000	0.103
22920.000	0.105
22930.000	0.106
22940.000	0.108
22950.000	0.109
22960.000	0.111
22970.000	0.111
22980.000	0.113
22990.000	0.115
23000.000	0.115
23010.000	0.116
23020.000	0.117
23030.000	0.118
23040.000	0.116
23050.000	0.109
23060.000	0.100
23070.000	0.085
23080.000	0.071
23090.000	0.062
23100.000	0.059
23110.000	0.059
23120.000	0.060
23130.000	0.063
23140.000	0.065
23150.000	0.065
23160.000	0.067
23170.000	0.068
23180.000	0.069
23190.000	0.072
23200.000	0.075
23210.000	0.077
23220.000	0.078
23230.000	0.079
23240.000	0.080
23250.000	0.082
23260.000	0.084
23270.000	0.085
23280.000	0.085
23290.000	0.086
23300.000	0.087
23310.000	0.087
23320.000	0.087
23330.000	0.090
23340.000	0.091
23350.000	0.095
23360.000	0.097
23370.000	0.097
23380.000	0.100
23390.000	0.102
23400.000	0.103
23410.000	0.104
23420.000	0.105
23430.000	0.108
23440.000	0.108
23450.000	0.111
23460.000	0.112
23470.000	0.114
23480.000	0.115
23490.000	0.117
23500.000	0.116
23510.000	0.116
23520.000	0.117
23530.000	0.118
23540.000	0.117
23550.000	0.114
23560.000	0.110
23570.000	0.101
23580.000	0.087
23590.000	0.071
23600.000	0.063
23610.000	0.060
23620.000	0.059
23630.000	0.059
23640.000	0.061
23650.000	0.061
23660.000	0.063
23670.000	0.066
23680.000	0.067
23690.000	0.068
23700.000	0.069
23710.000	0.069
23720.000	0.070
23730.000	0.072
23740.000	0.074
23750.000	0.075
23760.000	0.077
23770.000	0.078
23780.000	0.079
23790.000	0.083
23800.000	0.085
23810.000	0.087
23820.000	0.087
23830.000	0.088
23840.000	0.090
23850.000	0.091
23860.000	0.094
23870.000	0.097
23880.000	0.098
23890.000	0.101
23900.000	0.100
23910.000	0.102
23920.000	0.104
23930.000	0.105
23940.000	0.107
23950.000	0.108
23960.000	0.110
23970.000	0.111
23980.000	0.111
23990.000	0.113
24000.000	0.115
24010.000	0.116
24020.000	0.117
24030.000	0.118
24040.000	0.118
24050.000	0.117
24060.000	0.116
24070.000	0.112
24080.000	0.103
24090.000	0.090
24100.000	0.073
24110.000	0.062
24120.000	0.058
24130.000	0.056
24140.000	0.057
24150.000	0.058
24160.000	0.058
24170.000	0.060
24180.000	0.062
24190.000	0.063
24200.000	0.064
24210.000	0.066
24220.000	0.069
24230.000	0.070
24240.000	0.072
24250.000	0.074
24260.000	0.076
24270.000	0.078
24280.000	0.081
24290.000	0.082
24300.000	0.084
24310.000	0.085
24320.000	0.087
24330.000	0.087
24340.000	0.088
24350.000	0.090
24360.000	0.091
24370.000	0.093
24380.000	0.094
24390.000	0.096
24400.000	0.098
24410.000	0.100
24420.000	0.102
24430.000	0.104
24440.000	0.107
24450.000	0.108
24460.000	0.109
24470.000	0.109
24480.000	0.110
24490.000	0.111
24500.000	0.112
24510.000	0.115
24520.000	0.113
24530.000	0.114
24540.000	0.112
24550.000	0.112
24560.000	0.110
24570.000	0.111
24580.000	0.111
24590.000	0.110
24600.000	0.107
24610.000	0.101
24620.000	0.091
24630.000	0.076
24640.000	0.064
24650.000	0.059
24660.000	0.057
24670.000	0.058
24680.000	0.059
24690.000	0.060
24700.000	0.062
24710.000	0.064
24720.000	0.065
24730.000	0.067
24740.000	0.069
24750.000	0.071
24760.000	0.072
24770.000	0.074
24780.000	0.075
24790.000	0.077
24800.000	0.078
24810.000	0.081
24820.000	0.082
24830.000	0.084
24840.000	0.087
24850.000	0.089
24860.000	0.090
24870.000	0.093
24880.000	0.093
24890.000	0.094
24900.000	0.097
24910.000	0.099
24920.000	0.099
24930.000	0.102
24940.000	0.102
24950.000	0.104
24960.000	0.106
24970.000	0.108
24980.000	0.109
24990.000	0.109
25000.000	0.110
25010.000	0.111
25020.000	0.111
25030.000	0.109
25040.000	0.106
25050.000	0.106
25060.000	0.105
25070.000	0.106
25080.000	0.108
25090.000	0.108
25100.000	0.109
25110.000	0.111
25120.000	0.111
25130.000	0.111
25140.000	0.109
25150.000	0.101
25160.000	0.092
25170.000	0.076
25180.000	0.066
25190.000	0.062
25200.000	0.061
25210.000	0.062
25220.000	0.063
25230.000	0.063
25240.000	0.066
25250.000	0.066
25260.000	0.069
25270.000	0.071
25280.000	0.073
25290.000	0.075
25300.000	0.077
25310.000	0.078
25320.000	0.079
25330.000	0.080
25340.000	0.082
25350.000	0.083
25360.000	0.084
25370.000	0.087
25380.000	0.088
25390.000	0.091
25400.000	0.092
25410.000	0.094
25420.000	0.096
25430.000	0.098
25440.000	0.098
25450.000	0.100
25460.000	0.102
25470.000	0.103
25480.000	0.106
25490.000	0.106
25500.000	0.106
25510.000	0.105
25520.000	0.106
25530.000	0.106
25540.000	0.105
25550.000	0.102
25560.000	0.100
25570.000	0.101
25580.000	0.102
25590.000	0.104
25600.000	0.105
25610.000	0.106
25620.000	0.107
25630.000	0.109
25640.000	0.109
25650.000	0.111
25660.000	0.114
25670.000	0.114
25680.000	0.112
25690.000	0.109
25700.000	0.102
25710.000	0.087
25720.000	0.074
25730.000	0.066
25740.000	0.064
25750.000	0.064
25760.000	0.064
25770.000	0.065
25780.000	0.066
25790.000	0.068
25800.000	0.071
25810.000	0.072
25820.000	0.075
25830.000	0.076
25840.000	0.079
25850.000	0.081
25860.000	0.082
25870.000	0.084
25880.000	0.084
25890.000	0.085
25900.000	0.087
25910.000	0.089
25920.000	0.090
25930.000	0.092
25940.000	0.094
25950.000	0.097
25960.000	0.098
25970.000	0.099
25980.000	0.100
25990.000	0.102
26000.000	0.101
26010.000	0.102
26020.000	0.104
26030.000	0.105
26040.000	0.106
26050.000	0.104
26060.000	0.100
26070.000	0.097
26080.000	0.096
26090.000	0.097
26100.000	0.098
26110.000	0.098
26120.000	0.101
26130.000	0.102
26140.000	0.102
26150.000	0.104
26160.000	0.105
26170.000	0.108
26180.000	0.109
26190.000	0.111
26200.000	0.111
26210.000	0.112
26220.000	0.114
26230.000	0.115
26240.000	0.114
26250.000	0.110
26260.000	0.100
26270.000	0.086
26280.000	0.074
26290.000	0.068
26300.000	0.067
26310.000	0.069
26320.000	0.070
26330.000	0.072
26340.000	0.073
26350.000	0.074
26360.000	0.076
26370.000	0.077
26380.000	0.080
26390.000	0.081
26400.000	0.083
26410.000	0.085
26420.000	0.087
26430.000	0.088
26440.000	0.090
26450.000	0.091
26460.000	0.092
26470.000	0.092
26480.000	0.094
26490.000	0.096
26500.000	0.097
26510.000	0.100
26520.000	0.100
26530.000	0.102
26540.000	0.105
26550.000	0.105
26560.000	0.107
26570.000	0.104
26580.000	0.102
26590.000	0.097
26600.000	0.093
26610.000	0.092
26620.000	0.093
26630.000	0.094
26640.000	0.096
26650.000	0.096
26660.000	0.097
26670.000	0.099
26680.000	0.101
26690.000	0.102
26700.000	0.103
26710.000	0.105
26720.000	0.107
26730.000	0.108
26740.000	0.110
26750.000	0.111
26760.000	0.112
26770.000	0.114
26780.000	0.115
26790.000	0.116
26800.000	0.117
26810.000	0.115
26820.000	0.108
26830.000	0.095
26840.000	0.081
26850.000	0.072
26860.000	0.071
26870.000	0.070
26880.000	0.071
26890.000	0.073
26900.000	0.075
26910.000	0.078
26920.000	0.080
26930.000	0.082
26940.000	0.082
26950.000	0.085
26960.000	0.086
26970.000	0.087
26980.000	0.089
26990.000	0.092
27000.000	0.095
27010.000	0.096
27020.000	0.098
27030.000	0.099
27040.000	0.101
27050.000	0.103
27060.000	0.104
27070.000	0.106
27080.000	0.107
27090.000	0.106
27100.000	0.104
27110.000	0.103
27120.000	0.100
27130.000	0.095
27140.000	0.091
27150.000	0.090
27160.000	0.091
27170.000	0.090
27180.000	0.092
27190.000	0.095
27200.000	0.096
27210.000	0.098
27220.000	0.100
27230.000	0.101
27240.000	0.102
27250.000	0.102
27260.000	0.104
27270.000	0.108
27280.000	0.108
27290.000	0.109
27300.000	0.109
27310.000	0.110
27320.000	0.112
27330.000	0.114
27340.000	0.114
27350.000	0.116
27360.000	0.114
27370.000	0.115
27380.000	0.114
27390.000	0.110
27400.000	0.104
27410.000	0.091
27420.000	0.080
27430.000	0.076
27440.000	0.074
27450.000	0.075
27460.000	0.076
27470.000	0.078
27480.000	0.080
27490.000	0.081
27500.000	0.083
27510.000	0.086
27520.000	0.088
27530.000	0.089
27540.000	0.090
27550.000	0.092
27560.000	0.093
27570.000	0.096
27580.000	0.097
27590.000	0.098
27600.000	0.101
27610.000	0.102
27620.000	0.104
27630.000	0.104
27640.000	0.105
27650.000	0.103
27660.000	0.101
27670.000	0.095
27680.000	0.088
27690.000	0.085
27700.000	0.085
27710.000	0.085
27720.000	0.088
27730.000	0.089
27740.000	0.091
27750.000	0.093
27760.000	0.095
27770.000	0.097
27780.000	0.098
27790.000	0.099
27800.000	0.101
27810.000	0.102
27820.000	0.102
27830.000	0.104
27840.000	0.105
27850.000	0.107
27860.000	0.107
27870.000	0.108
27880.000	0.110
27890.000	0.111
27900.000	0.112
27910.000	0.113
27920.000	0.114
27930.000	0.114
27940.000	0.115
27950.000	0.116
27960.000	0.116
27970.000	0.114
27980.000	0.109
27990.000	0.099
28000.000	0.087
28010.000	0.082
28020.000	0.079
28030.000	0.080
28040.000	0.080
28050.000	0.082
28060.000	0.085
28070.000	0.086
28080.000	0.089
28090.000	0.089
28100.000	0.091
28110.000	0.092
28120.000	0.094
28130.000	0.096
28140.000	0.097
28150.000	0.099
28160.000	0.100
28170.000	0.101
28180.000	0.102
28190.000	0.103
28200.000	0.102
28210.000	0.101
28220.000	0.097
28230.000	0.091
28240.000	0.084
28250.000	0.081
28260.000	0.082
28270.000	0.082
28280.000	0.084
28290.000	0.085
28300.000	0.087
28310.000	0.089
28320.000	0.090
28330.000	0.092
28340.000	0.091
28350.000	0.093
28360.000	0.095
28370.000	0.096
28380.000	0.098
28390.000	0.099
28400.000	0.101
28410.000	0.102
28420.000	0.103
28430.000	0.104
28440.000	0.105
28450.000	0.107
28460.000	0.107
28470.000	0.109
28480.000	0.110
28490.000	0.112
28500.000	0.113
28510.000	0.114
28520.000	0.114
28530.000	0.117
28540.000	0.117
28550.000	0.117
28560.000	0.115
28570.000	0.109
28580.000	0.101
28590.000	0.090
28600.000	0.086
28610.000	0.084
28620.000	0.084
28630.000	0.085
28640.000	0.087
28650.000	0.088
28660.000	0.089
28670.000	0.091
28680.000	0.092
28690.000	0.093
28700.000	0.094
28710.000	0.096
28720.000	0.097
28730.000	0.099
28740.000	0.099
28750.000	0.101
28760.000	0.101
28770.000	0.101
28780.000	0.096
28790.000	0.089
28800.000	0.082
28810.000	0.078
28820.000	0.078
28830.000	0.078
28840.000	0.078
28850.000	0.080
28860.000	0.081
28870.000	0.082
28880.000	0.084
28890.000	0.086
28900.000	0.089
28910.000	0.090
28920.000	0.090
28930.000	0.092
28940.000	0.093
28950.000	0.094
28960.000	0.096
28970.000	0.097
28980.000	0.098
28990.000	0.099
29000.000	0.100
29010.000	0.102
29020.000	0.104
29030.000	0.105
29040.000	0.107
29050.000	0.107
29060.000	0.109
29070.000	0.111
29080.000	0.111
29090.000	0.112
29100.000	0.113
29110.000	0.114
29120.000	0.115
29130.000	0.116
29140.000	0.115
29150.000	0.115
29160.000	0.113
29170.000	0.108
29180.000	0.100
29190.000	0.092
29200.000	0.089
29210.000	0.088
29220.000	0.090
29230.000	0.090
29240.000	0.091
29250.000	0.092
29260.000	0.094
29270.000	0.095
29280.000	0.096
29290.000	0.098
29300.000	0.098
29310.000	0.100
29320.000	0.099
29330.000	0.099
29340.000	0.096
29350.000	0.092
29360.000	0.083
29370.000	0.079
29380.000	0.074
29390.000	0.074
29400.000	0.075
29410.000	0.076
29420.000	0.078
29430.000	0.079
29440.000	0.080
29450.000	0.082
29460.000	0.083
29470.000	0.085
29480.000	0.086
29490.000	0.088
29500.000	0.089
29510.000	0.090
29520.000	0.091
29530.000	0.092
29540.000	0.094
29550.000	0.095
29560.000	0.095
29570.000	0.098
29580.000	0.098
29590.000	0.098
29600.000	0.099
29610.000	0.101
29620.000	0.101
29630.000	0.104
29640.000	0.104
29650.000	0.105
29660.000	0.108
29670.000	0.109
29680.000	0.109
29690.000	0.110
29700.000	0.110
29710.000	0.111
29720.000	0.112
29730.000	0.114
29740.000	0.114
29750.000	0.113
29760.000	0.113
29770.000	0.110
29780.000	0.103
29790.000	0.097
29800.000	0.093
29810.000	0.092
29820.000	0.093
29830.000	0.093
29840.000	0.093
29850.000	0.095
29860.000	0.095
29870.000	0.095
29880.000	0.096
29890.000	0.097
29900.000	0.098
29910.000	0.097
29920.000	0.096
29930.000	0.091
29940.000	0.084
29950.000	0.078
29960.000	0.074
29970.000	0.074
29980.000	0.074
29990.000	0.076
30000.000	0.076
30010.000	0.078
30020.000	0.079
30030.000	0.080
30040.000	0.082
30050.000	0.082
30060.000	0.084
30070.000	0.086
30080.000	0.087
30090.000	0.088
30100.000	0.089
30110.000	0.090
30120.000	0.091
30130.000	0.092
30140.000	0.091
30150.000	0.092
30160.000	0.094
30170.000	0.094
30180.000	0.096
30190.000	0.096
30200.000	0.097
30210.000	0.100
30220.000	0.101
30230.000	0.102
30240.000	0.103
30250.000	0.102
30260.000	0.103
30270.000	0.104
30280.000	0.106
30290.000	0.107
30300.000	0.107
30310.000	0.109
30320.000	0.109
30330.000	0.110
30340.000	0.110
30350.000	0.110
30360.000	0.111
30370.000	0.109
30380.000	0.107
30390.000	0.104
30400.000	0.098
30410.000	0.095
30420.000	0.095
30430.000	0.094
30440.000	0.095
30450.000	0.095
30460.000	0.096
30470.000	0.096
30480.000	0.098
30490.000	0.097
30500.000	0.097
30510.000	0.094
30520.000	0.087
30530.000	0.079
30540.000	0.075
30550.000	0.073
30560.000	0.074
30570.000	0.074
30580.000	0.075
30590.000	0.077
30600.000	0.078
30610.000	0.079
30620.000	0.080
30630.000	0.081
30640.000	0.082
30650.000	0.084
30660.000	0.086
30670.000	0.087
30680.000	0.087
30690.000	0.086
30700.000	0.086
30710.000	0.086
30720.000	0.087
30730.000	0.088
30740.000	0.089
30750.000	0.090
30760.000	0.092
30770.000	0.092
30780.000	0.093
30790.000	0.094
30800.000	0.096
30810.000	0.096
30820.000	0.098
30830.000	0.098
30840.000	0.099
30850.000	0.101
30860.000	0.101
30870.000	0.101
30880.000	0.101
30890.000	0.103
30900.000	0.103
30910.000	0.104
30920.000	0.105
30930.000	0.106
30940.000	0.107
30950.000	0.106
30960.000	0.107
30970.000	0.108
30980.000	0.108
30990.000	0.107
31000.000	0.104
31010.000	0.100
31020.000	0.098
31030.000	0.096
31040.000	0.096
31050.000	0.096
31060.000	0.097
31070.000	0.097
31080.000	0.098
31090.000	0.097
31100.000	0.094
31110.000	0.088
31120.000	0.080
31130.000	0.075
31140.000	0.072
31150.000	0.074
31160.000	0.074
31170.000	0.075
31180.000	0.076
31190.000	0.077
31200.000	0.078
31210.000	0.079
31220.000	0.080
31230.000	0.082
31240.000	0.082
31250.000	0.082
31260.000	0.081
31270.000	0.082
31280.000	0.081
31290.000	0.081
31300.000	0.082
31310.000	0.083
31320.000	0.084
31330.000	0.085
31340.000	0.087
31350.000	0.087
31360.000	0.089
31370.000	0.089
31380.000	0.090
31390.000	0.091
31400.000	0.092
31410.000	0.093
31420.000	0.094
31430.000	0.095
31440.000	0.096
31450.000	0.096
31460.000	0.096
31470.000	0.096
31480.000	0.097
31490.000	0.098
31500.000	0.099
31510.000	0.099
31520.000	0.100
31530.000	0.101
31540.000	0.101
31550.000	0.102
31560.000	0.102
31570.000	0.103
31580.000	0.103
31590.000	0.103
31600.000	0.104
31610.000	0.103
31620.000	0.103
31630.000	0.101
31640.000	0.097
31650.000	0.095
31660.000	0.095
31670.000	0.095
31680.000	0.094
31690.000	0.095
31700.000	0.091
31710.000	0.087
31720.000	0.080
31730.000	0.076
31740.000	0.074
31750.000	0.073
31760.000	0.074
31770.000	0.074
31780.000	0.075
31790.000	0.077
31800.000	0.077
31810.000	0.078
31820.000	0.078
31830.000	0.078
31840.000	0.076
31850.000	0.075
31860.000	0.075
31870.000	0.076
31880.000	0.077
31890.000	0.077
31900.000	0.078
31910.000	0.080
31920.000	0.081
31930.000	0.081
31940.000	0.081
31950.000	0.082
31960.000	0.083
31970.000	0.084
31980.000	0.085
31990.000	0.086
32000.000	0.086
32010.000	0.087
32020.000	0.088
32030.000	0.090
32040.000	0.090
32050.000	0.090
32060.000	0.092
32070.000	0.092
32080.000	0.092
32090.000	0.093
32100.000	0.094
32110.000	0.095
32120.000	0.095
32130.000	0.095
32140.000	0.095
32150.000	0.096
32160.000	0.096
32170.000	0.097
32180.000	0.097
32190.000	0.098
32200.000	0.097
32210.000	0.097
32220.000	0.099
32230.000	0.099
32240.000	0.098
32250.000	0.097
32260.000	0.095
32270.000	0.092
32280.000	0.092
32290.000	0.091
32300.000	0.089
32310.000	0.085
32320.000	0.079
32330.000	0.074
32340.000	0.072
32350.000	0.072
32360.000	0.072
32370.000	0.073
32380.000	0.074
32390.000	0.074
32400.000	0.075
32410.000	0.072
32420.000	0.071
32430.000	0.070
32440.000	0.070
32450.000	0.071
32460.000	0.071
32470.000	0.071
32480.000	0.072
32490.000	0.073
32500.000	0.074
32510.000	0.075
32520.000	0.075
32530.000	0.076
32540.000	0.077
32550.000	0.078
32560.000	0.079
32570.000	0.080
32580.000	0.079
32590.000	0.080
32600.000	0.081
32610.000	0.082
32620.000	0.083
32630.000	0.082
32640.000	0.083
32650.000	0.084
32660.000	0.085
32670.000	0.085
32680.000	0.084
32690.000	0.085
32700.000	0.086
32710.000	0.085
32720.000	0.087
32730.000	0.087
32740.000	0.087
32750.000	0.087
32760.000	0.087
32770.000	0.087
32780.000	0.088
32790.000	0.089
32800.000	0.089
32810.000	0.089
32820.000	0.090
32830.000	0.090
32840.000	0.090
32850.000	0.090
32860.000	0.091
32870.000	0.090
32880.000	0.088
32890.000	0.088
32900.000	0.086
32910.000	0.083
32920.000	0.080
32930.000	0.075
32940.000	0.071
32950.000	0.070
32960.000	0.069
32970.000	0.070
32980.000	0.069
32990.000	0.069
33000.000	0.065
33010.000	0.064
33020.000	0.064
33030.000	0.064
33040.000	0.064
33050.000	0.064
33060.000	0.065
33070.000	0.066
33080.000	0.067
33090.000	0.068
33100.000	0.069
33110.000	0.069
33120.000	0.069
33130.000	0.070
33140.000	0.070
33150.000	0.070
33160.000	0.070
33170.000	0.072
33180.000	0.072
33190.000	0.073
33200.000	0.073
33210.000	0.073
33220.000	0.074
33230.000	0.073
33240.000	0.075
33250.000	0.076
33260.000	0.075
33270.000	0.075
33280.000	0.076
33290.000	0.075
33300.000	0.076
33310.000	0.077
33320.000	0.077
33330.000	0.077
33340.000	0.077
33350.000	0.077
33360.000	0.077
33370.000	0.078
33380.000	0.078
33390.000	0.078
33400.000	0.079
33410.000	0.080
33420.000	0.079
33430.000	0.079
33440.000	0.078
33450.000	0.079
33460.000	0.079
33470.000	0.080
33480.000	0.078
33490.000	0.079
33500.000	0.079
33510.000	0.078
33520.000	0.077
33530.000	0.074
33540.000	0.071
33550.000	0.067
33560.000	0.065
33570.000	0.063
33580.000	0.062
33590.000	0.060
33600.000	0.058
33610.000	0.056
33620.000	0.056
33630.000	0.056
33640.000	0.056
33650.000	0.056
33660.000	0.058
33670.000	0.057
33680.000	0.058
33690.000	0.058
33700.000	0.059
33710.000	0.059
33720.000	0.059
33730.000	0.060
33740.000	0.061
33750.000	0.061
33760.000	0.062
33770.000	0.062
33780.000	0.062
33790.000	0.063
33800.000	0.062
33810.000	0.064
33820.000	0.063
33830.000	0.064
33840.000	0.064
33850.000	0.064
33860.000	0.064
33870.000	0.065
33880.000	0.065
33890.000	0.065
33900.000	0.065
33910.000	0.065
33920.000	0.064
33930.000	0.066
33940.000	0.065
33950.000	0.066
33960.000	0.066
33970.000	0.066
33980.000	0.066
33990.000	0.068
34000.000	0.067
34010.000	0.067
34020.000	0.067
34030.000	0.067
34040.000	0.067
34050.000	0.068
34060.000	0.067
34070.000	0.067
34080.000	0.066
34090.000	0.067
34100.000	0.066
34110.000	0.067
34120.000	0.067
34130.000	0.066
34140.000	0.065
34150.000	0.063
34160.000	0.060
34170.000	0.057
34180.000	0.054
34190.000	0.052
34200.000	0.050
34210.000	0.049
34220.000	0.048
34230.000	0.049
34240.000	0.049
34250.000	0.049
34260.000	0.049
34270.000	0.049
34280.000	0.049
34290.000	0.049
34300.000	0.050
34310.000	0.050
34320.000	0.050
34330.000	0.050
34340.000	0.051
34350.000	0.051
34360.000	0.051
34370.000	0.052
34380.000	0.051
34390.000	0.052
34400.000	0.052
34410.000	0.053
34420.000	0.052
34430.000	0.053
34440.000	0.053
34450.000	0.053
34460.000	0.053
34470.000	0.053
34480.000	0.052
34490.000	0.053
34500.000	0.053
34510.000	0.053
34520.000	0.052
34530.000	0.053
34540.000	0.052
34550.000	0.053
34560.000	0.053
34570.000	0.054
34580.000	0.053
34590.000	0.054
34600.000	0.054
34610.000	0.053
34620.000	0.054
34630.000	0.054
34640.000	0.054
34650.000	0.053
34660.000	0.054
34670.000	0.053
34680.000	0.053
34690.000	0.053
34700.000	0.053
34710.000	0.053
34720.000	0.052
34730.000	0.053
34740.000	0.052
34750.000	0.052
34760.000	0.051
34770.000	0.051
34780.000	0.048
34790.000	0.046
34800.000	0.042
34810.000	0.040
34820.000	0.040
34830.000	0.038
34840.000	0.038
34850.000	0.039
34860.000	0.038
34870.000	0.039
34880.000	0.039
34890.000	0.039
34900.000	0.039
34910.000	0.040
34920.000	0.039
34930.000	0.040
34940.000	0.040
34950.000	0.040
34960.000	0.041
34970.000	0.040
34980.000	0.040
34990.000	0.041
35000.000	0.041
35010.000	0.041
35020.000	0.041
35030.000	0.041
35040.000	0.041
35050.000	0.042
35060.000	0.041
35070.000	0.041
35080.000	0.040
35090.000	0.041
35100.000	0.041
35110.000	0.040
35120.000	0.041
35130.000	0.040
35140.000	0.041
35150.000	0.041
35160.000	0.041
35170.000	0.041
35180.000	0.040
35190.000	0.041
35200.000	0.041
35210.000	0.040
35220.000	0.040
35230.000	0.041
35240.000	0.040
35250.000	0.040
35260.000	0.040
35270.000	0.040
35280.000	0.041
35290.000	0.040
35300.000	0.040
35310.000	0.040
35320.000	0.039
35330.000	0.039
35340.000	0.039
35350.000	0.039
35360.000	0.039
35370.000	0.038
35380.000	0.038
35390.000	0.037
35400.000	0.035
35410.000	0.033
35420.000	0.031
35430.000	0.030
35440.000	0.029
35450.000	0.029
35460.000	0.029
35470.000	0.029
35480.000	0.029
35490.000	0.030
35500.000	0.030
35510.000	0.029
35520.000	0.030
35530.000	0.031
35540.000	0.030
35550.000	0.030
35560.000	0.031
35570.000	0.030
35580.000	0.030
35590.000	0.030
35600.000	0.029
35610.000	0.029
35620.000	0.029
35630.000	0.030
35640.000	0.030
35650.000	0.030
35660.000	0.029
35670.000	0.030
35680.000	0.030
35690.000	0.030
35700.000	0.030
35710.000	0.030
35720.000	0.030
35730.000	0.030
35740.000	0.030
35750.000	0.030
35760.000	0.030
35770.000	0.030
35780.000	0.031
35790.000	0.030
35800.000	0.030
35810.000	0.029
35820.000	0.030
35830.000	0.029
35840.000	0.029
35850.000	0.029
35860.000	0.029
35870.000	0.029
35880.000	0.029
35890.000	0.029
35900.000	0.029
35910.000	0.028
35920.000	0.029
35930.000	0.029
35940.000	0.029
35950.000	0.028
35960.000	0.028
35970.000	0.028
35980.000	0.028
35990.000	0.027
36000.000	0.027
36010.000	0.025
36020.000	0.024
36030.000	0.023
36040.000	0.022
36050.000	0.021
36060.000	0.022
36070.000	0.021
36080.000	0.021
36090.000	0.021
36100.000	0.021
36110.000	0.021
36120.000	0.021
36130.000	0.021
36140.000	0.022
36150.000	0.021
36160.000	0.022
36170.000	0.022
36180.000	0.021
36190.000	0.022
36200.000	0.022
36210.000	0.022
36220.000	0.021
36230.000	0.022
36240.000	0.021
36250.000	0.021
36260.000	0.021
36270.000	0.021
36280.000	0.021
36290.000	0.021
36300.000	0.021
36310.000	0.021
36320.000	0.021
36330.000	0.021
36340.000	0.021
36350.000	0.021
36360.000	0.021
36370.000	0.021
36380.000	0.021
36390.000	0.021
36400.000	0.021
36410.000	0.021
36420.000	0.021
36430.000	0.020
36440.000	0.020
36450.000	0.020
36460.000	0.020
36470.000	0.020
36480.000	0.020
36490.000	0.020
36500.000	0.020
36510.000	0.019
36520.000	0.019
36530.000	0.020
36540.000	0.020
36550.000	0.019
36560.000	0.019
36570.000	0.019
36580.000	0.019
36590.000	0.019
36600.000	0.018
36610.000	0.017
36620.000	0.017
36630.000	0.016
36640.000	0.015
36650.000	0.016
36660.000	0.015
36670.000	0.014
36680.000	0.015
36690.000	0.015
36700.000	0.015
36710.000	0.015
36720.000	0.014
36730.000	0.014
36740.000	0.014
36750.000	0.014
36760.000	0.014
36770.000	0.014
36780.000	0.015
36790.000	0.014
36800.000	0.014
36810.000	0.014
36820.000	0.014
36830.000	0.014
36840.000	0.014
36850.000	0.014
36860.000	0.014
36870.000	0.014
36880.000	0.015
36890.000	0.014
36900.000	0.014
36910.000	0.015
36920.000	0.014
36930.000	0.014
36940.000	0.014
36950.000	0.014
36960.000	0.014
36970.000	0.014
36980.000	0.014
36990.000	0.014
37000.000	0.014
37010.000	0.014
37020.000	0.013
37030.000	0.014
37040.000	0.014
37050.000	0.013
37060.000	0.014
37070.000	0.013
37080.000	0.012
37090.000	0.013
37100.000	0.013
37110.000	0.013
37120.000	0.013
37130.000	0.013
37140.000	0.013
37150.000	0.012
37160.000	0.012
37170.000	0.013
37180.000	0.013
37190.000	0.012
37200.000	0.012
37210.000	0.011
37220.000	0.011
37230.000	0.011
37240.000	0.009
37250.000	0.010
37260.000	0.009
37270.000	0.009
37280.000	0.009
37290.000	0.009
37300.000	0.008
37310.000	0.008
37320.000	0.009
37330.000	0.008
37340.000	0.009
37350.000	0.009
37360.000	0.009
37370.000	0.009
37380.000	0.008
37390.000	0.008
37400.000	0.009
37410.000	0.008
37420.000	0.009
37430.000	0.008
37440.000	0.008
37450.000	0.009
37460.000	0.008
37470.000	0.008
37480.000	0.008
37490.000	0.007
37500.000	0.008
37510.000	0.008
37520.000	0.008
37530.000	0.008
37540.000	0.008
37550.000	0.008
37560.000	0.008
37570.000	0.008
37580.000	0.008
37590.000	0.007
37600.000	0.008
37610.000	0.008
37620.000	0.007
37630.000	0.008
37640.000	0.008
37650.000	0.007
37660.000	0.008
37670.000	0.007
37680.000	0.007
37690.000	0.007
37700.000	0.008
37710.000	0.008
37720.000	0.007
37730.000	0.007
37740.000	0.007
37750.000	0.007
37760.000	0.008
37770.000	0.007
37780.000	0.007
37790.000	0.007
37800.000	0.007
37810.000	0.007
37820.000	0.007
37830.000	0.007
37840.000	0.007
37850.000	0.007
37860.000	0.007
37870.000	0.007
37880.000	0.007
37890.000	0.007
37900.000	0.006
37910.000	0.007
37920.000	0.006
37930.000	0.005
37940.000	0.007
37950.000	0.006
37960.000	0.007
37970.000	0.007
37980.000	0.006
37990.000	0.006
38000.000	0.006
38010.000	0.006
38020.000	0.006
38030.000	0.006
38040.000	0.006
38050.000	0.006
38060.000	0.006
38070.000	0.006
38080.000	0.005
38090.000	0.006
38100.000	0.005
38110.000	0.006
38120.000	0.005
38130.000	0.006
38140.000	0.006
38150.000	0.005
38160.000	0.006
38170.000	0.005
38180.000	0.006
38190.000	0.006
38200.000	0.005
38210.000	0.006
38220.000	0.006
38230.000	0.005
38240.000	0.005
38250.000	0.005
38260.000	0.004
38270.000	0.005
38280.000	0.005
38290.000	0.005
38300.000	0.005
38310.000	0.005
38320.000	0.004
38330.000	0.005
38340.000	0.005
38350.000	0.005
38360.000	0.005
38370.000	0.004
38380.000	0.005
38390.000	0.005
38400.000	0.004
38410.000	0.004
38420.000	0.004
38430.000	0.004
38440.000	0.003
38450.000	0.004
38460.000	0.004
38470.000	0.003
38480.000	0.004
38490.000	0.004
38500.000	0.004
38510.000	0.004
38520.000	0.003
38530.000	0.003
38540.000	0.004
38550.000	0.003
38560.000	0.003
38570.000	0.003
38580.000	0.003
38590.000	0.003
38600.000	0.003
38610.000	0.003
38620.000	0.003
38630.000	0.003
38640.000	0.003
38650.000	0.003
38660.000	0.003
38670.000	0.003
38680.000	0.003
38690.000	0.003
38700.000	0.003
38710.000	0.003
38720.000	0.003
38730.000	0.003
38740.000	0.003
38750.000	0.002
38760.000	0.003
38770.000	0.003
38780.000	0.003
38790.000	0.003
38800.000	0.002
38810.000	0.002
38820.000	0.003
38830.000	0.003
38840.000	0.003
38850.000	0.002
38860.000	0.002
38870.000	0.002
38880.000	0.003
38890.000	0.003
38900.000	0.003
38910.000	0.002
38920.000	0.003
38930.000	0.003
38940.000	0.002
38950.000	0.002
38960.000	0.002
38970.000	0.002
38980.000	0.002
38990.000	0.002
39000.000	0.002
39010.000	0.002
39020.000	0.002
39030.000	0.002
39040.000	0.002
39050.000	0.002
39060.000	0.002
39070.000	0.002
39080.000	0.001
39090.000	0.001
39100.000	0.002
39110.000	0.001
39120.000	0.001
39130.000	0.002
39140.000	0.001
39150.000	0.002
39160.000	0.001
39170.000	0.001
39180.000	0.001
39190.000	0.001
39200.000	0.001
39210.000	0.001
39220.000	0.002
39230.000	0.002
39240.000	0.001
39250.000	0.001
39260.000	0.001
39270.000	0.001
39280.000	0.001
39290.000	0.002
39300.000	0.001
39310.000	0.002
39320.000	0.001
39330.000	0.001
39340.000	0.002
39350.000	0.001
39360.000	0.001
39370.000	0.001
39380.000	0.000
39390.000	0.002
39400.000	0.001
39410.000	0.001
39420.000	0.000
39430.000	0.001
39440.000	0.002
39450.000	0.000
39460.000	0.001
39470.000	0.001
39480.000	0.001
39490.000	0.001
39500.000	0.001
39510.000	0.001
39520.000	0.000
39530.000	0.001
39540.000	0.001
39550.000	0.000
39560.000	0.000
39570.000	0.001
39580.000	0.000
39590.000	0.000
39600.000	-0.000
39610.000	0.000
39620.000	0.000
39630.000	0.000
39640.000	0.000
39650.000	0.000
39660.000	-0.000
39670.000	0.000
39680.000	-0.000
39690.000	-0.000
39700.000	0.000
39710.000	-0.000
39720.000	0.000
39730.000	-0.000
39740.000	-0.000
39750.000	-0.000
39760.000	-0.000
39770.000	-0.000
39780.000	0.000
39790.000	0.000
39800.000	-0.000
39810.000	-0.000
39820.000	0.000
39830.000	-0.000
39840.000	-0.000
39850.000	-0.000
39860.000	-0.000
39870.000	-0.000
39880.000	-0.000
39890.000	-0.001
39900.000	-0.000
39910.000	-0.000
39920.000	-0.000
39930.000	-0.001
39940.000	-0.000
39950.000	-0.000
39960.000	0.000
39970.000	-0.001
39980.000	-0.001
39990.000	-0.000
40000.000	-0.000
40010.000	-0.000
40020.000	-0.001
40030.000	-0.001
40040.000	-0.001
40050.000	-0.001
40060.000	-0.001
40070.000	-0.001
40080.000	-0.001
40090.000	-0.001
40100.000	-0.000
40110.000	-0.001
40120.000	-0.001
40130.000	-0.001
40140.000	-0.001
40150.000	-0.000
40160.000	-0.001
40170.000	-0.001
40180.000	-0.001
40190.000	-0.001
40200.000	-0.001
40210.000	-0.001
40220.000	-0.001
40230.000	-0.001
40240.000	-0.001
40250.000	-0.001
40260.000	-0.001
40270.000	-0.001
40280.000	-0.001
40290.000	-0.002
40300.000	-0.001
40310.000	-0.001
40320.000	-0.002
40330.000	-0.001
40340.000	-0.001
40350.000	-0.001
40360.000	-0.001
40370.000	-0.001
40380.000	-0.001
40390.000	-0.001
40400.000	-0.001
40410.000	-0.002
40420.000	-0.001
40430.000	-0.002
40440.000	-0.001
40450.000	-0.001
40460.000	-0.001
40470.000	-0.001
40480.000	-0.002
40490.000	-0.001
40500.000	-0.002
40510.000	-0.001
40520.000	-0.002
40530.000	-0.002
40540.000	-0.002
40550.000	-0.002
40560.000	-0.001
40570.000	-0.001
40580.000	-0.001
40590.000	-0.001
40600.000	-0.002
40610.000	-0.002
40620.000	-0.002
40630.000	-0.002
40640.000	-0.001
40650.000	-0.001
40660.000	-0.002
40670.000	-0.002
40680.000	-0.002
40690.000	-0.001
40700.000	-0.002
40710.000	-0.002
40720.000	-0.002
40730.000	-0.002
40740.000	-0.002
40750.000	-0.002
40760.000	-0.002
40770.000	-0.002
40780.000	-0.002
40790.000	-0.002
40800.000	-0.002
40810.000	-0.002
40820.000	-0.002
40830.000	-0.002
40840.000	-0.002
40850.000	-0.002
40860.000	-0.002
40870.000	-0.002
40880.000	-0.002
40890.000	-0.002
40900.000	-0.002
40910.000	-0.002
40920.000	-0.002
40930.000	-0.002
40940.000	-0.002
40950.000	-0.002
40960.000	-0.002
40970.000	-0.002
40980.000	-0.002
40990.000	-0.002
41000.000	-0.002
41010.000	-0.002
41020.000	-0.002
41030.000	-0.002
41040.000	-0.002
41050.000	-0.002
41060.000	-0.002
41070.000	-0.002
41080.000	-0.002
41090.000	-0.002
41100.000	-0.003
41110.000	-0.003
41120.000	-0.003
41130.000	-0.002
41140.000	-0.003
41150.000	-0.002
41160.000	-0.002
41170.000	-0.002
41180.000	-0.002
41190.000	-0.002
41200.000	-0.003
41210.000	-0.002
41220.000	-0.002
41230.000	-0.002
41240.000	-0.002
41250.000	-0.002
41260.000	-0.002
41270.000	-0.003
41280.000	-0.003
41290.000	-0.003
41300.000	-0.003
41310.000	-0.003
41320.000	-0.002
41330.000	-0.003
41340.000	-0.002
41350.000	-0.002
41360.000	-0.002
41370.000	-0.003
41380.000	-0.002
41390.000	-0.003
41400.000	-0.002
41410.000	-0.003
41420.000	-0.003
41430.000	-0.003
41440.000	-0.003
41450.000	-0.003
41460.000	-0.002
41470.000	-0.003
41480.000	-0.002
41490.000	-0.003
41500.000	-0.002
41510.000	-0.003
41520.000	-0.003
41530.000	-0.003
41540.000	-0.002
41550.000	-0.002
41560.000	-0.003
41570.000	-0.003
41580.000	-0.003
41590.000	-0.003
41600.000	-0.003
41610.000	-0.003
41620.000	-0.003
41630.000	-0.003
41640.000	-0.002
41650.000	-0.003
41660.000	-0.003
41670.000	-0.003
41680.000	-0.003
41690.000	-0.003
41700.000	-0.003
41710.000	-0.003
41720.000	-0.003
41730.000	-0.003
41740.000	-0.003
41750.000	-0.003
41760.000	-0.002
41770.000	-0.003
41780.000	-0.003
41790.000	-0.003
41800.000	-0.003
41810.000	-0.003
41820.000	-0.002
41830.000	-0.003
41840.000	-0.003
41850.000	-0.003
41860.000	-0.003
41870.000	-0.003
41880.000	-0.003
41890.000	-0.002
41900.000	-0.003
41910.000	-0.003
41920.000	-0.003
41930.000	-0.003
41940.000	-0.003
41950.000	-0.003
41960.000	-0.004
41970.000	-0.003
41980.000	-0.003
41990.000	-0.003
42000.000	-0.003
42010.000	-0.003
42020.000	-0.003
42030.000	-0.003
42040.000	-0.003
42050.000	-0.003
42060.000	-0.003
42070.000	-0.003
42080.000	-0.003
42090.000	-0.003
42100.000	-0.003
42110.000	-0.003
42120.000	-0.003
42130.000	-0.003
42140.000	-0.003
42150.000	-0.003
42160.000	-0.003
42170.000	-0.003
42180.000	-0.003
42190.000	-0.003
42200.000	-0.003
42210.000	-0.003
42220.000	-0.003
42230.000	-0.003
42240.000	-0.003
42250.000	-0.003
42260.000	-0.003
42270.000	-0.003
42280.000	-0.003
42290.000	-0.003
42300.000	-0.004
42310.000	-0.003
42320.000	-0.003
42330.000	-0.003
42340.000	-0.004
42350.000	-0.003
42360.000	-0.003
42370.000	-0.003
42380.000	-0.003
42390.000	-0.003
42400.000	-0.003
42410.000	-0.003
42420.000	-0.003
42430.000	-0.003
42440.000	-0.003
42450.000	-0.003
42460.000	-0.003
42470.000	-0.003
42480.000	-0.004
42490.000	-0.003
42500.000	-0.003
42510.000	-0.003
42520.000	-0.003
42530.000	-0.003
42540.000	-0.003
42550.000	-0.003
42560.000	-0.003
42570.000	-0.003
42580.000	-0.003
42590.000	-0.003
42600.000	-0.004
42610.000	-0.003
42620.000	-0.003
42630.000	-0.003
42640.000	-0.003
42650.000	-0.003
42660.000	-0.003
42670.000	-0.003
42680.000	-0.003
42690.000	-0.003
42700.000	-0.003
42710.000	-0.004
42720.000	-0.003
42730.000	-0.004
42740.000	-0.004
42750.000	-0.003
42760.000	-0.003
42770.000	-0.003
42780.000	-0.003
42790.000	-0.003
42800.000	-0.003
42810.000	-0.004
42820.000	-0.003
42830.000	-0.004
42840.000	-0.004
42850.000	-0.003
42860.000	-0.003
42870.000	-0.003
42880.000	-0.003
42890.000	-0.003
42900.000	-0.004
42910.000	-0.003
42920.000	-0.004
42930.000	-0.003
42940.000	-0.003
42950.000	-0.003
42960.000	-0.004
42970.000	-0.004
42980.000	-0.003
42990.000	-0.003
43000.000	-0.003
43010.000	-0.003
43020.000	-0.004
43030.000	-0.004
43040.000	-0.004
43050.000	-0.004
43060.000	-0.003
43070.000	-0.004
43080.000	-0.003
43090.000	-0.003
43100.000	-0.004
43110.000	-0.004
43120.000	-0.004
43130.000	-0.003
43140.000	-0.003
43150.000	-0.003
43160.000	-0.003
43170.000	-0.004
43180.000	-0.003
43190.000	-0.003
43200.000	-0.003
43210.000	-0.004
43220.000	-0.004
43230.000	-0.003
43240.000	-0.004
43250.000	-0.004
43260.000	-0.004
43270.000	-0.003
43280.000	-0.004
43290.000	-0.003
43300.000	-0.003
43310.000	-0.004
43320.000	-0.004
43330.000	-0.003
43340.000	-0.004
43350.000	-0.004
43360.000	-0.004
43370.000	-0.004
43380.000	-0.003
43390.000	-0.003
43400.000	-0.004
43410.000	-0.003
43420.000	-0.003
43430.000	-0.004
43440.000	-0.004
43450.000	-0.004
43460.000	-0.004
43470.000	-0.003
43480.000	-0.004
43490.000	-0.004
43500.000	-0.003
43510.000	-0.003
43520.000	-0.004
43530.000	-0.004
43540.000	-0.004
43550.000	-0.004
43560.000	-0.004
43570.000	-0.003
43580.000	-0.004
43590.000	-0.004
43600.000	-0.004
43610.000	-0.004
43620.000	-0.003
43630.000	-0.003
43640.000	-0.003
43650.000	-0.004
43660.000	-0.004
43670.000	-0.003
43680.000	-0.004
43690.000	-0.004
43700.000	-0.004
43710.000	-0.003
43720.000	-0.003
43730.000	-0.004
43740.000	-0.004
43750.000	-0.003
43760.000	-0.004
43770.000	-0.004
43780.000	-0.004
43790.000	-0.004
43800.000	-0.004
43810.000	-0.004
43820.000	-0.004
43830.000	-0.004
43840.000	-0.004
43850.000	-0.004
43860.000	-0.004
43870.000	-0.004
43880.000	-0.004
43890.000	-0.003
43900.000	-0.004
43910.000	-0.004
43920.000	-0.004
43930.000	-0.003
43940.000	-0.004
43950.000	-0.003
43960.000	-0.003
43970.000	-0.004
43980.000	-0.004
43990.000	-0.004
44000.000	-0.004
44010.000	-0.003
44020.000	-0.004
44030.000	-0.004
44040.000	-0.004
44050.000	-0.003
44060.000	-0.004
44070.000	-0.004
44080.000	-0.004
44090.000	-0.004
44100.000	-0.004
44110.000	-0.004
44120.000	-0.004
44130.000	-0.004
44140.000	-0.004
44150.000	-0.004
44160.000	-0.004
44170.000	-0.004
44180.000	-0.004
44190.000	-0.004
44200.000	-0.004
44210.000	-0.004
44220.000	-0.004
44230.000	-0.004
44240.000	-0.004
44250.000	-0.004
44260.000	-0.004
44270.000	-0.004
44280.000	-0.004
44290.000	-0.004
44300.000	-0.004
44310.000	-0.004
44320.000	-0.004
44330.000	-0.004
44340.000	-0.004
44350.000	-0.004
44360.000	-0.004
44370.000	-0.004
44380.000	-0.004
44390.000	-0.004
44400.000	-0.004
44410.000	-0.004
44420.000	-0.004
44430.000	-0.004
44440.000	-0.004
44450.000	-0.004
44460.000	-0.004
44470.000	-0.004
44480.000	-0.004
44490.000	-0.004
44500.000	-0.004
44510.000	-0.004
44520.000	-0.004
44530.000	-0.004
44540.000	-0.004
44550.000	-0.004
44560.000	-0.004
44570.000	-0.004
44580.000	-0.004
44590.000	-0.004
44600.000	-0.004
44610.000	-0.004
44620.000	-0.004
44630.000	-0.004
44640.000	-0.004
44650.000	-0.004
44660.000	-0.004
44670.000	-0.004
44680.000	-0.004
44690.000	-0.004
44700.000	-0.004
44710.000	-0.004
44720.000	-0.004
44730.000	-0.004
44740.000	-0.004
44750.000	-0.004
44760.000	-0.004
44770.000	-0.004
44780.000	-0.004
44790.000	-0.004
44800.000	-0.004
44810.000	-0.004
44820.000	-0.004
44830.000	-0.004
44840.000	-0.004
44850.000	-0.004
44860.000	-0.004
44870.000	-0.004
44880.000	-0.004
44890.000	-0.004
44900.000	-0.004
44910.000	-0.004
44920.000	-0.004
44930.000	-0.004
44940.000	-0.005
44950.000	-0.004
44960.000	-0.004
44970.000	-0.004
44980.000	-0.003
44990.000	-0.004
45000.000	-0.004
45010.000	-0.004
45020.000	-0.003
45030.000	-0.004
45040.000	-0.004
45050.000	-0.004
45060.000	-0.004
45070.000	-0.004
45080.000	-0.004
45090.000	-0.004
45100.000	-0.004
45110.000	-0.004
45120.000	-0.005
45130.000	-0.004
45140.000	-0.004
45150.000	-0.004
45160.000	-0.004
45170.000	-0.004
45180.000	-0.004
45190.000	-0.004
45200.000	-0.004
45210.000	-0.004
45220.000	-0.004
45230.000	-0.004
45240.000	-0.004
45250.000	-0.004
45260.000	-0.004
45270.000	-0.004
45280.000	-0.004
45290.000	-0.004
45300.000	-0.004
45310.000	-0.004
45320.000	-0.004
45330.000	-0.004
45340.000	-0.004
45350.000	-0.004
45360.000	-0.004
45370.000	-0.004
45380.000	-0.004
45390.000	-0.004
45400.000	-0.004
45410.000	-0.004
45420.000	-0.004
45430.000	-0.004
45440.000	-0.004
45450.000	-0.004
45460.000	-0.004
45470.000	-0.004
45480.000	-0.004
45490.000	-0.004
45500.000	-0.004
45510.000	-0.004
45520.000	-0.004
45530.000	-0.004
45540.000	-0.005
45550.000	-0.004
45560.000	-0.004
45570.000	-0.004
45580.000	-0.004
45590.000	-0.004
45600.000	-0.004
45610.000	-0.004
45620.000	-0.004
45630.000	-0.004
45640.000	-0.004
45650.000	-0.004
45660.000	-0.004
45670.000	-0.004
45680.000	-0.004
45690.000	-0.004
45700.000	-0.004
45710.000	-0.004
45720.000	-0.004
45730.000	-0.004
45740.000	-0.004
45750.000	-0.004
45760.000	-0.004
45770.000	-0.004
45780.000	-0.005
45790.000	-0.004
45800.000	-0.004
45810.000	-0.004
45820.000	-0.005
45830.000	-0.004
45840.000	-0.004
45850.000	-0.004
45860.000	-0.004
45870.000	-0.005
45880.000	-0.004
45890.000	-0.004
45900.000	-0.004
45910.000	-0.004
45920.000	-0.004
45930.000	-0.005
45940.000	-0.004
45950.000	-0.005
45960.000	-0.004
45970.000	-0.004
45980.000	-0.004
45990.000	-0.004
46000.000	-0.004
46010.000	-0.004
46020.000	-0.004
46030.000	-0.005
46040.000	-0.004
46050.000	-0.004
46060.000	-0.004
46070.000	-0.004
46080.000	-0.004
46090.000	-0.005
46100.000	-0.004
46110.000	-0.004
46120.000	-0.004
46130.000	-0.005
46140.000	-0.005
46150.000	-0.004
46160.000	-0.004
46170.000	-0.004
46180.000	-0.005
46190.000	-0.004
46200.000	-0.004
46210.000	-0.004
46220.000	-0.004
46230.000	-0.004
46240.000	-0.004
46250.000	-0.004
46260.000	-0.005
46270.000	-0.004
46280.000	-0.004
46290.000	-0.004
46300.000	-0.004
46310.000	-0.004
46320.000	-0.004
46330.000	-0.004
46340.000	-0.004
46350.000	-0.004
46360.000	-0.004
46370.000	-0.005
46380.000	-0.004
46390.000	-0.005
46400.000	-0.004
46410.000	-0.004
46420.000	-0.004
46430.000	-0.004
46440.000	-0.004
46450.000	-0.004
46460.000	-0.005
46470.000	-0.004
46480.000	-0.004
46490.000	-0.004
46500.000	-0.004
46510.000	-0.004
46520.000	-0.004
46530.000	-0.004
46540.000	-0.004
46550.000	-0.004
46560.000	-0.004
46570.000	-0.004
46580.000	-0.004
46590.000	-0.004
46600.000	-0.004
46610.000	-0.004
46620.000	-0.004
46630.000	-0.004
46640.000	-0.005
46650.000	-0.004
46660.000	-0.004
46670.000	-0.004
46680.000	-0.004
46690.000	-0.004
46700.000	-0.004
46710.000	-0.004
46720.000	-0.004
46730.000	-0.004
46740.000	-0.005
46750.000	-0.004
46760.000	-0.004
46770.000	-0.004
46780.000	-0.004
46790.000	-0.004
46800.000	-0.004
46810.000	-0.004
46820.000	-0.004
46830.000	-0.004
46840.000	-0.005
46850.000	-0.004
46860.000	-0.005
46870.000	-0.004
46880.000	-0.004
46890.000	-0.005
46900.000	-0.004
46910.000	-0.004
46920.000	-0.004
46930.000	-0.004
46940.000	-0.005
46950.000	-0.004
46960.000	-0.004
46970.000	-0.004
46980.000	-0.004
46990.000	-0.004
47000.000	-0.004
47010.000	-0.004
47020.000	-0.004
47030.000	-0.004
47040.000	-0.005
47050.000	-0.005
47060.000	-0.004
47070.000	-0.004
47080.000	-0.004
47090.000	-0.005
47100.000	-0.004
47110.000	-0.004
47120.000	-0.004
47130.000	-0.004
47140.000	-0.004
47150.000	-0.004
47160.000	-0.004
47170.000	-0.004
47180.000	-0.004
47190.000	-0.004
47200.000	-0.004
47210.000	-0.004
47220.000	-0.005
47230.000	-0.004
47240.000	-0.005
47250.000	-0.004
47260.000	-0.004
47270.000	-0.004
47280.000	-0.005
47290.000	-0.004
47300.000	-0.004
47310.000	-0.004
47320.000	-0.004
47330.000	-0.005
47340.000	-0.004
47350.000	-0.004
47360.000	-0.005
47370.000	-0.004
47380.000	-0.004
47390.000	-0.004
47400.000	-0.004
47410.000	-0.004
47420.000	-0.005
47430.000	-0.004
47440.000	-0.004
47450.000	-0.005
47460.000	-0.004
47470.000	-0.005
47480.000	-0.004
47490.000	-0.004
47500.000	-0.004
47510.000	-0.005
47520.000	-0.004
47530.000	-0.004
47540.000	-0.004
47550.000	-0.005
47560.000	-0.004
47570.000	-0.004
47580.000	-0.004
47590.000	-0.004
47600.000	-0.004
47610.000	-0.004
47620.000	-0.004
47630.000	-0.004
47640.000	-0.005
47650.000	-0.004
47660.000	-0.005
47670.000	-0.004
47680.000	-0.004
47690.000	-0.004
47700.000	-0.004
47710.000	-0.004
47720.000	-0.004
47730.000	-0.005
47740.000	-0.005
47750.000	-0.004
47760.000	-0.004
47770.000	-0.004
47780.000	-0.004
47790.000	-0.004
47800.000	-0.004
47810.000	-0.005
47820.000	-0.004
47830.000	-0.004
47840.000	-0.004
47850.000	-0.004
47860.000	-0.004
47870.000	-0.004
47880.000	-0.005
47890.000	-0.004
47900.000	-0.004
47910.000	-0.004
47920.000	-0.004
47930.000	-0.004
47940.000	-0.004
47950.000	-0.004
47960.000	-0.004
47970.000	-0.005
47980.000	-0.004
47990.000	-0.004
48000.000	-0.004
48010.000	-0.004
48020.000	-0.004
48030.000	-0.004
48040.000	-0.004
48050.000	-0.004
48060.000	-0.004
48070.000	-0.005
48080.000	-0.004
48090.000	-0.004
48100.000	-0.004
48110.000	-0.004
48120.000	-0.004
48130.000	-0.004
48140.000	-0.004
48150.000	-0.005
48160.000	-0.004
48170.000	-0.005
48180.000	-0.005
48190.000	-0.005
48200.000	-0.005
48210.000	-0.004
48220.000	-0.004
48230.000	-0.004
48240.000	-0.004
48250.000	-0.004
48260.000	-0.004
48270.000	-0.004
48280.000	-0.004
48290.000	-0.004
48300.000	-0.004
48310.000	-0.004
48320.000	-0.005
48330.000	-0.004
48340.000	-0.004
48350.000	-0.004
48360.000	-0.004
48370.000	-0.004
48380.000	-0.004
48390.000	-0.004
48400.000	-0.004
48410.000	-0.005
48420.000	-0.005
48430.000	-0.004
48440.000	-0.005
48450.000	-0.004
48460.000	-0.004
48470.000	-0.004
48480.000	-0.004
48481.000	-0.004
