10.000	0.033
20.000	0.035
30.000	0.036
40.000	0.036
50.000	0.036
60.000	0.036
70.000	0.036
80.000	0.036
90.000	0.037
100.000	0.037
110.000	0.038
120.000	0.038
130.000	0.038
140.000	0.038
150.000	0.038
160.000	0.038
170.000	0.039
180.000	0.039
190.000	0.039
200.000	0.039
210.000	0.039
220.000	0.039
230.000	0.039
240.000	0.039
250.000	0.039
260.000	0.039
270.000	0.039
280.000	0.040
290.000	0.039
300.000	0.039
310.000	0.040
320.000	0.040
330.000	0.040
340.000	0.040
350.000	0.040
360.000	0.040
370.000	0.040
380.000	0.041
390.000	0.040
400.000	0.041
410.000	0.041
420.000	0.041
430.000	0.041
440.000	0.042
450.000	0.042
460.000	0.042
470.000	0.042
480.000	0.043
490.000	0.042
500.000	0.043
510.000	0.043
520.000	0.043
530.000	0.044
540.000	0.043
550.000	0.044
560.000	0.044
570.000	0.044
580.000	0.044
590.000	0.043
600.000	0.044
610.000	0.044
620.000	0.044
630.000	0.044
640.000	0.045
650.000	0.045
660.000	0.044
670.000	0.045
680.000	0.046
690.000	0.045
700.000	0.045
710.000	0.045
720.000	0.045
730.000	0.045
740.000	0.045
750.000	0.045
760.000	0.045
770.000	0.045
780.000	0.046
790.000	0.046
800.000	0.046
810.000	0.046
820.000	0.045
830.000	0.045
840.000	0.046
850.000	0.045
860.000	0.046
870.000	0.047
880.000	0.047
890.000	0.046
900.000	0.046
910.000	0.047
920.000	0.047
930.000	0.047
940.000	0.047
950.000	0.047
960.000	0.048
970.000	0.047
980.000	0.048
990.000	0.048
1000.000	0.049
1010.000	0.048
1020.000	0.049
1030.000	0.047
1040.000	0.048
1050.000	0.048
1060.000	0.047
1070.000	0.049
1080.000	0.048
1090.000	0.048
1100.000	0.049
1110.000	0.049
1120.000	0.049
1130.000	0.049
1140.000	0.049
1150.000	0.049
1160.000	0.049
1170.000	0.049
1180.000	0.050
1190.000	0.050
1200.000	0.050
1210.000	0.049
1220.000	0.050
1230.000	0.049
1240.000	0.049
1250.000	0.050
1260.000	0.050
1270.000	0.049
1280.000	0.051
1290.000	0.051
1300.000	0.051
1310.000	0.051
1320.000	0.051
1330.000	0.051
1340.000	0.051
1350.000	0.051
1360.000	0.051
1370.000	0.052
1380.000	0.052
1390.000	0.053
1400.000	0.052
1410.000	0.052
1420.000	0.053
1430.000	0.053
1440.000	0.052
1450.000	0.052
1460.000	0.052
1470.000	0.053
1480.000	0.053
1490.000	0.053
1500.000	0.053
1510.000	0.053
1520.000	0.053
1530.000	0.052
1540.000	0.052
1550.000	0.053
1560.000	0.053
1570.000	0.052
1580.000	0.052
1590.000	0.052
1600.000	0.053
1610.000	0.053
1620.000	0.053
1630.000	0.053
1640.000	0.053
1650.000	0.054
1660.000	0.054
1670.000	0.054
1680.000	0.054
1690.000	0.053
1700.000	0.053
1710.000	0.053
1720.000	0.054
1730.000	0.054
1740.000	0.054
1750.000	0.055
1760.000	0.055
1770.000	0.055
1780.000	0.055
1790.000	0.055
1800.000	0.056
1810.000	0.056
1820.000	0.056
1830.000	0.056
1840.000	0.056
1850.000	0.057
1860.000	0.056
1870.000	0.056
1880.000	0.056
1890.000	0.056
1900.000	0.057
1910.000	0.056
1920.000	0.056
1930.000	0.056
1940.000	0.056
1950.000	0.057
1960.000	0.057
1970.000	0.057
1980.000	0.057
1990.000	0.057
2000.000	0.057
2010.000	0.058
2020.000	0.057
2030.000	0.057
2040.000	0.057
2050.000	0.057
2060.000	0.057
2070.000	0.058
2080.000	0.058
2090.000	0.058
2100.000	0.058
2110.000	0.058
2120.000	0.058
2130.000	0.059
2140.000	0.058
2150.000	0.058
2160.000	0.058
2170.000	0.058
2180.000	0.059
2190.000	0.059
2200.000	0.059
2210.000	0.060
2220.000	0.060
2230.000	0.060
2240.000	0.060
2250.000	0.061
2260.000	0.059
2270.000	0.060
2280.000	0.061
2290.000	0.060
2300.000	0.061
2310.000	0.061
2320.000	0.061
2330.000	0.060
2340.000	0.061
2350.000	0.061
2360.000	0.061
2370.000	0.062
2380.000	0.061
2390.000	0.062
2400.000	0.062
2410.000	0.062
2420.000	0.062
2430.000	0.062
2440.000	0.062
2450.000	0.061
2460.000	0.062
2470.000	0.062
2480.000	0.062
2490.000	0.062
2500.000	0.062
2510.000	0.063
2520.000	0.063
2530.000	0.064
2540.000	0.064
2550.000	0.064
2560.000	0.063
2570.000	0.064
2580.000	0.064
2590.000	0.064
2600.000	0.064
2610.000	0.065
2620.000	0.065
2630.000	0.064
2640.000	0.064
2650.000	0.065
2660.000	0.064
2670.000	0.065
2680.000	0.065
2690.000	0.065
2700.000	0.065
2710.000	0.066
2720.000	0.065
2730.000	0.065
2740.000	0.066
2750.000	0.067
2760.000	0.065
2770.000	0.067
2780.000	0.066
2790.000	0.065
2800.000	0.065
2810.000	0.065
2820.000	0.065
2830.000	0.065
2840.000	0.066
2850.000	0.066
2860.000	0.066
2870.000	0.067
2880.000	0.067
2890.000	0.067
2900.000	0.068
2910.000	0.067
2920.000	0.068
2930.000	0.068
2940.000	0.068
2950.000	0.067
2960.000	0.067
2970.000	0.067
2980.000	0.067
2990.000	0.068
3000.000	0.070
3010.000	0.069
3020.000	0.069
3030.000	0.069
3040.000	0.069
3050.000	0.069
3060.000	0.069
3070.000	0.070
3080.000	0.069
3090.000	0.070
3100.000	0.070
3110.000	0.069
3120.000	0.071
3130.000	0.070
3140.000	0.070
3150.000	0.070
3160.000	0.070
3170.000	0.071
3180.000	0.071
3190.000	0.070
3200.000	0.070
3210.000	0.071
3220.000	0.070
3230.000	0.070
3240.000	0.070
3250.000	0.071
3260.000	0.072
3270.000	0.072
3280.000	0.071
3290.000	0.072
3300.000	0.072
3310.000	0.072
3320.000	0.073
3330.000	0.072
3340.000	0.072
3350.000	0.073
3360.000	0.072
3370.000	0.073
3380.000	0.073
3390.000	0.074
3400.000	0.073
3410.000	0.073
3420.000	0.074
3430.000	0.074
3440.000	0.073
3450.000	0.074
3460.000	0.075
3470.000	0.075
3480.000	0.074
3490.000	0.074
3500.000	0.074
3510.000	0.074
3520.000	0.075
3530.000	0.074
3540.000	0.076
3550.000	0.076
3560.000	0.076
3570.000	0.076
3580.000	0.075
3590.000	0.076
3600.000	0.075
3610.000	0.076
3620.000	0.076
3630.000	0.076
3640.000	0.076
3650.000	0.076
3660.000	0.076
3670.000	0.075
3680.000	0.077
3690.000	0.077
3700.000	0.077
3710.000	0.077
3720.000	0.077
3730.000	0.077
3740.000	0.078
3750.000	0.077
3760.000	0.077
3770.000	0.079
3780.000	0.079
3790.000	0.079
3800.000	0.078
3810.000	0.079
3820.000	0.078
3830.000	0.078
3840.000	0.080
3850.000	0.079
3860.000	0.080
3870.000	0.079
3880.000	0.080
3890.000	0.079
3900.000	0.080
3910.000	0.079
3920.000	0.079
3930.000	0.080
3940.000	0.080
3950.000	0.080
3960.000	0.080
3970.000	0.080
3980.000	0.081
3990.000	0.081
4000.000	0.081
4010.000	0.080
4020.000	0.081
4030.000	0.080
4040.000	0.080
4050.000	0.080
4060.000	0.081
4070.000	0.081
4080.000	0.081
4090.000	0.082
4100.000	0.082
4110.000	0.083
4120.000	0.082
4130.000	0.083
4140.000	0.082
4150.000	0.082
4160.000	0.082
4170.000	0.083
4180.000	0.083
4190.000	0.083
4200.000	0.083
4210.000	0.084
4220.000	0.084
4230.000	0.084
4240.000	0.084
4250.000	0.084
4260.000	0.084
4270.000	0.084
4280.000	0.083
4290.000	0.084
4300.000	0.084
4310.000	0.084
4320.000	0.084
4330.000	0.085
4340.000	0.085
4350.000	0.084
4360.000	0.085
4370.000	0.085
4380.000	0.085
4390.000	0.085
4400.000	0.086
4410.000	0.086
4420.000	0.086
4430.000	0.086
4440.000	0.086
4450.000	0.086
4460.000	0.086
4470.000	0.087
4480.000	0.087
4490.000	0.088
4500.000	0.087
4510.000	0.087
4520.000	0.087
4530.000	0.087
4540.000	0.087
4550.000	0.088
4560.000	0.087
4570.000	0.089
4580.000	0.088
4590.000	0.088
4600.000	0.088
4610.000	0.088
4620.000	0.089
4630.000	0.090
4640.000	0.090
4650.000	0.091
4660.000	0.090
4670.000	0.091
4680.000	0.090
4690.000	0.090
4700.000	0.090
4710.000	0.091
4720.000	0.091
4730.000	0.090
4740.000	0.090
4750.000	0.089
4760.000	0.090
4770.000	0.091
4780.000	0.091
4790.000	0.091
4800.000	0.090
4810.000	0.091
4820.000	0.091
4830.000	0.092
4840.000	0.093
4850.000	0.092
4860.000	0.093
4870.000	0.092
4880.000	0.092
4890.000	0.093
4900.000	0.093
4910.000	0.092
4920.000	0.093
4930.000	0.092
4940.000	0.093
4950.000	0.094
4960.000	0.094
4970.000	0.093
4980.000	0.094
4990.000	0.095
5000.000	0.094
5010.000	0.095
5020.000	0.094
5030.000	0.095
5040.000	0.095
5050.000	0.095
5060.000	0.095
5070.000	0.096
5080.000	0.096
5090.000	0.096
5100.000	0.094
5110.000	0.095
5120.000	0.095
5130.000	0.095
5140.000	0.095
5150.000	0.095
5160.000	0.095
5170.000	0.095
5180.000	0.095
5190.000	0.095
5200.000	0.093
5210.000	0.093
5220.000	0.093
5230.000	0.092
5240.000	0.093
5250.000	0.092
5260.000	0.093
5270.000	0.093
5280.000	0.095
5290.000	0.094
5300.000	0.095
5310.000	0.096
5320.000	0.096
5330.000	0.096
5340.000	0.097
5350.000	0.097
5360.000	0.096
5370.000	0.096
5380.000	0.097
5390.000	0.098
5400.000	0.098
5410.000	0.099
5420.000	0.099
5430.000	0.100
5440.000	0.100
5450.000	0.102
5460.000	0.102
5470.000	0.102
5480.000	0.101
5490.000	0.101
5500.000	0.102
5510.000	0.102
5520.000	0.102
5530.000	0.101
5540.000	0.102
5550.000	0.102
5560.000	0.102
5570.000	0.103
5580.000	0.102
5590.000	0.103
5600.000	0.103
5610.000	0.103
5620.000	0.102
5630.000	0.102
5640.000	0.103
5650.000	0.103
5660.000	0.104
5670.000	0.105
5680.000	0.105
5690.000	0.104
5700.000	0.105
5710.000	0.104
5720.000	0.106
5730.000	0.105
5740.000	0.106
5750.000	0.106
5760.000	0.107
5770.000	0.107
5780.000	0.106
5790.000	0.106
5800.000	0.107
5810.000	0.107
5820.000	0.107
5830.000	0.107
5840.000	0.108
5850.000	0.109
5860.000	0.109
5870.000	0.109
5880.000	0.109
5890.000	0.109
5900.000	0.109
5910.000	0.109
5920.000	0.109
5930.000	0.108
5940.000	0.109
5950.000	0.109
5960.000	0.109
5970.000	0.109
5980.000	0.109
5990.000	0.111
6000.000	0.111
6010.000	0.110
6020.000	0.110
6030.000	0.111
6040.000	0.110
6050.000	0.111
6060.000	0.111
6070.000	0.111
6080.000	0.111
6090.000	0.112
6100.000	0.111
6110.000	0.112
6120.000	0.112
6130.000	0.112
6140.000	0.112
6150.000	0.112
6160.000	0.113
6170.000	0.114
6180.000	0.113
6190.000	0.114
6200.000	0.115
6210.000	0.114
6220.000	0.114
6230.000	0.116
6240.000	0.115
6250.000	0.115
6260.000	0.114
6270.000	0.116
6280.000	0.116
6290.000	0.115
6300.000	0.115
6310.000	0.116
6320.000	0.115
6330.000	0.116
6340.000	0.115
6350.000	0.116
6360.000	0.116
6370.000	0.116
6380.000	0.116
6390.000	0.117
6400.000	0.116
6410.000	0.116
6420.000	0.115
6430.000	0.117
6440.000	0.117
6450.000	0.117
6460.000	0.117
6470.000	0.118
6480.000	0.118
6490.000	0.118
6500.000	0.118
6510.000	0.118
6520.000	0.117
6530.000	0.119
6540.000	0.119
6550.000	0.120
6560.000	0.120
6570.000	0.120
6580.000	0.120
6590.000	0.120
6600.000	0.121
6610.000	0.121
6620.000	0.121
6630.000	0.121
6640.000	0.121
6650.000	0.122
6660.000	0.121
6670.000	0.121
6680.000	0.121
6690.000	0.121
6700.000	0.122
6710.000	0.122
6720.000	0.123
6730.000	0.124
6740.000	0.123
6750.000	0.122
6760.000	0.123
6770.000	0.123
6780.000	0.122
6790.000	0.123
6800.000	0.124
6810.000	0.123
6820.000	0.123
6830.000	0.124
6840.000	0.125
6850.000	0.124
6860.000	0.124
6870.000	0.124
6880.000	0.125
6890.000	0.124
6900.000	0.126
6910.000	0.126
6920.000	0.126
6930.000	0.127
6940.000	0.127
6950.000	0.127
6960.000	0.127
6970.000	0.127
6980.000	0.127
6990.000	0.127
7000.000	0.127
7010.000	0.128
7020.000	0.128
7030.000	0.129
7040.000	0.129
7050.000	0.129
7060.000	0.129
7070.000	0.129
7080.000	0.129
7090.000	0.130
7100.000	0.130
7110.000	0.129
7120.000	0.129
7130.000	0.130
7140.000	0.129
7150.000	0.130
7160.000	0.130
7170.000	0.130
7180.000	0.131
7190.000	0.131
7200.000	0.131
7210.000	0.131
7220.000	0.131
7230.000	0.131
7240.000	0.131
7250.000	0.132
7260.000	0.132
7270.000	0.132
7280.000	0.132
7290.000	0.132
7300.000	0.133
7310.000	0.133
7320.000	0.133
7330.000	0.133
7340.000	0.134
7350.000	0.133
7360.000	0.133
7370.000	0.133
7380.000	0.133
7390.000	0.134
7400.000	0.133
7410.000	0.135
7420.000	0.135
7430.000	0.137
7440.000	0.136
7450.000	0.136
7460.000	0.136
7470.000	0.137
7480.000	0.136
7490.000	0.137
7500.000	0.137
7510.000	0.137
7520.000	0.136
7530.000	0.137
7540.000	0.138
7550.000	0.137
7560.000	0.136
7570.000	0.137
7580.000	0.138
7590.000	0.138
7600.000	0.138
7610.000	0.138
7620.000	0.138
7630.000	0.138
7640.000	0.139
7650.000	0.139
7660.000	0.139
7670.000	0.139
7680.000	0.140
7690.000	0.140
7700.000	0.140
7710.000	0.140
7720.000	0.141
7730.000	0.141
7740.000	0.141
7750.000	0.141
7760.000	0.140
7770.000	0.140
7780.000	0.141
7790.000	0.142
7800.000	0.143
7810.000	0.143
7820.000	0.142
7830.000	0.143
7840.000	0.144
7850.000	0.143
7860.000	0.143
7870.000	0.143
7880.000	0.144
7890.000	0.145
7900.000	0.145
7910.000	0.146
7920.000	0.145
7930.000	0.145
7940.000	0.145
7950.000	0.146
7960.000	0.144
7970.000	0.144
7980.000	0.145
7990.000	0.145
8000.000	0.144
8010.000	0.145
8020.000	0.145
8030.000	0.146
8040.000	0.146
8050.000	0.146
8060.000	0.147
8070.000	0.147
8080.000	0.147
8090.000	0.148
8100.000	0.148
8110.000	0.148
8120.000	0.148
8130.000	0.148
8140.000	0.148
8150.000	0.149
8160.000	0.149
8170.000	0.150
8180.000	0.150
8190.000	0.150
8200.000	0.150
8210.000	0.151
8220.000	0.151
8230.000	0.152
8240.000	0.151
8250.000	0.151
8260.000	0.150
8270.000	0.151
8280.000	0.151
8290.000	0.153
8300.000	0.152
8310.000	0.152
8320.000	0.152
8330.000	0.151
8340.000	0.153
8350.000	0.152
8360.000	0.152
8370.000	0.152
8380.000	0.151
8390.000	0.153
8400.000	0.154
8410.000	0.154
8420.000	0.153
8430.000	0.154
8440.000	0.155
8450.000	0.154
8460.000	0.154
8470.000	0.155
8480.000	0.155
8490.000	0.156
8500.000	0.156
8510.000	0.156
8520.000	0.156
8530.000	0.157
8540.000	0.157
8550.000	0.156
8560.000	0.156
8570.000	0.157
8580.000	0.157
8590.000	0.158
8600.000	0.157
8610.000	0.158
8620.000	0.158
8630.000	0.159
8640.000	0.159
8650.000	0.159
8660.000	0.160
8670.000	0.159
8680.000	0.160
8690.000	0.160
8700.000	0.159
8710.000	0.161
8720.000	0.160
8730.000	0.159
8740.000	0.159
8750.000	0.160
8760.000	0.160
8770.000	0.160
8780.000	0.160
8790.000	0.162
8800.000	0.161
8810.000	0.161
8820.000	0.161
8830.000	0.160
8840.000	0.161
8850.000	0.162
8860.000	0.162
8870.000	0.162
8880.000	0.163
8890.000	0.163
8900.000	0.162
8910.000	0.162
8920.000	0.163
8930.000	0.164
8940.000	0.164
8950.000	0.163
8960.000	0.164
8970.000	0.165
8980.000	0.166
8990.000	0.165
9000.000	0.166
9010.000	0.165
9020.000	0.167
9030.000	0.166
9040.000	0.167
9050.000	0.167
9060.000	0.168
9070.000	0.167
9080.000	0.167
9090.000	0.168
9100.000	0.167
9110.000	0.167
9120.000	0.167
9130.000	0.167
9140.000	0.169
9150.000	0.169
9160.000	0.170
9170.000	0.168
9180.000	0.169
9190.000	0.169
9200.000	0.169
9210.000	0.169
9220.000	0.169
9230.000	0.169
9240.000	0.170
9250.000	0.169
9260.000	0.170
9270.000	0.171
9280.000	0.171
9290.000	0.172
9300.000	0.172
9310.000	0.172
9320.000	0.172
9330.000	0.172
9340.000	0.172
9350.000	0.172
9360.000	0.172
9370.000	0.172
9380.000	0.174
9390.000	0.174
9400.000	0.173
9410.000	0.174
9420.000	0.174
9430.000	0.176
9440.000	0.175
9450.000	0.176
9460.000	0.176
9470.000	0.176
9480.000	0.177
9490.000	0.176
9500.000	0.177
9510.000	0.176
9520.000	0.176
9530.000	0.176
9540.000	0.177
9550.000	0.178
9560.000	0.177
9570.000	0.178
9580.000	0.178
9590.000	0.178
9600.000	0.177
9610.000	0.178
9620.000	0.179
9630.000	0.178
9640.000	0.178
9650.000	0.179
9660.000	0.178
9670.000	0.180
9680.000	0.180
9690.000	0.180
9700.000	0.180
9710.000	0.180
9720.000	0.181
9730.000	0.180
9740.000	0.180
9750.000	0.181
9760.000	0.181
9770.000	0.182
9780.000	0.182
9790.000	0.183
9800.000	0.182
9810.000	0.182
9820.000	0.184
9830.000	0.183
9840.000	0.182
9850.000	0.184
9860.000	0.185
9870.000	0.183
9880.000	0.185
9890.000	0.185
9900.000	0.184
9910.000	0.183
9920.000	0.184
9930.000	0.184
9940.000	0.185
9950.000	0.184
9960.000	0.184
9970.000	0.185
9980.000	0.185
9990.000	0.185
10000.000	0.185
10010.000	0.185
10020.000	0.187
10030.000	0.187
10040.000	0.187
10050.000	0.189
10060.000	0.188
10070.000	0.187
10080.000	0.189
10090.000	0.189
10100.000	0.189
10110.000	0.189
10120.000	0.189
10130.000	0.189
10140.000	0.190
10150.000	0.190
10160.000	0.190
10170.000	0.191
10180.000	0.190
10190.000	0.189
10200.000	0.191
10210.000	0.191
10220.000	0.191
10230.000	0.192
10240.000	0.192
10250.000	0.192
10260.000	0.192
10270.000	0.193
10280.000	0.193
10290.000	0.193
10300.000	0.193
10310.000	0.193
10320.000	0.193
10330.000	0.195
10340.000	0.195
10350.000	0.194
10360.000	0.194
10370.000	0.194
10380.000	0.194
10390.000	0.195
10400.000	0.196
10410.000	0.196
10420.000	0.195
10430.000	0.196
10440.000	0.197
10450.000	0.197
10460.000	0.198
10470.000	0.198
10480.000	0.197
10490.000	0.197
10500.000	0.197
10510.000	0.196
10520.000	0.197
10530.000	0.197
10540.000	0.198
10550.000	0.198
10560.000	0.199
10570.000	0.199
10580.000	0.200
10590.000	0.199
10600.000	0.200
10610.000	0.200
10620.000	0.199
10630.000	0.201
10640.000	0.202
10650.000	0.201
10660.000	0.202
10670.000	0.202
10680.000	0.202
10690.000	0.204
10700.000	0.203
10710.000	0.203
10720.000	0.205
10730.000	0.203
10740.000	0.202
10750.000	0.203
10760.000	0.203
10770.000	0.202
10780.000	0.203
10790.000	0.203
10800.000	0.204
10810.000	0.204
10820.000	0.205
10830.000	0.204
10840.000	0.205
10850.000	0.205
10860.000	0.206
10870.000	0.206
10880.000	0.207
10890.000	0.206
10900.000	0.205
10910.000	0.207
10920.000	0.206
10930.000	0.207
10940.000	0.208
10950.000	0.207
10960.000	0.208
10970.000	0.208
10980.000	0.209
10990.000	0.209
11000.000	0.211
11010.000	0.210
11020.000	0.211
11030.000	0.212
11040.000	0.211
11050.000	0.210
11060.000	0.211
11070.000	0.212
11080.000	0.212
11090.000	0.213
11100.000	0.212
11110.000	0.211
11120.000	0.212
11130.000	0.212
11140.000	0.212
11150.000	0.213
11160.000	0.212
11170.000	0.212
11180.000	0.211
11190.000	0.212
11200.000	0.213
11210.000	0.213
11220.000	0.214
11230.000	0.214
11240.000	0.214
11250.000	0.213
11260.000	0.215
11270.000	0.214
11280.000	0.215
11290.000	0.215
11300.000	0.216
11310.000	0.217
11320.000	0.217
11330.000	0.217
11340.000	0.219
11350.000	0.217
11360.000	0.218
11370.000	0.217
11380.000	0.218
11390.000	0.219
11400.000	0.219
11410.000	0.220
11420.000	0.220
11430.000	0.219
11440.000	0.220
11450.000	0.219
11460.000	0.220
11470.000	0.219
11480.000	0.220
11490.000	0.221
11500.000	0.223
11510.000	0.222
11520.000	0.222
11530.000	0.222
11540.000	0.221
11550.000	0.221
11560.000	0.221
11570.000	0.222
11580.000	0.223
11590.000	0.223
11600.000	0.223
11610.000	0.223
11620.000	0.223
11630.000	0.224
11640.000	0.223
11650.000	0.224
11660.000	0.224
11670.000	0.224
11680.000	0.225
11690.000	0.226
11700.000	0.226
11710.000	0.227
11720.000	0.227
11730.000	0.227
11740.000	0.226
11750.000	0.227
11760.000	0.227
11770.000	0.227
11780.000	0.228
11790.000	0.229
11800.000	0.230
11810.000	0.228
11820.000	0.229
11830.000	0.230
11840.000	0.229
11850.000	0.230
11860.000	0.230
11870.000	0.230
11880.000	0.230
11890.000	0.231
11900.000	0.231
11910.000	0.231
11920.000	0.231
11930.000	0.231
11940.000	0.232
11950.000	0.231
11960.000	0.231
11970.000	0.232
11980.000	0.232
11990.000	0.233
12000.000	0.233
12010.000	0.233
12020.000	0.235
12030.000	0.234
12040.000	0.233
12050.000	0.233
12060.000	0.234
12070.000	0.235
12080.000	0.236
12090.000	0.237
12100.000	0.235
12110.000	0.235
12120.000	0.236
12130.000	0.236
12140.000	0.236
12150.000	0.237
12160.000	0.237
12170.000	0.237
12180.000	0.237
12190.000	0.237
12200.000	0.237
12210.000	0.237
12220.000	0.237
12230.000	0.238
12240.000	0.237
12250.000	0.238
12260.000	0.239
12270.000	0.239
12280.000	0.240
12290.000	0.239
12300.000	0.241
12310.000	0.240
12320.000	0.240
12330.000	0.239
12340.000	0.239
12350.000	0.240
12360.000	0.240
12370.000	0.241
12380.000	0.240
12390.000	0.241
12400.000	0.242
12410.000	0.243
12420.000	0.242
12430.000	0.243
12440.000	0.243
12450.000	0.244
12460.000	0.243
12470.000	0.243
12480.000	0.243
12490.000	0.243
12500.000	0.243
12510.000	0.244
12520.000	0.245
12530.000	0.247
12540.000	0.245
12550.000	0.246
12560.000	0.246
12570.000	0.247
12580.000	0.246
12590.000	0.247
12600.000	0.247
12610.000	0.247
12620.000	0.249
12630.000	0.249
12640.000	0.248
12650.000	0.248
12660.000	0.247
12670.000	0.248
12680.000	0.250
12690.000	0.249
12700.000	0.250
12710.000	0.250
12720.000	0.250
12730.000	0.251
12740.000	0.250
12750.000	0.251
12760.000	0.251
12770.000	0.253
12780.000	0.253
12790.000	0.253
12800.000	0.253
12810.000	0.253
12820.000	0.253
12830.000	0.252
12840.000	0.252
12850.000	0.252
12860.000	0.251
12870.000	0.252
12880.000	0.255
12890.000	0.255
12900.000	0.255
12910.000	0.256
12920.000	0.255
12930.000	0.256
12940.000	0.254
12950.000	0.256
12960.000	0.257
12970.000	0.257
12980.000	0.257
12990.000	0.257
13000.000	0.257
13010.000	0.257
13020.000	0.258
13030.000	0.258
13040.000	0.259
13050.000	0.259
13060.000	0.258
13070.000	0.259
13080.000	0.260
13090.000	0.260
13100.000	0.259
13110.000	0.260
13120.000	0.261
13130.000	0.260
13140.000	0.260
13150.000	0.261
13160.000	0.262
13170.000	0.261
13180.000	0.261
13190.000	0.261
13200.000	0.262
13210.000	0.261
13220.000	0.262
13230.000	0.261
13240.000	0.261
13250.000	0.262
13260.000	0.263
13270.000	0.264
13280.000	0.264
13290.000	0.265
13300.000	0.266
13310.000	0.266
13320.000	0.266
13330.000	0.266
13340.000	0.266
13350.000	0.265
13360.000	0.265
13370.000	0.266
13380.000	0.265
13390.000	0.267
13400.000	0.268
13410.000	0.266
13420.000	0.268
13430.000	0.268
13440.000	0.268
13450.000	0.268
13460.000	0.269
13470.000	0.270
13480.000	0.271
13490.000	0.271
13500.000	0.272
13510.000	0.271
13520.000	0.271
13530.000	0.270
13540.000	0.270
13550.000	0.271
13560.000	0.271
13570.000	0.272
13580.000	0.271
13590.000	0.272
13600.000	0.273
13610.000	0.273
13620.000	0.272
13630.000	0.273
13640.000	0.272
13650.000	0.272
13660.000	0.275
13670.000	0.275
13680.000	0.273
13690.000	0.274
13700.000	0.274
13710.000	0.275
13720.000	0.274
13730.000	0.276
13740.000	0.275
13750.000	0.276
13760.000	0.277
13770.000	0.277
13780.000	0.277
13790.000	0.277
13800.000	0.277
13810.000	0.276
13820.000	0.277
13830.000	0.276
13840.000	0.278
13850.000	0.278
13860.000	0.279
13870.000	0.278
13880.000	0.279
13890.000	0.279
13900.000	0.281
13910.000	0.280
13920.000	0.280
13930.000	0.279
13940.000	0.281
13950.000	0.279
13960.000	0.281
13970.000	0.281
13980.000	0.279
13990.000	0.279
14000.000	0.280
14010.000	0.281
14020.000	0.281
14030.000	0.282
14040.000	0.282
14050.000	0.283
14060.000	0.282
14070.000	0.282
14080.000	0.281
14090.000	0.282
14100.000	0.281
14110.000	0.282
14120.000	0.283
14130.000	0.284
14140.000	0.285
14150.000	0.284
14160.000	0.285
14170.000	0.286
14180.000	0.287
14190.000	0.286
14200.000	0.284
14210.000	0.284
14220.000	0.285
14230.000	0.285
14240.000	0.287
14250.000	0.290
14260.000	0.289
14270.000	0.290
14280.000	0.290
14290.000	0.291
14300.000	0.289
14310.000	0.289
14320.000	0.289
14330.000	0.291
14340.000	0.291
14350.000	0.292
14360.000	0.292
14370.000	0.290
14380.000	0.292
14390.000	0.292
14400.000	0.293
14410.000	0.292
14420.000	0.292
14430.000	0.292
14440.000	0.294
14450.000	0.294
14460.000	0.294
14470.000	0.295
14480.000	0.296
14490.000	0.296
14500.000	0.296
14510.000	0.295
14520.000	0.297
14530.000	0.297
14540.000	0.295
14550.000	0.297
14560.000	0.295
14570.000	0.296
14580.000	0.297
14590.000	0.297
14600.000	0.297
14610.000	0.298
14620.000	0.298
14630.000	0.297
14640.000	0.298
14650.000	0.298
14660.000	0.299
14670.000	0.300
14680.000	0.298
14690.000	0.298
14700.000	0.300
14710.000	0.300
14720.000	0.300
14730.000	0.300
14740.000	0.300
14750.000	0.300
14760.000	0.301
14770.000	0.301
14780.000	0.300
14790.000	0.302
14800.000	0.303
14810.000	0.303
14820.000	0.304
14830.000	0.302
14840.000	0.303
14850.000	0.303
14860.000	0.303
14870.000	0.302
14880.000	0.304
14890.000	0.305
14900.000	0.306
14910.000	0.306
14920.000	0.305
14930.000	0.305
14940.000	0.305
14950.000	0.306
14960.000	0.307
14970.000	0.305
14980.000	0.306
14990.000	0.306
15000.000	0.307
15010.000	0.305
15020.000	0.307
15030.000	0.309
15040.000	0.308
15050.000	0.308
15060.000	0.308
15070.000	0.309
15080.000	0.308
15090.000	0.310
15100.000	0.310
15110.000	0.309
15120.000	0.308
15130.000	0.309
15140.000	0.309
15150.000	0.309
15160.000	0.308
15170.000	0.307
15180.000	0.309
15190.000	0.310
15200.000	0.309
15210.000	0.309
15220.000	0.310
15230.000	0.311
15240.000	0.311
15250.000	0.311
15260.000	0.311
15270.000	0.311
15280.000	0.310
15290.000	0.311
15300.000	0.313
15310.000	0.316
15320.000	0.314
15330.000	0.314
15340.000	0.314
15350.000	0.314
15360.000	0.314
15370.000	0.316
15380.000	0.317
15390.000	0.318
15400.000	0.319
15410.000	0.318
15420.000	0.320
15430.000	0.318
15440.000	0.320
15450.000	0.320
15460.000	0.319
15470.000	0.319
15480.000	0.319
15490.000	0.319
15500.000	0.319
15510.000	0.320
15520.000	0.319
15530.000	0.320
15540.000	0.319
15550.000	0.320
15560.000	0.321
15570.000	0.321
15580.000	0.321
15590.000	0.321
15600.000	0.321
15610.000	0.322
15620.000	0.324
15630.000	0.323
15640.000	0.323
15650.000	0.324
15660.000	0.323
15670.000	0.323
15680.000	0.324
15690.000	0.324
15700.000	0.326
15710.000	0.324
15720.000	0.325
15730.000	0.325
15740.000	0.326
15750.000	0.325
15760.000	0.325
15770.000	0.326
15780.000	0.326
15790.000	0.327
15800.000	0.326
15810.000	0.327
15820.000	0.327
15830.000	0.328
15840.000	0.329
15850.000	0.329
15860.000	0.327
15870.000	0.329
15880.000	0.330
15890.000	0.330
15900.000	0.329
15910.000	0.330
15920.000	0.329
15930.000	0.331
15940.000	0.330
15950.000	0.331
15960.000	0.331
15970.000	0.331
15980.000	0.331
15990.000	0.331
16000.000	0.332
16010.000	0.332
16020.000	0.329
16030.000	0.331
16040.000	0.332
16050.000	0.332
16060.000	0.331
16070.000	0.333
16080.000	0.334
16090.000	0.335
16100.000	0.334
16110.000	0.335
16120.000	0.335
16130.000	0.335
16140.000	0.334
16150.000	0.336
16160.000	0.335
16170.000	0.336
16180.000	0.337
16190.000	0.338
16200.000	0.337
16210.000	0.337
16220.000	0.338
16230.000	0.338
16240.000	0.339
16250.000	0.338
16260.000	0.338
16270.000	0.338
16280.000	0.339
16290.000	0.338
16300.000	0.337
16310.000	0.338
16320.000	0.337
16330.000	0.338
16340.000	0.338
16350.000	0.339
16360.000	0.340
16370.000	0.339
16380.000	0.340
16390.000	0.342
16400.000	0.340
16410.000	0.340
16420.000	0.340
16430.000	0.342
16440.000	0.343
16450.000	0.342
16460.000	0.342
16470.000	0.341
16480.000	0.343
16490.000	0.343
16500.000	0.342
16510.000	0.343
16520.000	0.344
16530.000	0.345
16540.000	0.345
16550.000	0.344
16560.000	0.345
16570.000	0.345
16580.000	0.345
16590.000	0.345
16600.000	0.345
16610.000	0.345
16620.000	0.345
16630.000	0.346
16640.000	0.347
16650.000	0.347
16660.000	0.347
16670.000	0.347
16680.000	0.345
16690.000	0.346
16700.000	0.346
16710.000	0.346
16720.000	0.346
16730.000	0.347
16740.000	0.348
16750.000	0.348
16760.000	0.348
16770.000	0.347
16780.000	0.349
16790.000	0.349
16800.000	0.349
16810.000	0.349
16820.000	0.351
16830.000	0.351
16840.000	0.351
16850.000	0.351
16860.000	0.351
16870.000	0.351
16880.000	0.352
16890.000	0.352
16900.000	0.352
16910.000	0.353
16920.000	0.353
16930.000	0.353
16940.000	0.352
16950.000	0.354
16960.000	0.353
16970.000	0.353
16980.000	0.354
16990.000	0.353
17000.000	0.353
17010.000	0.354
17020.000	0.357
17030.000	0.356
17040.000	0.355
17050.000	0.356
17060.000	0.356
17070.000	0.356
17080.000	0.356
17090.000	0.355
17100.000	0.357
17110.000	0.357
17120.000	0.357
17130.000	0.358
17140.000	0.357
17150.000	0.358
17160.000	0.359
17170.000	0.360
17180.000	0.361
17190.000	0.359
17200.000	0.360
17210.000	0.359
17220.000	0.362
17230.000	0.361
17240.000	0.361
17250.000	0.361
17260.000	0.360
17270.000	0.360
17280.000	0.360
17290.000	0.362
17300.000	0.360
17310.000	0.362
17320.000	0.361
17330.000	0.360
17340.000	0.362
17350.000	0.360
17360.000	0.361
17370.000	0.362
17380.000	0.363
17390.000	0.363
17400.000	0.364
17410.000	0.364
17420.000	0.362
17430.000	0.362
17440.000	0.364
17450.000	0.364
17460.000	0.364
17470.000	0.366
17480.000	0.364
17490.000	0.364
17500.000	0.365
17510.000	0.365
17520.000	0.367
17530.000	0.367
17540.000	0.365
17550.000	0.366
17560.000	0.367
17570.000	0.368
17580.000	0.367
17590.000	0.367
17600.000	0.367
17610.000	0.368
17620.000	0.366
17630.000	0.369
17640.000	0.369
17650.000	0.369
17660.000	0.368
17670.000	0.368
17680.000	0.370
17690.000	0.370
17700.000	0.370
17710.000	0.371
17720.000	0.369
17730.000	0.370
17740.000	0.371
17750.000	0.370
17760.000	0.373
17770.000	0.371
17780.000	0.374
17790.000	0.372
17800.000	0.372
17810.000	0.372
17820.000	0.373
17830.000	0.372
17840.000	0.372
17850.000	0.371
17860.000	0.372
17870.000	0.372
17880.000	0.373
17890.000	0.372
17900.000	0.371
17910.000	0.372
17920.000	0.373
17930.000	0.374
17940.000	0.373
17950.000	0.375
17960.000	0.374
17970.000	0.374
17980.000	0.374
17990.000	0.374
18000.000	0.375
18010.000	0.375
18020.000	0.377
18030.000	0.376
18040.000	0.375
18050.000	0.375
18060.000	0.374
18070.000	0.376
18080.000	0.376
18090.000	0.376
18100.000	0.377
18110.000	0.377
18120.000	0.377
18130.000	0.377
18140.000	0.376
18150.000	0.377
18160.000	0.377
18170.000	0.379
18180.000	0.380
18190.000	0.378
18200.000	0.379
18210.000	0.378
18220.000	0.378
18230.000	0.380
18240.000	0.379
18250.000	0.379
18260.000	0.383
18270.000	0.381
18280.000	0.382
18290.000	0.380
18300.000	0.378
18310.000	0.379
18320.000	0.379
18330.000	0.378
18340.000	0.377
18350.000	0.376
18360.000	0.378
18370.000	0.379
18380.000	0.379
18390.000	0.379
18400.000	0.379
18410.000	0.378
18420.000	0.380
18430.000	0.380
18440.000	0.380
18450.000	0.381
18460.000	0.381
18470.000	0.382
18480.000	0.381
18490.000	0.382
18500.000	0.382
18510.000	0.382
18520.000	0.384
18530.000	0.383
18540.000	0.384
18550.000	0.384
18560.000	0.384
18570.000	0.386
18580.000	0.384
18590.000	0.383
18600.000	0.385
18610.000	0.384
18620.000	0.386
18630.000	0.386
18640.000	0.387
18650.000	0.386
18660.000	0.387
18670.000	0.387
18680.000	0.384
18690.000	0.384
18700.000	0.386
18710.000	0.387
18720.000	0.388
18730.000	0.386
18740.000	0.386
18750.000	0.387
18760.000	0.388
18770.000	0.386
18780.000	0.387
18790.000	0.388
18800.000	0.388
18810.000	0.388
18820.000	0.387
18830.000	0.387
18840.000	0.387
18850.000	0.387
18860.000	0.389
18870.000	0.388
18880.000	0.387
18890.000	0.388
18900.000	0.388
18910.000	0.390
18920.000	0.390
18930.000	0.390
18940.000	0.389
18950.000	0.389
18960.000	0.389
18970.000	0.388
18980.000	0.390
18990.000	0.390
19000.000	0.391
19010.000	0.391
19020.000	0.389
19030.000	0.391
19040.000	0.389
19050.000	0.387
19060.000	0.389
19070.000	0.388
19080.000	0.389
19090.000	0.390
19100.000	0.391
19110.000	0.390
19120.000	0.392
19130.000	0.391
19140.000	0.391
19150.000	0.393
19160.000	0.392
19170.000	0.391
19180.000	0.391
19190.000	0.391
19200.000	0.392
19210.000	0.392
19220.000	0.392
19230.000	0.390
19240.000	0.391
19250.000	0.393
19260.000	0.393
19270.000	0.393
19280.000	0.391
19290.000	0.393
19300.000	0.394
19310.000	0.393
19320.000	0.393
19330.000	0.391
19340.000	0.392
19350.000	0.392
19360.000	0.392
19370.000	0.391
19380.000	0.391
19390.000	0.392
19400.000	0.392
19410.000	0.392
19420.000	0.392
19430.000	0.392
19440.000	0.395
19450.000	0.392
19460.000	0.391
19470.000	0.393
19480.000	0.393
19490.000	0.394
19500.000	0.393
19510.000	0.395
19520.000	0.396
19530.000	0.395
19540.000	0.394
19550.000	0.395
19560.000	0.396
19570.000	0.397
19580.000	0.397
19590.000	0.398
19600.000	0.397
19610.000	0.397
19620.000	0.395
19630.000	0.395
19640.000	0.397
19650.000	0.397
19660.000	0.397
19670.000	0.397
19680.000	0.397
19690.000	0.396
19700.000	0.396
19710.000	0.394
19720.000	0.394
19730.000	0.392
19740.000	0.390
19750.000	0.391
19760.000	0.391
19770.000	0.390
19780.000	0.389
19790.000	0.391
19800.000	0.393
19810.000	0.394
19820.000	0.394
19830.000	0.395
19840.000	0.395
19850.000	0.396
19860.000	0.397
19870.000	0.398
19880.000	0.397
19890.000	0.397
19900.000	0.395
19910.000	0.397
19920.000	0.398
19930.000	0.397
19940.000	0.397
19950.000	0.397
19960.000	0.396
19970.000	0.397
19980.000	0.397
19990.000	0.397
20000.000	0.398
20010.000	0.400
20020.000	0.398
20030.000	0.398
20040.000	0.397
20050.000	0.398
20060.000	0.399
20070.000	0.398
20080.000	0.398
20090.000	0.399
20100.000	0.398
20110.000	0.399
20120.000	0.398
20130.000	0.398
20140.000	0.396
20150.000	0.399
20160.000	0.400
20170.000	0.400
20180.000	0.400
20190.000	0.401
20200.000	0.400
20210.000	0.400
20220.000	0.400
20230.000	0.400
20240.000	0.401
20250.000	0.401
20260.000	0.404
20270.000	0.401
20280.000	0.400
20290.000	0.402
20300.000	0.400
20310.000	0.401
20320.000	0.400
20330.000	0.400
20340.000	0.400
20350.000	0.399
20360.000	0.399
20370.000	0.400
20380.000	0.401
20390.000	0.401
20400.000	0.400
20410.000	0.401
20420.000	0.401
20430.000	0.401
20440.000	0.402
20450.000	0.402
20460.000	0.402
20470.000	0.400
20480.000	0.401
20490.000	0.401
20500.000	0.401
20510.000	0.401
20520.000	0.400
20530.000	0.402
20540.000	0.402
20550.000	0.402
20560.000	0.402
20570.000	0.402
20580.000	0.402
20590.000	0.402
20600.000	0.400
20610.000	0.402
20620.000	0.403
20630.000	0.403
20640.000	0.401
20650.000	0.400
20660.000	0.401
20670.000	0.402
20680.000	0.402
20690.000	0.402
20700.000	0.402
20710.000	0.404
20720.000	0.402
20730.000	0.402
20740.000	0.401
20750.000	0.402
20760.000	0.403
20770.000	0.402
20780.000	0.401
20790.000	0.401
20800.000	0.402
20810.000	0.402
20820.000	0.402
20830.000	0.402
20840.000	0.400
20850.000	0.402
20860.000	0.401
20870.000	0.401
20880.000	0.400
20890.000	0.400
20900.000	0.400
20910.000	0.401
20920.000	0.402
20930.000	0.402
20940.000	0.402
20950.000	0.401
20960.000	0.401
20970.000	0.402
20980.000	0.403
20990.000	0.402
21000.000	0.402
21010.000	0.403
21020.000	0.401
21030.000	0.403
21040.000	0.404
21050.000	0.403
21060.000	0.403
21070.000	0.402
21080.000	0.401
21090.000	0.402
21100.000	0.402
21110.000	0.403
21120.000	0.403
21130.000	0.405
21140.000	0.402
21150.000	0.402
21160.000	0.402
21170.000	0.404
21180.000	0.401
21190.000	0.401
21200.000	0.402
21210.000	0.402
21220.000	0.400
21230.000	0.402
21240.000	0.402
21250.000	0.403
21260.000	0.402
21270.000	0.403
21280.000	0.403
21290.000	0.401
21300.000	0.403
21310.000	0.404
21320.000	0.403
21330.000	0.404
21340.000	0.403
21350.000	0.403
21360.000	0.402
21370.000	0.403
21380.000	0.403
21390.000	0.403
21400.000	0.402
21410.000	0.401
21420.000	0.402
21430.000	0.403
21440.000	0.402
21450.000	0.402
21460.000	0.402
21470.000	0.401
21480.000	0.402
21490.000	0.403
21500.000	0.401
21510.000	0.401
21520.000	0.401
21530.000	0.403
21540.000	0.401
21550.000	0.401
21560.000	0.401
21570.000	0.403
21580.000	0.402
21590.000	0.403
21600.000	0.403
21610.000	0.401
21620.000	0.400
21630.000	0.401
21640.000	0.401
21650.000	0.400
21660.000	0.400
21670.000	0.399
21680.000	0.400
21690.000	0.401
21700.000	0.400
21710.000	0.401
21720.000	0.400
21730.000	0.402
21740.000	0.401
21750.000	0.401
21760.000	0.400
21770.000	0.403
21780.000	0.402
21790.000	0.403
21800.000	0.401
21810.000	0.400
21820.000	0.401
21830.000	0.402
21840.000	0.400
21850.000	0.401
21860.000	0.401
21870.000	0.401
21880.000	0.401
21890.000	0.401
21900.000	0.401
21910.000	0.401
21920.000	0.401
21930.000	0.400
21940.000	0.399
21950.000	0.399
21960.000	0.399
21970.000	0.401
21980.000	0.403
21990.000	0.401
22000.000	0.402
22010.000	0.402
22020.000	0.400
22030.000	0.399
22040.000	0.400
22050.000	0.400
22060.000	0.398
22070.000	0.398
22080.000	0.399
22090.000	0.400
22100.000	0.403
22110.000	0.400
22120.000	0.401
22130.000	0.400
22140.000	0.399
22150.000	0.399
22160.000	0.399
22170.000	0.401
22180.000	0.401
22190.000	0.399
22200.000	0.401
22210.000	0.400
22220.000	0.399
22230.000	0.399
22240.000	0.398
22250.000	0.398
22260.000	0.399
22270.000	0.400
22280.000	0.399
22290.000	0.398
22300.000	0.398
22310.000	0.396
22320.000	0.398
22330.000	0.397
22340.000	0.395
22350.000	0.395
22360.000	0.396
22370.000	0.398
22380.000	0.398
22390.000	0.396
22400.000	0.397
22410.000	0.397
22420.000	0.398
22430.000	0.397
22440.000	0.398
22450.000	0.396
22460.000	0.397
22470.000	0.397
22480.000	0.397
22490.000	0.396
22500.000	0.397
22510.000	0.398
22520.000	0.396
22530.000	0.397
22540.000	0.395
22550.000	0.396
22560.000	0.397
22570.000	0.397
22580.000	0.395
22590.000	0.395
22600.000	0.396
22610.000	0.396
22620.000	0.394
22630.000	0.395
22640.000	0.395
22650.000	0.397
22660.000	0.395
22670.000	0.397
22680.000	0.396
22690.000	0.395
22700.000	0.394
22710.000	0.393
22720.000	0.393
22730.000	0.394
22740.000	0.393
22750.000	0.395
22760.000	0.395
22770.000	0.396
22780.000	0.394
22790.000	0.394
22800.000	0.394
22810.000	0.395
22820.000	0.394
22830.000	0.395
22840.000	0.394
22850.000	0.392
22860.000	0.392
22870.000	0.394
22880.000	0.392
22890.000	0.393
22900.000	0.392
22910.000	0.391
22920.000	0.393
22930.000	0.395
22940.000	0.396
22950.000	0.395
22960.000	0.393
22970.000	0.392
22980.000	0.392
22990.000	0.392
23000.000	0.392
23010.000	0.393
23020.000	0.391
23030.000	0.393
23040.000	0.392
23050.000	0.392
23060.000	0.392
23070.000	0.391
23080.000	0.392
23090.000	0.391
23100.000	0.390
23110.000	0.389
23120.000	0.389
23130.000	0.389
23140.000	0.391
23150.000	0.389
23160.000	0.391
23170.000	0.389
23180.000	0.390
23190.000	0.391
23200.000	0.391
23210.000	0.390
23220.000	0.390
23230.000	0.391
23240.000	0.389
23250.000	0.389
23260.000	0.388
23270.000	0.390
23280.000	0.390
23290.000	0.391
23300.000	0.390
23310.000	0.390
23320.000	0.389
23330.000	0.390
23340.000	0.388
23350.000	0.390
23360.000	0.386
23370.000	0.385
23380.000	0.386
23390.000	0.388
23400.000	0.388
23410.000	0.388
23420.000	0.386
23430.000	0.386
23440.000	0.387
23450.000	0.386
23460.000	0.386
23470.000	0.385
23480.000	0.385
23490.000	0.384
23500.000	0.385
23510.000	0.384
23520.000	0.384
23530.000	0.385
23540.000	0.384
23550.000	0.383
23560.000	0.385
23570.000	0.387
23580.000	0.383
23590.000	0.384
23600.000	0.384
23610.000	0.385
23620.000	0.384
23630.000	0.384
23640.000	0.385
23650.000	0.384
23660.000	0.384
23670.000	0.384
23680.000	0.384
23690.000	0.383
23700.000	0.382
23710.000	0.383
23720.000	0.382
23730.000	0.383
23740.000	0.384
23750.000	0.382
23760.000	0.382
23770.000	0.382
23780.000	0.383
23790.000	0.382
23800.000	0.381
23810.000	0.380
23820.000	0.380
23830.000	0.380
23840.000	0.381
23850.000	0.382
23860.000	0.381
23870.000	0.381
23880.000	0.382
23890.000	0.381
23900.000	0.380
23910.000	0.381
23920.000	0.380
23930.000	0.380
23940.000	0.380
23950.000	0.380
23960.000	0.378
23970.000	0.379
23980.000	0.378
23990.000	0.379
24000.000	0.380
24010.000	0.378
24020.000	0.378
24030.000	0.379
24040.000	0.379
24050.000	0.378
24060.000	0.376
24070.000	0.377
24080.000	0.377
24090.000	0.377
24100.000	0.377
24110.000	0.377
24120.000	0.377
24130.000	0.378
24140.000	0.375
24150.000	0.375
24160.000	0.376
24170.000	0.377
24180.000	0.375
24190.000	0.375
24200.000	0.376
24210.000	0.376
24220.000	0.375
24230.000	0.374
24240.000	0.375
24250.000	0.375
24260.000	0.373
24270.000	0.374
24280.000	0.373
24290.000	0.374
24300.000	0.373
24310.000	0.372
24320.000	0.373
24330.000	0.374
24340.000	0.374
24350.000	0.374
24360.000	0.373
24370.000	0.371
24380.000	0.372
24390.000	0.372
24400.000	0.371
24410.000	0.372
24420.000	0.371
24430.000	0.370
24440.000	0.370
24450.000	0.369
24460.000	0.370
24470.000	0.371
24480.000	0.370
24490.000	0.371
24500.000	0.369
24510.000	0.371
24520.000	0.372
24530.000	0.370
24540.000	0.370
24550.000	0.370
24560.000	0.369
24570.000	0.369
24580.000	0.368
24590.000	0.371
24600.000	0.371
24610.000	0.370
24620.000	0.369
24630.000	0.369
24640.000	0.368
24650.000	0.369
24660.000	0.369
24670.000	0.369
24680.000	0.369
24690.000	0.369
24700.000	0.368
24710.000	0.366
24720.000	0.366
24730.000	0.366
24740.000	0.366
24750.000	0.367
24760.000	0.367
24770.000	0.367
24780.000	0.368
24790.000	0.366
24800.000	0.366
24810.000	0.364
24820.000	0.366
24830.000	0.365
24840.000	0.364
24850.000	0.364
24860.000	0.363
24870.000	0.365
24880.000	0.363
24890.000	0.363
24900.000	0.363
24910.000	0.364
24920.000	0.363
24930.000	0.364
24940.000	0.364
24950.000	0.363
24960.000	0.362
24970.000	0.363
24980.000	0.363
24990.000	0.361
25000.000	0.362
25010.000	0.361
25020.000	0.361
25030.000	0.361
25040.000	0.361
25050.000	0.361
25060.000	0.360
25070.000	0.362
25080.000	0.362
25090.000	0.361
25100.000	0.360
25110.000	0.360
25120.000	0.358
25130.000	0.358
25140.000	0.357
25150.000	0.356
25160.000	0.357
25170.000	0.359
25180.000	0.357
25190.000	0.357
25200.000	0.357
25210.000	0.356
25220.000	0.355
25230.000	0.354
25240.000	0.355
25250.000	0.355
25260.000	0.355
25270.000	0.356
25280.000	0.356
25290.000	0.356
25300.000	0.356
25310.000	0.354
25320.000	0.354
25330.000	0.353
25340.000	0.354
25350.000	0.354
25360.000	0.353
25370.000	0.354
25380.000	0.353
25390.000	0.353
25400.000	0.354
25410.000	0.354
25420.000	0.353
25430.000	0.353
25440.000	0.353
25450.000	0.352
25460.000	0.352
25470.000	0.353
25480.000	0.351
25490.000	0.351
25500.000	0.350
25510.000	0.350
25520.000	0.351
25530.000	0.349
25540.000	0.351
25550.000	0.350
25560.000	0.348
25570.000	0.349
25580.000	0.348
25590.000	0.348
25600.000	0.348
25610.000	0.349
25620.000	0.349
25630.000	0.348
25640.000	0.346
25650.000	0.346
25660.000	0.347
25670.000	0.348
25680.000	0.345
25690.000	0.346
25700.000	0.345
25710.000	0.345
25720.000	0.345
25730.000	0.346
25740.000	0.346
25750.000	0.346
25760.000	0.344
25770.000	0.343
25780.000	0.344
25790.000	0.344
25800.000	0.342
25810.000	0.343
25820.000	0.343
25830.000	0.343
25840.000	0.343
25850.000	0.344
25860.000	0.343
25870.000	0.343
25880.000	0.341
25890.000	0.340
25900.000	0.342
25910.000	0.343
25920.000	0.342
25930.000	0.343
25940.000	0.342
25950.000	0.341
25960.000	0.340
25970.000	0.340
25980.000	0.340
25990.000	0.339
26000.000	0.339
26010.000	0.339
26020.000	0.338
26030.000	0.340
26040.000	0.337
26050.000	0.339
26060.000	0.340
26070.000	0.338
26080.000	0.337
26090.000	0.337
26100.000	0.335
26110.000	0.335
26120.000	0.337
26130.000	0.337
26140.000	0.336
26150.000	0.337
26160.000	0.335
26170.000	0.336
26180.000	0.335
26190.000	0.333
26200.000	0.335
26210.000	0.335
26220.000	0.333
26230.000	0.332
26240.000	0.332
26250.000	0.334
26260.000	0.332
26270.000	0.334
26280.000	0.333
26290.000	0.334
26300.000	0.333
26310.000	0.331
26320.000	0.330
26330.000	0.330
26340.000	0.331
26350.000	0.330
26360.000	0.331
26370.000	0.329
26380.000	0.331
26390.000	0.331
26400.000	0.329
26410.000	0.329
26420.000	0.328
26430.000	0.327
26440.000	0.327
26450.000	0.326
26460.000	0.327
26470.000	0.325
26480.000	0.327
26490.000	0.327
26500.000	0.327
26510.000	0.327
26520.000	0.325
26530.000	0.325
26540.000	0.325
26550.000	0.326
26560.000	0.325
26570.000	0.326
26580.000	0.326
26590.000	0.325
26600.000	0.325
26610.000	0.325
26620.000	0.324
26630.000	0.323
26640.000	0.324
26650.000	0.323
26660.000	0.322
26670.000	0.321
26680.000	0.320
26690.000	0.320
26700.000	0.322
26710.000	0.321
26720.000	0.321
26730.000	0.321
26740.000	0.322
26750.000	0.321
26760.000	0.320
26770.000	0.319
26780.000	0.319
26790.000	0.319
26800.000	0.318
26810.000	0.319
26820.000	0.319
26830.000	0.319
26840.000	0.316
26850.000	0.317
26860.000	0.316
26870.000	0.317
26880.000	0.317
26890.000	0.317
26900.000	0.316
26910.000	0.316
26920.000	0.316
26930.000	0.314
26940.000	0.315
26950.000	0.315
26960.000	0.315
26970.000	0.314
26980.000	0.314
26990.000	0.312
27000.000	0.313
27010.000	0.312
27020.000	0.312
27030.000	0.311
27040.000	0.311
27050.000	0.313
27060.000	0.312
27070.000	0.312
27080.000	0.311
27090.000	0.311
27100.000	0.311
27110.000	0.311
27120.000	0.310
27130.000	0.309
27140.000	0.308
27150.000	0.309
27160.000	0.309
27170.000	0.310
27180.000	0.308
27190.000	0.309
27200.000	0.307
27210.000	0.306
27220.000	0.306
27230.000	0.307
27240.000	0.307
27250.000	0.305
27260.000	0.307
27270.000	0.305
27280.000	0.306
27290.000	0.306
27300.000	0.306
27310.000	0.305
27320.000	0.304
27330.000	0.303
27340.000	0.303
27350.000	0.304
27360.000	0.302
27370.000	0.303
27380.000	0.303
27390.000	0.301
27400.000	0.301
27410.000	0.302
27420.000	0.303
27430.000	0.301
27440.000	0.301
27450.000	0.300
27460.000	0.300
27470.000	0.300
27480.000	0.298
27490.000	0.299
27500.000	0.300
27510.000	0.299
27520.000	0.299
27530.000	0.299
27540.000	0.295
27550.000	0.298
27560.000	0.299
27570.000	0.298
27580.000	0.297
27590.000	0.297
27600.000	0.297
27610.000	0.295
27620.000	0.296
27630.000	0.293
27640.000	0.294
27650.000	0.294
27660.000	0.292
27670.000	0.293
27680.000	0.295
27690.000	0.295
27700.000	0.295
27710.000	0.295
27720.000	0.295
27730.000	0.294
27740.000	0.294
27750.000	0.292
27760.000	0.293
27770.000	0.292
27780.000	0.294
27790.000	0.294
27800.000	0.294
27810.000	0.294
27820.000	0.293
27830.000	0.293
27840.000	0.292
27850.000	0.292
27860.000	0.291
27870.000	0.290
27880.000	0.291
27890.000	0.290
27900.000	0.289
27910.000	0.290
27920.000	0.289
27930.000	0.288
27940.000	0.289
27950.000	0.289
27960.000	0.288
27970.000	0.287
27980.000	0.287
27990.000	0.287
28000.000	0.287
28010.000	0.286
28020.000	0.287
28030.000	0.285
28040.000	0.283
28050.000	0.283
28060.000	0.282
28070.000	0.282
28080.000	0.282
28090.000	0.281
28100.000	0.283
28110.000	0.282
28120.000	0.281
28130.000	0.281
28140.000	0.281
28150.000	0.282
28160.000	0.281
28170.000	0.281
28180.000	0.280
28190.000	0.280
28200.000	0.282
28210.000	0.279
28220.000	0.280
28230.000	0.278
28240.000	0.278
28250.000	0.278
28260.000	0.278
28270.000	0.277
28280.000	0.277
28290.000	0.277
28300.000	0.276
28310.000	0.276
28320.000	0.276
28330.000	0.276
28340.000	0.276
28350.000	0.276
28360.000	0.275
28370.000	0.275
28380.000	0.273
28390.000	0.274
28400.000	0.274
28410.000	0.274
28420.000	0.274
28430.000	0.274
28440.000	0.272
28450.000	0.272
28460.000	0.272
28470.000	0.271
28480.000	0.272
28490.000	0.271
28500.000	0.271
28510.000	0.270
28520.000	0.270
28530.000	0.271
28540.000	0.269
28550.000	0.269
28560.000	0.268
28570.000	0.268
28580.000	0.268
28590.000	0.269
28600.000	0.268
28610.000	0.267
28620.000	0.267
28630.000	0.267
28640.000	0.268
28650.000	0.268
28660.000	0.267
28670.000	0.267
28680.000	0.265
28690.000	0.265
28700.000	0.266
28710.000	0.265
28720.000	0.264
28730.000	0.266
28740.000	0.265
28750.000	0.266
28760.000	0.266
28770.000	0.265
28780.000	0.263
28790.000	0.262
28800.000	0.262
28810.000	0.262
28820.000	0.261
28830.000	0.262
28840.000	0.262
28850.000	0.262
28860.000	0.261
28870.000	0.259
28880.000	0.259
28890.000	0.259
28900.000	0.260
28910.000	0.260
28920.000	0.259
28930.000	0.259
28940.000	0.260
28950.000	0.260
28960.000	0.260
28970.000	0.258
28980.000	0.259
28990.000	0.258
29000.000	0.257
29010.000	0.257
29020.000	0.256
29030.000	0.256
29040.000	0.256
29050.000	0.256
29060.000	0.257
29070.000	0.256
29080.000	0.256
29090.000	0.254
29100.000	0.255
29110.000	0.252
29120.000	0.254
29130.000	0.254
29140.000	0.253
29150.000	0.252
29160.000	0.252
29170.000	0.252
29180.000	0.252
29190.000	0.251
29200.000	0.251
29210.000	0.251
29220.000	0.250
29230.000	0.249
29240.000	0.250
29250.000	0.250
29260.000	0.250
29270.000	0.250
29280.000	0.249
29290.000	0.250
29300.000	0.249
29310.000	0.248
29320.000	0.247
29330.000	0.248
29340.000	0.248
29350.000	0.247
29360.000	0.247
29370.000	0.246
29380.000	0.245
29390.000	0.245
29400.000	0.246
29410.000	0.245
29420.000	0.244
29430.000	0.244
29440.000	0.243
29450.000	0.245
29460.000	0.246
29470.000	0.243
29480.000	0.242
29490.000	0.243
29500.000	0.242
29510.000	0.244
29520.000	0.242
29530.000	0.243
29540.000	0.243
29550.000	0.243
29560.000	0.241
29570.000	0.241
29580.000	0.240
29590.000	0.240
29600.000	0.239
29610.000	0.240
29620.000	0.241
29630.000	0.240
29640.000	0.239
29650.000	0.239
29660.000	0.239
29670.000	0.239
29680.000	0.238
29690.000	0.237
29700.000	0.237
29710.000	0.236
29720.000	0.236
29730.000	0.236
29740.000	0.235
29750.000	0.236
29760.000	0.235
29770.000	0.236
29780.000	0.235
29790.000	0.233
29800.000	0.234
29810.000	0.234
29820.000	0.233
29830.000	0.232
29840.000	0.232
29850.000	0.231
29860.000	0.232
29870.000	0.232
29880.000	0.233
29890.000	0.232
29900.000	0.231
29910.000	0.231
29920.000	0.230
29930.000	0.231
29940.000	0.231
29950.000	0.231
29960.000	0.230
29970.000	0.230
29980.000	0.230
29990.000	0.230
30000.000	0.229
30010.000	0.230
30020.000	0.227
30030.000	0.227
30040.000	0.228
30050.000	0.228
30060.000	0.228
30070.000	0.227
30080.000	0.228
30090.000	0.226
30100.000	0.225
30110.000	0.225
30120.000	0.226
30130.000	0.225
30140.000	0.226
30150.000	0.225
30160.000	0.223
30170.000	0.223
30180.000	0.223
30190.000	0.222
30200.000	0.223
30210.000	0.224
30220.000	0.223
30230.000	0.222
30240.000	0.222
30250.000	0.222
30260.000	0.222
30270.000	0.221
30280.000	0.221
30290.000	0.221
30300.000	0.221
30310.000	0.219
30320.000	0.219
30330.000	0.219
30340.000	0.220
30350.000	0.218
30360.000	0.218
30370.000	0.218
30380.000	0.217
30390.000	0.217
30400.000	0.217
30410.000	0.217
30420.000	0.217
30430.000	0.217
30440.000	0.217
30450.000	0.216
30460.000	0.215
30470.000	0.215
30480.000	0.215
30490.000	0.215
30500.000	0.214
30510.000	0.213
30520.000	0.214
30530.000	0.214
30540.000	0.212
30550.000	0.212
30560.000	0.213
30570.000	0.212
30580.000	0.213
30590.000	0.214
30600.000	0.212
30610.000	0.211
30620.000	0.212
30630.000	0.211
30640.000	0.211
30650.000	0.211
30660.000	0.211
30670.000	0.208
30680.000	0.208
30690.000	0.207
30700.000	0.206
30710.000	0.206
30720.000	0.206
30730.000	0.208
30740.000	0.207
30750.000	0.206
30760.000	0.206
30770.000	0.206
30780.000	0.205
30790.000	0.206
30800.000	0.205
30810.000	0.206
30820.000	0.204
30830.000	0.205
30840.000	0.204
30850.000	0.204
30860.000	0.205
30870.000	0.204
30880.000	0.205
30890.000	0.203
30900.000	0.202
30910.000	0.201
30920.000	0.201
30930.000	0.201
30940.000	0.202
30950.000	0.201
30960.000	0.202
30970.000	0.201
30980.000	0.201
30990.000	0.201
31000.000	0.201
31010.000	0.200
31020.000	0.199
31030.000	0.200
31040.000	0.199
31050.000	0.198
31060.000	0.199
31070.000	0.197
31080.000	0.198
31090.000	0.196
31100.000	0.197
31110.000	0.196
31120.000	0.196
31130.000	0.195
31140.000	0.197
31150.000	0.195
31160.000	0.195
31170.000	0.195
31180.000	0.195
31190.000	0.195
31200.000	0.193
31210.000	0.193
31220.000	0.193
31230.000	0.193
31240.000	0.193
31250.000	0.193
31260.000	0.191
31270.000	0.192
31280.000	0.191
31290.000	0.192
31300.000	0.191
31310.000	0.191
31320.000	0.190
31330.000	0.192
31340.000	0.191
31350.000	0.191
31360.000	0.191
31370.000	0.190
31380.000	0.189
31390.000	0.189
31400.000	0.189
31410.000	0.188
31420.000	0.189
31430.000	0.189
31440.000	0.186
31450.000	0.186
31460.000	0.186
31470.000	0.186
31480.000	0.185
31490.000	0.185
31500.000	0.184
31510.000	0.184
31520.000	0.184
31530.000	0.185
31540.000	0.184
31550.000	0.183
31560.000	0.184
31570.000	0.182
31580.000	0.182
31590.000	0.182
31600.000	0.182
31610.000	0.182
31620.000	0.180
31630.000	0.181
31640.000	0.181
31650.000	0.180
31660.000	0.179
31670.000	0.179
31680.000	0.181
31690.000	0.180
31700.000	0.179
31710.000	0.180
31720.000	0.179
31730.000	0.177
31740.000	0.178
31750.000	0.179
31760.000	0.176
31770.000	0.178
31780.000	0.177
31790.000	0.177
31800.000	0.177
31810.000	0.176
31820.000	0.177
31830.000	0.176
31840.000	0.175
31850.000	0.175
31860.000	0.175
31870.000	0.174
31880.000	0.173
31890.000	0.174
31900.000	0.173
31910.000	0.172
31920.000	0.173
31930.000	0.174
31940.000	0.174
31950.000	0.174
31960.000	0.172
31970.000	0.173
31980.000	0.171
31990.000	0.171
32000.000	0.171
32010.000	0.170
32020.000	0.171
32030.000	0.170
32040.000	0.170
32050.000	0.169
32060.000	0.170
32070.000	0.168
32080.000	0.168
32090.000	0.167
32100.000	0.167
32110.000	0.168
32120.000	0.167
32130.000	0.165
32140.000	0.165
32150.000	0.166
32160.000	0.166
32170.000	0.165
32180.000	0.164
32190.000	0.164
32200.000	0.164
32210.000	0.163
32220.000	0.163
32230.000	0.163
32240.000	0.163
32250.000	0.162
32260.000	0.161
32270.000	0.162
32280.000	0.160
32290.000	0.160
32300.000	0.161
32310.000	0.160
32320.000	0.160
32330.000	0.159
32340.000	0.159
32350.000	0.159
32360.000	0.159
32370.000	0.159
32380.000	0.159
32390.000	0.157
32400.000	0.157
32410.000	0.157
32420.000	0.157
32430.000	0.157
32440.000	0.157
32450.000	0.156
32460.000	0.156
32470.000	0.156
32480.000	0.156
32490.000	0.154
32500.000	0.154
32510.000	0.154
32520.000	0.153
32530.000	0.152
32540.000	0.152
32550.000	0.152
32560.000	0.152
32570.000	0.152
32580.000	0.151
32590.000	0.152
32600.000	0.151
32610.000	0.150
32620.000	0.149
32630.000	0.150
32640.000	0.149
32650.000	0.149
32660.000	0.149
32670.000	0.148
32680.000	0.148
32690.000	0.148
32700.000	0.148
32710.000	0.146
32720.000	0.147
32730.000	0.146
32740.000	0.147
32750.000	0.146
32760.000	0.146
32770.000	0.145
32780.000	0.145
32790.000	0.144
32800.000	0.143
32810.000	0.144
32820.000	0.143
32830.000	0.143
32840.000	0.142
32850.000	0.143
32860.000	0.142
32870.000	0.143
32880.000	0.142
32890.000	0.141
32900.000	0.141
32910.000	0.140
32920.000	0.139
32930.000	0.139
32940.000	0.139
32950.000	0.139
32960.000	0.139
32970.000	0.138
32980.000	0.138
32990.000	0.137
33000.000	0.137
33010.000	0.136
33020.000	0.136
33030.000	0.136
33040.000	0.135
33050.000	0.136
33060.000	0.135
33070.000	0.134
33080.000	0.134
33090.000	0.133
33100.000	0.133
33110.000	0.134
33120.000	0.133
33130.000	0.132
33140.000	0.131
33150.000	0.132
33160.000	0.131
33170.000	0.132
33180.000	0.130
33190.000	0.131
33200.000	0.130
33210.000	0.131
33220.000	0.131
33230.000	0.130
33240.000	0.128
33250.000	0.128
33260.000	0.128
33270.000	0.127
33280.000	0.127
33290.000	0.125
33300.000	0.126
33310.000	0.124
33320.000	0.124
33330.000	0.124
33340.000	0.123
33350.000	0.124
33360.000	0.123
33370.000	0.123
33380.000	0.123
33390.000	0.123
33400.000	0.122
33410.000	0.122
33420.000	0.122
33430.000	0.122
33440.000	0.121
33450.000	0.121
33460.000	0.119
33470.000	0.119
33480.000	0.119
33490.000	0.119
33500.000	0.119
33510.000	0.119
33520.000	0.118
33530.000	0.117
33540.000	0.117
33550.000	0.117
33560.000	0.117
33570.000	0.117
33580.000	0.117
33590.000	0.116
33600.000	0.115
33610.000	0.115
33620.000	0.115
33630.000	0.114
33640.000	0.113
33650.000	0.112
33660.000	0.113
33670.000	0.112
33680.000	0.112
33690.000	0.111
33700.000	0.111
33710.000	0.111
33720.000	0.110
33730.000	0.110
33740.000	0.109
33750.000	0.109
33760.000	0.109
33770.000	0.109
33780.000	0.109
33790.000	0.108
33800.000	0.107
33810.000	0.108
33820.000	0.107
33830.000	0.106
33840.000	0.106
33850.000	0.105
33860.000	0.105
33870.000	0.105
33880.000	0.104
33890.000	0.105
33900.000	0.104
33910.000	0.104
33920.000	0.103
33930.000	0.103
33940.000	0.103
33950.000	0.103
33960.000	0.103
33970.000	0.102
33980.000	0.101
33990.000	0.100
34000.000	0.100
34010.000	0.101
34020.000	0.100
34030.000	0.101
34040.000	0.099
34050.000	0.099
34060.000	0.098
34070.000	0.099
34080.000	0.097
34090.000	0.096
34100.000	0.096
34110.000	0.096
34120.000	0.095
34130.000	0.095
34140.000	0.095
34150.000	0.095
34160.000	0.094
34170.000	0.094
34180.000	0.093
34190.000	0.094
34200.000	0.094
34210.000	0.093
34220.000	0.093
34230.000	0.092
34240.000	0.092
34250.000	0.091
34260.000	0.091
34270.000	0.090
34280.000	0.090
34290.000	0.089
34300.000	0.089
34310.000	0.089
34320.000	0.088
34330.000	0.088
34340.000	0.088
34350.000	0.087
34360.000	0.088
34370.000	0.087
34380.000	0.087
34390.000	0.087
34400.000	0.086
34410.000	0.085
34420.000	0.084
34430.000	0.085
34440.000	0.085
34450.000	0.084
34460.000	0.084
34470.000	0.083
34480.000	0.082
34490.000	0.082
34500.000	0.082
34510.000	0.081
34520.000	0.081
34530.000	0.082
34540.000	0.082
34550.000	0.080
34560.000	0.080
34570.000	0.080
34580.000	0.080
34590.000	0.080
34600.000	0.079
34610.000	0.079
34620.000	0.078
34630.000	0.078
34640.000	0.077
34650.000	0.076
34660.000	0.076
34670.000	0.076
34680.000	0.075
34690.000	0.076
34700.000	0.075
34710.000	0.075
34720.000	0.074
34730.000	0.074
34740.000	0.074
34750.000	0.074
34760.000	0.073
34770.000	0.073
34780.000	0.072
34790.000	0.072
34800.000	0.071
34810.000	0.072
34820.000	0.072
34830.000	0.071
34840.000	0.070
34850.000	0.070
34860.000	0.068
34870.000	0.069
34880.000	0.069
34890.000	0.069
34900.000	0.068
34910.000	0.068
34920.000	0.067
34930.000	0.067
34940.000	0.067
34950.000	0.067
34960.000	0.067
34970.000	0.067
34980.000	0.066
34990.000	0.065
35000.000	0.065
35010.000	0.065
35020.000	0.065
35030.000	0.064
35040.000	0.064
35050.000	0.064
35060.000	0.062
35070.000	0.062
35080.000	0.063
35090.000	0.062
35100.000	0.062
35110.000	0.061
35120.000	0.061
35130.000	0.061
35140.000	0.060
35150.000	0.060
35160.000	0.060
35170.000	0.060
35180.000	0.060
35190.000	0.059
35200.000	0.059
35210.000	0.058
35220.000	0.058
35230.000	0.058
35240.000	0.058
35250.000	0.058
35260.000	0.058
35270.000	0.056
35280.000	0.056
35290.000	0.056
35300.000	0.055
35310.000	0.055
35320.000	0.055
35330.000	0.054
35340.000	0.054
35350.000	0.054
35360.000	0.054
35370.000	0.054
35380.000	0.054
35390.000	0.053
35400.000	0.053
35410.000	0.053
35420.000	0.052
35430.000	0.052
35440.000	0.051
35450.000	0.051
35460.000	0.051
35470.000	0.051
35480.000	0.050
35490.000	0.051
35500.000	0.051
35510.000	0.050
35520.000	0.050
35530.000	0.049
35540.000	0.049
35550.000	0.049
35560.000	0.047
35570.000	0.048
35580.000	0.048
35590.000	0.048
35600.000	0.047
35610.000	0.047
35620.000	0.046
35630.000	0.045
35640.000	0.046
35650.000	0.047
35660.000	0.046
35670.000	0.045
35680.000	0.045
35690.000	0.044
35700.000	0.044
35710.000	0.044
35720.000	0.044
35730.000	0.044
35740.000	0.043
35750.000	0.043
35760.000	0.043
35770.000	0.042
35780.000	0.042
35790.000	0.042
35800.000	0.042
35810.000	0.041
35820.000	0.041
35830.000	0.041
35840.000	0.041
35850.000	0.040
35860.000	0.040
35870.000	0.039
35880.000	0.039
35890.000	0.039
35900.000	0.040
35910.000	0.040
35920.000	0.039
35930.000	0.038
35940.000	0.038
35950.000	0.038
35960.000	0.037
35970.000	0.037
35980.000	0.038
35990.000	0.037
36000.000	0.037
36010.000	0.037
36020.000	0.037
36030.000	0.037
36040.000	0.036
36050.000	0.037
36060.000	0.036
36070.000	0.035
36080.000	0.035
36090.000	0.035
36100.000	0.035
36110.000	0.035
36120.000	0.035
36130.000	0.034
36140.000	0.034
36150.000	0.034
36160.000	0.034
36170.000	0.033
36180.000	0.033
36190.000	0.033
36200.000	0.033
36210.000	0.033
36220.000	0.033
36230.000	0.033
36240.000	0.032
36250.000	0.032
36260.000	0.032
36270.000	0.031
36280.000	0.031
36290.000	0.030
36300.000	0.031
36310.000	0.031
36320.000	0.031
36330.000	0.030
36340.000	0.030
36350.000	0.030
36360.000	0.030
36370.000	0.030
36380.000	0.029
36390.000	0.029
36400.000	0.028
36410.000	0.028
36420.000	0.028
36430.000	0.029
36440.000	0.028
36450.000	0.027
36460.000	0.027
36470.000	0.027
36480.000	0.027
36490.000	0.027
36500.000	0.027
36510.000	0.027
36520.000	0.027
36530.000	0.026
36540.000	0.026
36550.000	0.026
36560.000	0.026
36570.000	0.025
36580.000	0.026
36590.000	0.025
36600.000	0.025
36610.000	0.024
36620.000	0.025
36630.000	0.024
36640.000	0.025
36650.000	0.025
36660.000	0.024
36670.000	0.024
36680.000	0.024
36690.000	0.023
36700.000	0.023
36710.000	0.024
36720.000	0.023
36730.000	0.023
36740.000	0.023
36750.000	0.022
36760.000	0.022
36770.000	0.022
36780.000	0.022
36790.000	0.022
36800.000	0.022
36810.000	0.021
36820.000	0.022
36830.000	0.022
36840.000	0.022
36850.000	0.022
36860.000	0.021
36870.000	0.021
36880.000	0.022
36890.000	0.022
36900.000	0.021
36910.000	0.021
36920.000	0.021
36930.000	0.020
36940.000	0.020
36950.000	0.020
36960.000	0.020
36970.000	0.020
36980.000	0.020
36990.000	0.019
37000.000	0.019
37010.000	0.019
37020.000	0.018
37030.000	0.019
37040.000	0.019
37050.000	0.018
37060.000	0.018
37070.000	0.019
37080.000	0.018
37090.000	0.018
37100.000	0.018
37110.000	0.017
37120.000	0.018
37130.000	0.018
37140.000	0.017
37150.000	0.017
37160.000	0.017
37170.000	0.017
37180.000	0.017
37190.000	0.016
37200.000	0.017
37210.000	0.016
37220.000	0.016
37230.000	0.016
37240.000	0.017
37250.000	0.017
37260.000	0.016
37270.000	0.016
37280.000	0.016
37290.000	0.016
37300.000	0.016
37310.000	0.015
37320.000	0.015
37330.000	0.015
37340.000	0.015
37350.000	0.015
37360.000	0.015
37370.000	0.014
37380.000	0.015
37390.000	0.015
37400.000	0.015
37410.000	0.014
37420.000	0.014
37430.000	0.014
37440.000	0.013
37450.000	0.014
37460.000	0.013
37470.000	0.014
37480.000	0.013
37490.000	0.014
37500.000	0.013
37510.000	0.013
37520.000	0.013
37530.000	0.012
37540.000	0.012
37550.000	0.012
37560.000	0.012
37570.000	0.012
37580.000	0.012
37590.000	0.013
37600.000	0.012
37610.000	0.012
37620.000	0.012
37630.000	0.012
37640.000	0.012
37650.000	0.012
37660.000	0.011
37670.000	0.011
37680.000	0.012
37690.000	0.012
37700.000	0.012
37710.000	0.011
37720.000	0.011
37730.000	0.010
37740.000	0.010
37750.000	0.010
37760.000	0.011
37770.000	0.010
37780.000	0.010
37790.000	0.010
37800.000	0.010
37810.000	0.009
37820.000	0.009
37830.000	0.009
37840.000	0.010
37850.000	0.009
37860.000	0.009
37870.000	0.009
37880.000	0.009
37890.000	0.009
37900.000	0.008
37910.000	0.009
37920.000	0.008
37930.000	0.008
37940.000	0.009
37950.000	0.008
37960.000	0.008
37970.000	0.008
37980.000	0.008
37990.000	0.008
38000.000	0.008
38010.000	0.008
38020.000	0.008
38030.000	0.007
38040.000	0.007
38050.000	0.007
38060.000	0.007
38070.000	0.008
38080.000	0.008
38090.000	0.008
38100.000	0.007
38110.000	0.007
38120.000	0.007
38130.000	0.007
38140.000	0.007
38150.000	0.007
38160.000	0.007
38170.000	0.007
38180.000	0.007
38190.000	0.007
38200.000	0.007
38210.000	0.007
38220.000	0.007
38230.000	0.007
38240.000	0.007
38250.000	0.007
38260.000	0.007
38270.000	0.007
38280.000	0.007
38290.000	0.007
38300.000	0.007
38310.000	0.007
38320.000	0.007
38330.000	0.007
38340.000	0.007
38350.000	0.007
38360.000	0.007
38370.000	0.007
38380.000	0.007
38390.000	0.007
38400.000	0.006
38410.000	0.006
38420.000	0.006
38430.000	0.007
38440.000	0.006
38450.000	0.006
38460.000	0.006
38470.000	0.006
38480.000	0.006
38490.000	0.006
38500.000	0.006
38510.000	0.006
38520.000	0.006
38530.000	0.006
38540.000	0.006
38550.000	0.006
38560.000	0.005
38570.000	0.006
38580.000	0.005
38590.000	0.005
38600.000	0.006
38610.000	0.006
38620.000	0.005
38630.000	0.005
38640.000	0.005
38650.000	0.005
38660.000	0.005
38670.000	0.005
38680.000	0.005
38690.000	0.005
38700.000	0.005
38710.000	0.005
38720.000	0.005
38730.000	0.005
38740.000	0.005
38750.000	0.005
38760.000	0.005
38770.000	0.004
38780.000	0.005
38790.000	0.005
38800.000	0.005
38810.000	0.003
38820.000	0.005
38830.000	0.004
38840.000	0.004
38850.000	0.004
38860.000	0.004
38870.000	0.004
38880.000	0.004
38890.000	0.004
38900.000	0.004
38910.000	0.003
38920.000	0.004
38930.000	0.004
38940.000	0.004
38950.000	0.004
38960.000	0.004
38970.000	0.003
38980.000	0.004
38990.000	0.003
39000.000	0.003
39010.000	0.003
39020.000	0.003
39030.000	0.003
39040.000	0.003
39050.000	0.003
39060.000	0.003
39070.000	0.004
39080.000	0.003
39090.000	0.003
39100.000	0.003
39110.000	0.003
39120.000	0.003
39130.000	0.003
39140.000	0.003
39150.000	0.003
39160.000	0.003
39170.000	0.003
39180.000	0.003
39190.000	0.003
39200.000	0.003
39210.000	0.003
39220.000	0.003
39230.000	0.003
39240.000	0.003
39250.000	0.003
39260.000	0.003
39270.000	0.002
39280.000	0.002
39290.000	0.002
39300.000	0.003
39310.000	0.003
39320.000	0.002
39330.000	0.002
39340.000	0.002
39350.000	0.002
39360.000	0.002
39370.000	0.002
39380.000	0.002
39390.000	0.002
39400.000	0.002
39410.000	0.002
39420.000	0.002
39430.000	0.002
39440.000	0.002
39450.000	0.002
39460.000	0.002
39470.000	0.002
39480.000	0.002
39490.000	0.002
39500.000	0.002
39510.000	0.002
39520.000	0.002
39530.000	0.002
39540.000	0.002
39550.000	0.002
39560.000	0.002
39570.000	0.001
39580.000	0.001
39590.000	0.001
39600.000	0.002
39610.000	0.002
39620.000	0.001
39630.000	0.002
39640.000	0.001
39650.000	0.001
39660.000	0.001
39670.000	0.001
39680.000	0.002
39690.000	0.001
39700.000	0.002
39710.000	0.001
39720.000	0.001
39730.000	0.001
39740.000	0.001
39750.000	0.001
39760.000	0.001
39770.000	0.001
39780.000	0.000
39790.000	0.001
39800.000	0.001
39810.000	0.001
39820.000	0.001
39830.000	0.001
39840.000	0.001
39850.000	0.001
39860.000	0.000
39870.000	0.001
39880.000	0.001
39890.000	0.002
39900.000	0.001
39910.000	0.000
39920.000	0.001
39930.000	0.000
39940.000	0.001
39950.000	0.000
39960.000	0.001
39970.000	0.000
39980.000	0.000
39990.000	0.000
40000.000	0.000
40010.000	0.000
40020.000	0.001
40030.000	-0.000
40040.000	0.000
40050.000	0.000
40060.000	0.000
40070.000	0.000
40080.000	0.000
40090.000	0.000
40100.000	-0.000
40110.000	-0.000
40120.000	-0.000
40130.000	-0.000
40140.000	-0.000
40150.000	-0.000
40160.000	-0.000
40170.000	-0.000
40180.000	-0.000
40190.000	-0.000
40200.000	0.000
40210.000	-0.001
40220.000	0.000
40230.000	-0.000
40240.000	-0.001
40250.000	-0.000
40260.000	-0.000
40270.000	-0.000
40280.000	-0.000
40290.000	-0.001
40300.000	-0.000
40310.000	-0.000
40320.000	-0.000
40330.000	-0.000
40340.000	-0.001
40350.000	-0.000
40360.000	-0.001
40370.000	-0.000
40380.000	-0.001
40390.000	-0.001
40400.000	-0.001
40410.000	-0.000
40420.000	-0.001
40430.000	-0.000
40440.000	-0.001
40450.000	-0.001
40460.000	-0.001
40470.000	-0.000
40480.000	-0.000
40490.000	-0.001
40500.000	-0.000
40510.000	-0.001
40520.000	-0.001
40530.000	-0.001
40540.000	-0.001
40550.000	-0.001
40560.000	-0.002
40570.000	-0.001
40580.000	-0.001
40590.000	-0.001
40600.000	-0.001
40610.000	-0.001
40620.000	-0.001
40630.000	-0.001
40640.000	-0.001
40650.000	-0.001
40660.000	-0.001
40670.000	-0.001
40680.000	-0.000
40690.000	-0.001
40700.000	-0.001
40710.000	-0.001
40720.000	-0.001
40730.000	-0.001
40740.000	-0.001
40750.000	-0.001
40760.000	-0.002
40770.000	-0.001
40780.000	-0.001
40790.000	-0.002
40800.000	-0.001
40810.000	-0.002
40820.000	-0.002
40830.000	-0.001
40840.000	-0.002
40850.000	-0.001
40860.000	-0.001
40870.000	-0.001
40880.000	-0.002
40890.000	-0.002
40900.000	-0.002
40910.000	-0.002
40920.000	-0.002
40930.000	-0.001
40940.000	-0.001
40950.000	-0.002
40960.000	-0.002
40970.000	-0.002
40980.000	-0.002
40990.000	-0.002
41000.000	-0.001
41010.000	-0.001
41020.000	-0.002
41030.000	-0.002
41040.000	-0.002
41050.000	-0.002
41060.000	-0.001
41070.000	-0.002
41080.000	-0.002
41090.000	-0.001
41100.000	-0.002
41110.000	-0.002
41120.000	-0.002
41130.000	-0.002
41140.000	-0.002
41150.000	-0.002
41160.000	-0.002
41170.000	-0.002
41180.000	-0.002
41190.000	-0.002
41200.000	-0.002
41210.000	-0.002
41220.000	-0.002
41230.000	-0.002
41240.000	-0.002
41250.000	-0.002
41260.000	-0.002
41270.000	-0.002
41280.000	-0.002
41290.000	-0.002
41300.000	-0.002
41310.000	-0.002
41320.000	-0.002
41330.000	-0.002
41340.000	-0.002
41350.000	-0.002
41360.000	-0.002
41370.000	-0.002
41380.000	-0.002
41390.000	-0.002
41400.000	-0.002
41410.000	-0.003
41420.000	-0.002
41430.000	-0.002
41440.000	-0.002
41450.000	-0.003
41460.000	-0.002
41470.000	-0.002
41480.000	-0.002
41490.000	-0.002
41500.000	-0.002
41510.000	-0.003
41520.000	-0.002
41530.000	-0.002
41540.000	-0.002
41550.000	-0.002
41560.000	-0.002
41570.000	-0.003
41580.000	-0.002
41590.000	-0.002
41600.000	-0.002
41610.000	-0.002
41620.000	-0.003
41630.000	-0.003
41640.000	-0.003
41650.000	-0.002
41660.000	-0.003
41670.000	-0.003
41680.000	-0.002
41690.000	-0.002
41700.000	-0.002
41710.000	-0.003
41720.000	-0.003
41730.000	-0.003
41740.000	-0.002
41750.000	-0.003
41760.000	-0.003
41770.000	-0.003
41780.000	-0.003
41790.000	-0.003
41800.000	-0.003
41810.000	-0.002
41820.000	-0.002
41830.000	-0.002
41840.000	-0.002
41850.000	-0.003
41860.000	-0.003
41870.000	-0.003
41880.000	-0.003
41890.000	-0.003
41900.000	-0.003
41910.000	-0.003
41920.000	-0.003
41930.000	-0.003
41940.000	-0.003
41950.000	-0.003
41960.000	-0.003
41970.000	-0.003
41980.000	-0.003
41990.000	-0.003
42000.000	-0.003
42010.000	-0.003
42020.000	-0.003
42030.000	-0.003
42040.000	-0.003
42050.000	-0.003
42060.000	-0.003
42070.000	-0.003
42080.000	-0.003
42090.000	-0.003
42100.000	-0.003
42110.000	-0.003
42120.000	-0.003
42130.000	-0.003
42140.000	-0.003
42150.000	-0.003
42160.000	-0.003
42170.000	-0.003
42180.000	-0.003
42190.000	-0.003
42200.000	-0.003
42210.000	-0.003
42220.000	-0.003
42230.000	-0.003
42240.000	-0.003
42250.000	-0.003
42260.000	-0.003
42270.000	-0.003
42280.000	-0.003
42290.000	-0.003
42300.000	-0.003
42310.000	-0.003
42320.000	-0.003
42330.000	-0.003
42340.000	-0.003
42350.000	-0.003
42360.000	-0.003
42370.000	-0.003
42380.000	-0.003
42390.000	-0.003
42400.000	-0.003
42410.000	-0.003
42420.000	-0.003
42430.000	-0.003
42440.000	-0.003
42450.000	-0.003
42460.000	-0.003
42470.000	-0.003
42480.000	-0.003
42490.000	-0.003
42500.000	-0.003
42510.000	-0.003
42520.000	-0.004
42530.000	-0.003
42540.000	-0.003
42550.000	-0.003
42560.000	-0.003
42570.000	-0.003
42580.000	-0.003
42590.000	-0.003
42600.000	-0.004
42610.000	-0.003
42620.000	-0.003
42630.000	-0.003
42640.000	-0.003
42650.000	-0.003
42660.000	-0.003
42670.000	-0.003
42680.000	-0.004
42690.000	-0.003
42700.000	-0.003
42710.000	-0.003
42720.000	-0.003
42730.000	-0.003
42740.000	-0.003
42750.000	-0.003
42760.000	-0.003
42770.000	-0.003
42780.000	-0.003
42790.000	-0.003
42800.000	-0.003
42810.000	-0.003
42820.000	-0.003
42830.000	-0.003
42840.000	-0.003
42850.000	-0.003
42860.000	-0.003
42870.000	-0.003
42880.000	-0.003
42890.000	-0.003
42900.000	-0.003
42910.000	-0.003
42920.000	-0.003
42930.000	-0.004
42940.000	-0.003
42950.000	-0.003
42960.000	-0.003
42970.000	-0.004
42980.000	-0.003
42990.000	-0.003
43000.000	-0.003
43010.000	-0.003
43020.000	-0.003
43030.000	-0.003
43040.000	-0.003
43050.000	-0.003
43060.000	-0.003
43070.000	-0.003
43080.000	-0.003
43090.000	-0.004
43100.000	-0.003
43110.000	-0.004
43120.000	-0.003
43130.000	-0.004
43140.000	-0.003
43150.000	-0.003
43160.000	-0.003
43170.000	-0.003
43180.000	-0.003
43190.000	-0.003
43200.000	-0.003
43210.000	-0.003
43220.000	-0.004
43230.000	-0.003
43240.000	-0.003
43250.000	-0.004
43260.000	-0.004
43270.000	-0.003
43280.000	-0.003
43290.000	-0.004
43300.000	-0.003
43310.000	-0.004
43320.000	-0.004
43330.000	-0.004
43340.000	-0.004
43350.000	-0.004
43360.000	-0.004
43370.000	-0.003
43380.000	-0.003
43390.000	-0.003
43400.000	-0.003
43410.000	-0.003
43420.000	-0.003
43430.000	-0.003
43440.000	-0.004
43450.000	-0.003
43460.000	-0.003
43470.000	-0.003
43480.000	-0.003
43490.000	-0.003
43500.000	-0.004
43510.000	-0.004
43520.000	-0.003
43530.000	-0.003
43540.000	-0.003
43550.000	-0.004
43560.000	-0.003
43570.000	-0.004
43580.000	-0.003
43590.000	-0.003
43600.000	-0.003
43610.000	-0.003
43620.000	-0.004
43630.000	-0.003
43640.000	-0.004
43650.000	-0.004
43660.000	-0.004
43670.000	-0.004
43680.000	-0.004
43690.000	-0.003
43700.000	-0.003
43710.000	-0.004
43720.000	-0.003
43730.000	-0.004
43740.000	-0.004
43750.000	-0.004
43760.000	-0.003
43770.000	-0.003
43780.000	-0.004
43790.000	-0.004
43800.000	-0.003
43810.000	-0.004
43820.000	-0.003
43830.000	-0.003
43840.000	-0.003
43850.000	-0.004
43860.000	-0.003
43870.000	-0.004
43880.000	-0.003
43890.000	-0.004
43900.000	-0.004
43910.000	-0.003
43920.000	-0.004
43930.000	-0.003
43940.000	-0.003
43950.000	-0.003
43960.000	-0.004
43970.000	-0.004
43980.000	-0.003
43990.000	-0.004
44000.000	-0.003
44010.000	-0.004
44020.000	-0.004
44030.000	-0.003
44040.000	-0.003
44050.000	-0.004
44060.000	-0.003
44070.000	-0.004
44080.000	-0.004
44090.000	-0.004
44100.000	-0.004
44110.000	-0.003
44120.000	-0.003
44130.000	-0.004
44140.000	-0.004
44150.000	-0.004
44160.000	-0.003
44170.000	-0.004
44180.000	-0.004
44190.000	-0.004
44200.000	-0.004
44210.000	-0.004
44220.000	-0.004
44230.000	-0.004
44240.000	-0.003
44250.000	-0.004
44260.000	-0.004
44270.000	-0.004
44280.000	-0.003
44290.000	-0.004
44300.000	-0.004
44310.000	-0.003
44320.000	-0.004
44330.000	-0.004
44340.000	-0.004
44350.000	-0.004
44360.000	-0.003
44370.000	-0.004
44380.000	-0.004
44390.000	-0.004
44400.000	-0.003
44410.000	-0.003
44420.000	-0.004
44430.000	-0.003
44440.000	-0.004
44450.000	-0.004
44460.000	-0.003
44470.000	-0.004
44480.000	-0.004
44490.000	-0.004
44500.000	-0.004
44510.000	-0.003
44520.000	-0.004
44530.000	-0.004
44540.000	-0.004
44550.000	-0.004
44560.000	-0.004
44570.000	-0.004
44580.000	-0.004
44590.000	-0.004
44600.000	-0.004
44610.000	-0.004
44620.000	-0.004
44630.000	-0.004
44640.000	-0.004
44650.000	-0.004
44660.000	-0.004
44670.000	-0.004
44680.000	-0.004
44690.000	-0.004
44700.000	-0.004
44710.000	-0.004
44720.000	-0.003
44730.000	-0.004
44740.000	-0.004
44750.000	-0.004
44760.000	-0.003
44770.000	-0.004
44780.000	-0.004
44790.000	-0.004
44800.000	-0.004
44810.000	-0.003
44820.000	-0.004
44830.000	-0.004
44840.000	-0.003
44850.000	-0.004
44860.000	-0.004
44870.000	-0.004
44880.000	-0.004
44890.000	-0.004
44900.000	-0.004
44910.000	-0.004
44920.000	-0.003
44930.000	-0.004
44940.000	-0.004
44950.000	-0.004
44960.000	-0.004
44970.000	-0.003
44980.000	-0.004
44990.000	-0.004
45000.000	-0.004
45010.000	-0.003
45020.000	-0.004
45030.000	-0.004
45040.000	-0.004
45050.000	-0.004
45060.000	-0.004
45070.000	-0.004
45080.000	-0.004
45090.000	-0.004
45100.000	-0.004
45110.000	-0.003
45120.000	-0.003
45130.000	-0.004
45140.000	-0.004
45150.000	-0.004
45160.000	-0.004
45170.000	-0.004
45180.000	-0.004
45190.000	-0.004
45200.000	-0.004
45210.000	-0.004
45220.000	-0.004
45230.000	-0.004
45240.000	-0.004
45250.000	-0.004
45260.000	-0.004
45270.000	-0.004
45280.000	-0.004
45290.000	-0.004
45300.000	-0.004
45310.000	-0.004
45320.000	-0.004
45330.000	-0.004
45340.000	-0.004
45350.000	-0.004
45360.000	-0.003
45370.000	-0.004
45380.000	-0.004
45390.000	-0.004
45400.000	-0.004
45410.000	-0.004
45420.000	-0.003
45430.000	-0.004
45440.000	-0.004
45450.000	-0.004
45460.000	-0.004
45470.000	-0.004
45480.000	-0.004
45490.000	-0.003
45500.000	-0.003
45510.000	-0.004
45520.000	-0.004
45530.000	-0.003
45540.000	-0.004
45550.000	-0.004
45560.000	-0.004
45570.000	-0.004
45580.000	-0.003
45590.000	-0.004
45600.000	-0.004
45610.000	-0.004
45620.000	-0.004
45630.000	-0.004
45640.000	-0.004
45650.000	-0.004
45660.000	-0.004
45670.000	-0.004
45680.000	-0.004
45690.000	-0.004
45700.000	-0.004
45710.000	-0.004
45720.000	-0.004
45730.000	-0.004
45740.000	-0.004
45750.000	-0.004
45760.000	-0.004
45770.000	-0.004
45780.000	-0.004
45790.000	-0.004
45800.000	-0.004
45810.000	-0.004
45820.000	-0.004
45830.000	-0.004
45840.000	-0.004
45850.000	-0.004
45860.000	-0.004
45870.000	-0.004
45880.000	-0.004
45890.000	-0.004
45900.000	-0.004
45910.000	-0.004
45920.000	-0.004
45930.000	-0.004
45940.000	-0.004
45950.000	-0.004
45960.000	-0.004
45970.000	-0.004
45980.000	-0.003
45990.000	-0.004
46000.000	-0.004
46010.000	-0.004
46020.000	-0.003
46030.000	-0.004
46040.000	-0.005
46050.000	-0.004
46060.000	-0.004
46070.000	-0.003
46080.000	-0.004
46090.000	-0.004
46100.000	-0.004
46110.000	-0.004
46120.000	-0.004
46130.000	-0.004
46140.000	-0.004
46150.000	-0.004
46160.000	-0.004
46170.000	-0.004
46180.000	-0.003
46190.000	-0.004
46200.000	-0.004
46210.000	-0.004
46220.000	-0.004
46230.000	-0.004
46240.000	-0.004
46250.000	-0.004
46260.000	-0.004
46270.000	-0.003
46280.000	-0.004
46290.000	-0.004
46300.000	-0.004
46310.000	-0.004
46320.000	-0.004
46330.000	-0.004
46340.000	-0.004
46350.000	-0.004
46360.000	-0.004
46370.000	-0.004
46380.000	-0.004
46390.000	-0.004
46400.000	-0.004
46410.000	-0.004
46420.000	-0.004
46430.000	-0.004
46440.000	-0.004
46450.000	-0.004
46460.000	-0.004
46470.000	-0.004
46480.000	-0.004
46490.000	-0.004
46500.000	-0.004
46510.000	-0.004
46520.000	-0.004
46530.000	-0.004
46540.000	-0.005
46550.000	-0.004
46560.000	-0.004
46570.000	-0.004
46580.000	-0.004
46590.000	-0.004
46600.000	-0.004
46610.000	-0.004
46620.000	-0.004
46630.000	-0.004
46640.000	-0.004
46650.000	-0.004
46660.000	-0.004
46670.000	-0.004
46680.000	-0.004
46690.000	-0.004
46700.000	-0.004
46710.000	-0.004
46720.000	-0.004
46730.000	-0.004
46740.000	-0.003
46750.000	-0.004
46760.000	-0.004
46770.000	-0.004
46780.000	-0.004
46790.000	-0.004
46800.000	-0.004
46810.000	-0.004
46820.000	-0.004
46830.000	-0.004
46840.000	-0.004
46850.000	-0.004
46860.000	-0.004
46870.000	-0.004
46880.000	-0.004
46890.000	-0.004
46900.000	-0.004
46910.000	-0.004
46920.000	-0.004
46930.000	-0.004
46940.000	-0.004
46950.000	-0.004
46960.000	-0.004
46970.000	-0.004
46980.000	-0.004
46990.000	-0.004
47000.000	-0.004
47010.000	-0.004
47020.000	-0.004
47030.000	-0.004
47040.000	-0.004
47050.000	-0.004
47060.000	-0.004
47070.000	-0.004
47080.000	-0.004
47090.000	-0.004
47100.000	-0.004
47110.000	-0.004
47120.000	-0.004
47130.000	-0.004
47140.000	-0.004
47150.000	-0.004
47160.000	-0.004
47170.000	-0.004
47180.000	-0.004
47190.000	-0.004
47200.000	-0.005
47210.000	-0.004
47220.000	-0.004
47230.000	-0.004
47240.000	-0.004
47250.000	-0.005
47260.000	-0.004
47270.000	-0.004
47280.000	-0.004
47290.000	-0.004
47300.000	-0.004
47310.000	-0.004
47320.000	-0.005
47330.000	-0.004
47340.000	-0.004
47350.000	-0.004
47360.000	-0.005
47370.000	-0.004
47380.000	-0.005
47390.000	-0.004
47400.000	-0.004
47410.000	-0.004
47420.000	-0.004
47430.000	-0.004
47440.000	-0.005
47450.000	-0.004
47460.000	-0.005
47470.000	-0.004
47480.000	-0.004
47490.000	-0.005
47500.000	-0.004
47510.000	-0.004
47520.000	-0.004
47530.000	-0.004
47540.000	-0.004
47550.000	-0.004
47560.000	-0.004
47570.000	-0.004
47580.000	-0.004
47590.000	-0.004
47600.000	-0.004
47610.000	-0.005
47620.000	-0.004
47630.000	-0.004
47640.000	-0.005
47650.000	-0.004
47660.000	-0.004
47670.000	-0.004
47680.000	-0.004
47690.000	-0.004
47700.000	-0.004
47710.000	-0.004
47720.000	-0.005
47730.000	-0.004
47740.000	-0.004
47750.000	-0.005
47760.000	-0.004
47770.000	-0.004
47780.000	-0.004
47790.000	-0.004
47800.000	-0.005
47810.000	-0.004
47820.000	-0.004
47830.000	-0.004
47840.000	-0.004
47850.000	-0.004
47860.000	-0.004
47870.000	-0.004
47880.000	-0.004
47890.000	-0.004
47900.000	-0.004
47910.000	-0.004
47920.000	-0.004
47930.000	-0.004
47940.000	-0.004
47950.000	-0.005
47960.000	-0.005
47970.000	-0.004
47980.000	-0.004
47990.000	-0.004
48000.000	-0.004
48010.000	-0.004
48020.000	-0.004
48030.000	-0.004
48040.000	-0.004
48050.000	-0.004
48060.000	-0.004
48070.000	-0.004
48080.000	-0.004
48090.000	-0.004
48100.000	-0.004
48110.000	-0.004
48120.000	-0.004
48130.000	-0.004
48140.000	-0.004
48150.000	-0.004
48160.000	-0.004
48170.000	-0.003
48180.000	-0.004
48190.000	-0.004
48200.000	-0.004
48210.000	-0.004
48220.000	-0.004
48230.000	-0.004
48240.000	-0.004
48250.000	-0.004
48260.000	-0.004
48270.000	-0.004
48280.000	-0.004
48290.000	-0.004
48300.000	-0.004
48310.000	-0.004
48320.000	-0.004
48330.000	-0.004
48340.000	-0.004
48350.000	-0.004
48360.000	-0.004
48370.000	-0.004
48380.000	-0.004
48390.000	-0.005
48400.000	-0.004
48410.000	-0.004
48420.000	-0.004
48430.000	-0.004
48440.000	-0.004
48450.000	-0.004
48460.000	-0.004
48461.000	-0.004
