10.000	0.097
20.000	0.099
30.000	0.099
40.000	0.100
50.000	0.101
60.000	0.102
70.000	0.102
80.000	0.103
90.000	0.103
100.000	0.103
110.000	0.104
120.000	0.104
130.000	0.105
140.000	0.107
150.000	0.108
160.000	0.108
170.000	0.108
180.000	0.107
190.000	0.106
200.000	0.107
210.000	0.107
220.000	0.107
230.000	0.107
240.000	0.107
250.000	0.108
260.000	0.108
270.000	0.108
280.000	0.108
290.000	0.109
300.000	0.109
310.000	0.109
320.000	0.110
330.000	0.110
340.000	0.110
350.000	0.111
360.000	0.112
370.000	0.111
380.000	0.112
390.000	0.113
400.000	0.113
410.000	0.113
420.000	0.115
430.000	0.115
440.000	0.115
450.000	0.115
460.000	0.117
470.000	0.118
480.000	0.117
490.000	0.118
500.000	0.118
510.000	0.118
520.000	0.118
530.000	0.120
540.000	0.120
550.000	0.120
560.000	0.121
570.000	0.120
580.000	0.121
590.000	0.120
600.000	0.121
610.000	0.121
620.000	0.122
630.000	0.122
640.000	0.122
650.000	0.123
660.000	0.123
670.000	0.124
680.000	0.123
690.000	0.123
700.000	0.123
710.000	0.124
720.000	0.123
730.000	0.123
740.000	0.124
750.000	0.124
760.000	0.123
770.000	0.123
780.000	0.123
790.000	0.124
800.000	0.124
810.000	0.126
820.000	0.126
830.000	0.125
840.000	0.125
850.000	0.126
860.000	0.126
870.000	0.127
880.000	0.126
890.000	0.127
900.000	0.127
910.000	0.128
920.000	0.128
930.000	0.128
940.000	0.129
950.000	0.129
960.000	0.130
970.000	0.131
980.000	0.130
990.000	0.131
1000.000	0.131
1010.000	0.132
1020.000	0.131
1030.000	0.132
1040.000	0.132
1050.000	0.133
1060.000	0.132
1070.000	0.132
1080.000	0.133
1090.000	0.133
1100.000	0.132
1110.000	0.132
1120.000	0.132
1130.000	0.132
1140.000	0.133
1150.000	0.133
1160.000	0.133
1170.000	0.134
1180.000	0.134
1190.000	0.134
1200.000	0.134
1210.000	0.135
1220.000	0.135
1230.000	0.135
1240.000	0.136
1250.000	0.136
1260.000	0.135
1270.000	0.136
1280.000	0.136
1290.000	0.135
1300.000	0.137
1310.000	0.136
1320.000	0.137
1330.000	0.137
1340.000	0.139
1350.000	0.138
1360.000	0.138
1370.000	0.138
1380.000	0.139
1390.000	0.140
1400.000	0.141
1410.000	0.140
1420.000	0.141
1430.000	0.141
1440.000	0.141
1450.000	0.142
1460.000	0.141
1470.000	0.142
1480.000	0.141
1490.000	0.141
1500.000	0.141
1510.000	0.142
1520.000	0.142
1530.000	0.142
1540.000	0.142
1550.000	0.142
1560.000	0.142
1570.000	0.142
1580.000	0.144
1590.000	0.143
1600.000	0.143
1610.000	0.144
1620.000	0.143
1630.000	0.143
1640.000	0.144
1650.000	0.144
1660.000	0.145
1670.000	0.146
1680.000	0.145
1690.000	0.145
1700.000	0.146
1710.000	0.146
1720.000	0.147
1730.000	0.147
1740.000	0.147
1750.000	0.147
1760.000	0.147
1770.000	0.148
1780.000	0.148
1790.000	0.149
1800.000	0.149
1810.000	0.149
1820.000	0.150
1830.000	0.150
1840.000	0.151
1850.000	0.151
1860.000	0.151
1870.000	0.151
1880.000	0.152
1890.000	0.151
1900.000	0.152
1910.000	0.152
1920.000	0.153
1930.000	0.152
1940.000	0.152
1950.000	0.152
1960.000	0.153
1970.000	0.154
1980.000	0.152
1990.000	0.153
2000.000	0.153
2010.000	0.153
2020.000	0.155
2030.000	0.155
2040.000	0.153
2050.000	0.154
2060.000	0.152
2070.000	0.153
2080.000	0.154
2090.000	0.155
2100.000	0.156
2110.000	0.155
2120.000	0.156
2130.000	0.155
2140.000	0.155
2150.000	0.156
2160.000	0.156
2170.000	0.157
2180.000	0.157
2190.000	0.158
2200.000	0.160
2210.000	0.160
2220.000	0.159
2230.000	0.160
2240.000	0.160
2250.000	0.160
2260.000	0.161
2270.000	0.162
2280.000	0.162
2290.000	0.162
2300.000	0.162
2310.000	0.161
2320.000	0.161
2330.000	0.162
2340.000	0.162
2350.000	0.162
2360.000	0.162
2370.000	0.162
2380.000	0.162
2390.000	0.163
2400.000	0.163
2410.000	0.163
2420.000	0.164
2430.000	0.164
2440.000	0.164
2450.000	0.165
2460.000	0.164
2470.000	0.167
2480.000	0.167
2490.000	0.167
2500.000	0.166
2510.000	0.166
2520.000	0.169
2530.000	0.168
2540.000	0.169
2550.000	0.170
2560.000	0.171
2570.000	0.170
2580.000	0.170
2590.000	0.170
2600.000	0.170
2610.000	0.170
2620.000	0.171
2630.000	0.171
2640.000	0.173
2650.000	0.174
2660.000	0.172
2670.000	0.173
2680.000	0.173
2690.000	0.173
2700.000	0.174
2710.000	0.173
2720.000	0.173
2730.000	0.174
2740.000	0.174
2750.000	0.175
2760.000	0.174
2770.000	0.174
2780.000	0.175
2790.000	0.175
2800.000	0.173
2810.000	0.174
2820.000	0.174
2830.000	0.174
2840.000	0.174
2850.000	0.175
2860.000	0.175
2870.000	0.176
2880.000	0.176
2890.000	0.177
2900.000	0.177
2910.000	0.179
2920.000	0.177
2930.000	0.178
2940.000	0.179
2950.000	0.180
2960.000	0.181
2970.000	0.181
2980.000	0.181
2990.000	0.180
3000.000	0.181
3010.000	0.182
3020.000	0.182
3030.000	0.182
3040.000	0.184
3050.000	0.184
3060.000	0.184
3070.000	0.184
3080.000	0.183
3090.000	0.182
3100.000	0.184
3110.000	0.184
3120.000	0.184
3130.000	0.184
3140.000	0.185
3150.000	0.185
3160.000	0.185
3170.000	0.186
3180.000	0.186
3190.000	0.186
3200.000	0.186
3210.000	0.185
3220.000	0.185
3230.000	0.187
3240.000	0.187
3250.000	0.187
3260.000	0.187
3270.000	0.188
3280.000	0.189
3290.000	0.189
3300.000	0.190
3310.000	0.190
3320.000	0.190
3330.000	0.191
3340.000	0.191
3350.000	0.191
3360.000	0.192
3370.000	0.193
3380.000	0.194
3390.000	0.194
3400.000	0.195
3410.000	0.194
3420.000	0.194
3430.000	0.194
3440.000	0.195
3450.000	0.196
3460.000	0.195
3470.000	0.196
3480.000	0.196
3490.000	0.196
3500.000	0.197
3510.000	0.196
3520.000	0.196
3530.000	0.196
3540.000	0.198
3550.000	0.196
3560.000	0.196
3570.000	0.197
3580.000	0.199
3590.000	0.198
3600.000	0.199
3610.000	0.198
3620.000	0.199
3630.000	0.198
3640.000	0.198
3650.000	0.199
3660.000	0.198
3670.000	0.200
3680.000	0.201
3690.000	0.201
3700.000	0.202
3710.000	0.201
3720.000	0.202
3730.000	0.202
3740.000	0.203
3750.000	0.203
3760.000	0.203
3770.000	0.204
3780.000	0.204
3790.000	0.206
3800.000	0.205
3810.000	0.207
3820.000	0.206
3830.000	0.206
3840.000	0.207
3850.000	0.208
3860.000	0.209
3870.000	0.209
3880.000	0.209
3890.000	0.208
3900.000	0.208
3910.000	0.209
3920.000	0.211
3930.000	0.211
3940.000	0.208
3950.000	0.209
3960.000	0.209
3970.000	0.208
3980.000	0.209
3990.000	0.209
4000.000	0.210
4010.000	0.209
4020.000	0.211
4030.000	0.210
4040.000	0.210
4050.000	0.210
4060.000	0.211
4070.000	0.212
4080.000	0.212
4090.000	0.213
4100.000	0.213
4110.000	0.214
4120.000	0.216
4130.000	0.216
4140.000	0.216
4150.000	0.216
4160.000	0.217
4170.000	0.218
4180.000	0.219
4190.000	0.219
4200.000	0.220
4210.000	0.219
4220.000	0.219
4230.000	0.219
4240.000	0.219
4250.000	0.220
4260.000	0.221
4270.000	0.221
4280.000	0.220
4290.000	0.218
4300.000	0.220
4310.000	0.221
4320.000	0.222
4330.000	0.220
4340.000	0.222
4350.000	0.221
4360.000	0.221
4370.000	0.220
4380.000	0.221
4390.000	0.222
4400.000	0.223
4410.000	0.222
4420.000	0.223
4430.000	0.223
4440.000	0.223
4450.000	0.223
4460.000	0.225
4470.000	0.225
4480.000	0.226
4490.000	0.227
4500.000	0.226
4510.000	0.227
4520.000	0.228
4530.000	0.229
4540.000	0.229
4550.000	0.228
4560.000	0.229
4570.000	0.230
4580.000	0.230
4590.000	0.229
4600.000	0.231
4610.000	0.232
4620.000	0.232
4630.000	0.233
4640.000	0.234
4650.000	0.234
4660.000	0.234
4670.000	0.234
4680.000	0.235
4690.000	0.234
4700.000	0.234
4710.000	0.234
4720.000	0.235
4730.000	0.234
4740.000	0.235
4750.000	0.235
4760.000	0.236
4770.000	0.235
4780.000	0.234
4790.000	0.237
4800.000	0.235
4810.000	0.236
4820.000	0.236
4830.000	0.236
4840.000	0.236
4850.000	0.237
4860.000	0.238
4870.000	0.240
4880.000	0.238
4890.000	0.240
4900.000	0.241
4910.000	0.241
4920.000	0.240
4930.000	0.241
4940.000	0.242
4950.000	0.241
4960.000	0.241
4970.000	0.242
4980.000	0.242
4990.000	0.243
5000.000	0.243
5010.000	0.245
5020.000	0.245
5030.000	0.245
5040.000	0.246
5050.000	0.247
5060.000	0.247
5070.000	0.246
5080.000	0.246
5090.000	0.245
5100.000	0.245
5110.000	0.245
5120.000	0.246
5130.000	0.247
5140.000	0.247
5150.000	0.247
5160.000	0.247
5170.000	0.247
5180.000	0.246
5190.000	0.246
5200.000	0.246
5210.000	0.244
5220.000	0.243
5230.000	0.243
5240.000	0.243
5250.000	0.244
5260.000	0.245
5270.000	0.244
5280.000	0.245
5290.000	0.246
5300.000	0.246
5310.000	0.246
5320.000	0.247
5330.000	0.249
5340.000	0.250
5350.000	0.252
5360.000	0.251
5370.000	0.251
5380.000	0.251
5390.000	0.249
5400.000	0.251
5410.000	0.254
5420.000	0.255
5430.000	0.256
5440.000	0.259
5450.000	0.258
5460.000	0.260
5470.000	0.261
5480.000	0.262
5490.000	0.262
5500.000	0.262
5510.000	0.263
5520.000	0.263
5530.000	0.263
5540.000	0.263
5550.000	0.262
5560.000	0.263
5570.000	0.264
5580.000	0.264
5590.000	0.263
5600.000	0.263
5610.000	0.263
5620.000	0.265
5630.000	0.265
5640.000	0.266
5650.000	0.266
5660.000	0.268
5670.000	0.268
5680.000	0.268
5690.000	0.269
5700.000	0.270
5710.000	0.270
5720.000	0.271
5730.000	0.272
5740.000	0.273
5750.000	0.273
5760.000	0.273
5770.000	0.274
5780.000	0.275
5790.000	0.275
5800.000	0.274
5810.000	0.276
5820.000	0.277
5830.000	0.277
5840.000	0.278
5850.000	0.277
5860.000	0.277
5870.000	0.278
5880.000	0.278
5890.000	0.279
5900.000	0.279
5910.000	0.278
5920.000	0.280
5930.000	0.279
5940.000	0.279
5950.000	0.281
5960.000	0.280
5970.000	0.281
5980.000	0.282
5990.000	0.281
6000.000	0.281
6010.000	0.282
6020.000	0.283
6030.000	0.280
6040.000	0.282
6050.000	0.283
6060.000	0.283
6070.000	0.283
6080.000	0.284
6090.000	0.285
6100.000	0.286
6110.000	0.286
6120.000	0.287
6130.000	0.287
6140.000	0.288
6150.000	0.289
6160.000	0.289
6170.000	0.290
6180.000	0.291
6190.000	0.291
6200.000	0.291
6210.000	0.292
6220.000	0.293
6230.000	0.294
6240.000	0.293
6250.000	0.294
6260.000	0.294
6270.000	0.294
6280.000	0.294
6290.000	0.295
6300.000	0.297
6310.000	0.296
6320.000	0.297
6330.000	0.296
6340.000	0.297
6350.000	0.297
6360.000	0.296
6370.000	0.298
6380.000	0.298
6390.000	0.298
6400.000	0.296
6410.000	0.298
6420.000	0.297
6430.000	0.300
6440.000	0.298
6450.000	0.299
6460.000	0.299
6470.000	0.301
6480.000	0.302
6490.000	0.302
6500.000	0.303
6510.000	0.302
6520.000	0.303
6530.000	0.304
6540.000	0.304
6550.000	0.306
6560.000	0.307
6570.000	0.307
6580.000	0.307
6590.000	0.307
6600.000	0.308
6610.000	0.309
6620.000	0.309
6630.000	0.309
6640.000	0.310
6650.000	0.310
6660.000	0.310
6670.000	0.309
6680.000	0.309
6690.000	0.310
6700.000	0.312
6710.000	0.312
6720.000	0.311
6730.000	0.311
6740.000	0.313
6750.000	0.311
6760.000	0.312
6770.000	0.313
6780.000	0.312
6790.000	0.313
6800.000	0.314
6810.000	0.313
6820.000	0.315
6830.000	0.316
6840.000	0.315
6850.000	0.317
6860.000	0.317
6870.000	0.317
6880.000	0.319
6890.000	0.320
6900.000	0.319
6910.000	0.320
6920.000	0.321
6930.000	0.321
6940.000	0.321
6950.000	0.321
6960.000	0.322
6970.000	0.322
6980.000	0.322
6990.000	0.323
7000.000	0.325
7010.000	0.323
7020.000	0.324
7030.000	0.324
7040.000	0.324
7050.000	0.325
7060.000	0.326
7070.000	0.324
7080.000	0.328
7090.000	0.328
7100.000	0.326
7110.000	0.328
7120.000	0.328
7130.000	0.329
7140.000	0.330
7150.000	0.330
7160.000	0.330
7170.000	0.330
7180.000	0.328
7190.000	0.328
7200.000	0.329
7210.000	0.331
7220.000	0.331
7230.000	0.331
7240.000	0.332
7250.000	0.334
7260.000	0.334
7270.000	0.335
7280.000	0.335
7290.000	0.336
7300.000	0.336
7310.000	0.336
7320.000	0.337
7330.000	0.337
7340.000	0.336
7350.000	0.337
7360.000	0.339
7370.000	0.340
7380.000	0.340
7390.000	0.341
7400.000	0.341
7410.000	0.340
7420.000	0.341
7430.000	0.341
7440.000	0.343
7450.000	0.343
7460.000	0.342
7470.000	0.342
7480.000	0.344
7490.000	0.344
7500.000	0.345
7510.000	0.346
7520.000	0.345
7530.000	0.347
7540.000	0.347
7550.000	0.348
7560.000	0.347
7570.000	0.347
7580.000	0.346
7590.000	0.348
7600.000	0.347
7610.000	0.347
7620.000	0.349
7630.000	0.350
7640.000	0.350
7650.000	0.350
7660.000	0.350
7670.000	0.351
7680.000	0.350
7690.000	0.351
7700.000	0.352
7710.000	0.354
7720.000	0.354
7730.000	0.355
7740.000	0.354
7750.000	0.355
7760.000	0.357
7770.000	0.357
7780.000	0.358
7790.000	0.358
7800.000	0.358
7810.000	0.358
7820.000	0.358
7830.000	0.360
7840.000	0.361
7850.000	0.360
7860.000	0.362
7870.000	0.361
7880.000	0.363
7890.000	0.363
7900.000	0.364
7910.000	0.364
7920.000	0.364
7930.000	0.363
7940.000	0.363
7950.000	0.363
7960.000	0.364
7970.000	0.365
7980.000	0.364
7990.000	0.366
8000.000	0.368
8010.000	0.367
8020.000	0.369
8030.000	0.368
8040.000	0.368
8050.000	0.369
8060.000	0.370
8070.000	0.370
8080.000	0.371
8090.000	0.371
8100.000	0.371
8110.000	0.373
8120.000	0.373
8130.000	0.372
8140.000	0.375
8150.000	0.375
8160.000	0.376
8170.000	0.375
8180.000	0.375
8190.000	0.377
8200.000	0.377
8210.000	0.377
8220.000	0.377
8230.000	0.377
8240.000	0.379
8250.000	0.380
8260.000	0.381
8270.000	0.381
8280.000	0.381
8290.000	0.382
8300.000	0.382
8310.000	0.382
8320.000	0.381
8330.000	0.381
8340.000	0.382
8350.000	0.382
8360.000	0.383
8370.000	0.381
8380.000	0.382
8390.000	0.383
8400.000	0.385
8410.000	0.385
8420.000	0.386
8430.000	0.386
8440.000	0.386
8450.000	0.386
8460.000	0.389
8470.000	0.389
8480.000	0.389
8490.000	0.390
8500.000	0.391
8510.000	0.389
8520.000	0.388
8530.000	0.391
8540.000	0.393
8550.000	0.394
8560.000	0.394
8570.000	0.394
8580.000	0.395
8590.000	0.396
8600.000	0.395
8610.000	0.395
8620.000	0.396
8630.000	0.400
8640.000	0.398
8650.000	0.397
8660.000	0.398
8670.000	0.397
8680.000	0.398
8690.000	0.399
8700.000	0.399
8710.000	0.399
8720.000	0.399
8730.000	0.400
8740.000	0.400
8750.000	0.401
8760.000	0.401
8770.000	0.402
8780.000	0.402
8790.000	0.402
8800.000	0.404
8810.000	0.404
8820.000	0.403
8830.000	0.403
8840.000	0.405
8850.000	0.405
8860.000	0.405
8870.000	0.407
8880.000	0.407
8890.000	0.409
8900.000	0.409
8910.000	0.409
8920.000	0.409
8930.000	0.408
8940.000	0.409
8950.000	0.411
8960.000	0.412
8970.000	0.413
8980.000	0.414
8990.000	0.413
9000.000	0.415
9010.000	0.414
9020.000	0.416
9030.000	0.416
9040.000	0.417
9050.000	0.416
9060.000	0.419
9070.000	0.418
9080.000	0.418
9090.000	0.419
9100.000	0.419
9110.000	0.422
9120.000	0.422
9130.000	0.420
9140.000	0.421
9150.000	0.422
9160.000	0.420
9170.000	0.421
9180.000	0.423
9190.000	0.423
9200.000	0.422
9210.000	0.423
9220.000	0.424
9230.000	0.424
9240.000	0.425
9250.000	0.426
9260.000	0.427
9270.000	0.427
9280.000	0.430
9290.000	0.427
9300.000	0.427
9310.000	0.428
9320.000	0.427
9330.000	0.430
9340.000	0.432
9350.000	0.432
9360.000	0.431
9370.000	0.431
9380.000	0.432
9390.000	0.431
9400.000	0.434
9410.000	0.435
9420.000	0.436
9430.000	0.436
9440.000	0.437
9450.000	0.438
9460.000	0.438
9470.000	0.439
9480.000	0.439
9490.000	0.439
9500.000	0.439
9510.000	0.441
9520.000	0.441
9530.000	0.441
9540.000	0.441
9550.000	0.440
9560.000	0.441
9570.000	0.444
9580.000	0.443
9590.000	0.441
9600.000	0.442
9610.000	0.443
9620.000	0.443
9630.000	0.444
9640.000	0.445
9650.000	0.446
9660.000	0.448
9670.000	0.447
9680.000	0.447
9690.000	0.449
9700.000	0.448
9710.000	0.449
9720.000	0.450
9730.000	0.451
9740.000	0.452
9750.000	0.452
9760.000	0.452
9770.000	0.452
9780.000	0.452
9790.000	0.454
9800.000	0.454
9810.000	0.457
9820.000	0.455
9830.000	0.457
9840.000	0.456
9850.000	0.456
9860.000	0.456
9870.000	0.458
9880.000	0.460
9890.000	0.459
9900.000	0.460
9910.000	0.459
9920.000	0.460
9930.000	0.460
9940.000	0.462
9950.000	0.461
9960.000	0.461
9970.000	0.461
9980.000	0.462
9990.000	0.463
10000.000	0.463
10010.000	0.462
10020.000	0.463
10030.000	0.463
10040.000	0.464
10050.000	0.465
10060.000	0.466
10070.000	0.466
10080.000	0.466
10090.000	0.466
10100.000	0.469
10110.000	0.470
10120.000	0.470
10130.000	0.469
10140.000	0.471
10150.000	0.472
10160.000	0.471
10170.000	0.474
10180.000	0.473
10190.000	0.473
10200.000	0.475
10210.000	0.475
10220.000	0.477
10230.000	0.476
10240.000	0.476
10250.000	0.477
10260.000	0.477
10270.000	0.478
10280.000	0.478
10290.000	0.481
10300.000	0.480
10310.000	0.479
10320.000	0.478
10330.000	0.480
10340.000	0.481
10350.000	0.480
10360.000	0.483
10370.000	0.482
10380.000	0.482
10390.000	0.482
10400.000	0.484
10410.000	0.485
10420.000	0.482
10430.000	0.482
10440.000	0.482
10450.000	0.484
10460.000	0.485
10470.000	0.485
10480.000	0.486
10490.000	0.487
10500.000	0.487
10510.000	0.488
10520.000	0.489
10530.000	0.488
10540.000	0.490
10550.000	0.491
10560.000	0.493
10570.000	0.493
10580.000	0.494
10590.000	0.492
10600.000	0.493
10610.000	0.492
10620.000	0.495
10630.000	0.496
10640.000	0.498
10650.000	0.499
10660.000	0.500
10670.000	0.500
10680.000	0.500
10690.000	0.498
10700.000	0.501
10710.000	0.500
10720.000	0.502
10730.000	0.500
10740.000	0.502
10750.000	0.501
10760.000	0.501
10770.000	0.502
10780.000	0.504
10790.000	0.502
10800.000	0.502
10810.000	0.503
10820.000	0.505
10830.000	0.505
10840.000	0.505
10850.000	0.504
10860.000	0.503
10870.000	0.506
10880.000	0.509
10890.000	0.507
10900.000	0.507
10910.000	0.509
10920.000	0.509
10930.000	0.512
10940.000	0.510
10950.000	0.512
10960.000	0.516
10970.000	0.517
10980.000	0.514
10990.000	0.515
11000.000	0.514
11010.000	0.517
11020.000	0.518
11030.000	0.521
11040.000	0.520
11050.000	0.518
11060.000	0.519
11070.000	0.517
11080.000	0.519
11090.000	0.520
11100.000	0.521
11110.000	0.522
11120.000	0.522
11130.000	0.523
11140.000	0.522
11150.000	0.522
11160.000	0.521
11170.000	0.522
11180.000	0.524
11190.000	0.526
11200.000	0.526
11210.000	0.525
11220.000	0.526
11230.000	0.529
11240.000	0.529
11250.000	0.530
11260.000	0.530
11270.000	0.531
11280.000	0.530
11290.000	0.530
11300.000	0.532
11310.000	0.533
11320.000	0.533
11330.000	0.532
11340.000	0.534
11350.000	0.534
11360.000	0.534
11370.000	0.534
11380.000	0.535
11390.000	0.539
11400.000	0.538
11410.000	0.538
11420.000	0.540
11430.000	0.539
11440.000	0.539
11450.000	0.541
11460.000	0.539
11470.000	0.541
11480.000	0.543
11490.000	0.544
11500.000	0.545
11510.000	0.544
11520.000	0.544
11530.000	0.544
11540.000	0.545
11550.000	0.545
11560.000	0.545
11570.000	0.547
11580.000	0.546
11590.000	0.548
11600.000	0.547
11610.000	0.546
11620.000	0.547
11630.000	0.547
11640.000	0.549
11650.000	0.550
11660.000	0.549
11670.000	0.550
11680.000	0.550
11690.000	0.552
11700.000	0.552
11710.000	0.553
11720.000	0.551
11730.000	0.552
11740.000	0.553
11750.000	0.553
11760.000	0.553
11770.000	0.556
11780.000	0.557
11790.000	0.558
11800.000	0.560
11810.000	0.559
11820.000	0.561
11830.000	0.561
11840.000	0.562
11850.000	0.561
11860.000	0.561
11870.000	0.564
11880.000	0.565
11890.000	0.565
11900.000	0.562
11910.000	0.564
11920.000	0.564
11930.000	0.565
11940.000	0.566
11950.000	0.567
11960.000	0.567
11970.000	0.565
11980.000	0.566
11990.000	0.569
12000.000	0.567
12010.000	0.569
12020.000	0.570
12030.000	0.572
12040.000	0.570
12050.000	0.574
12060.000	0.574
12070.000	0.575
12080.000	0.575
12090.000	0.576
12100.000	0.574
12110.000	0.576
12120.000	0.575
12130.000	0.577
12140.000	0.578
12150.000	0.579
12160.000	0.579
12170.000	0.580
12180.000	0.580
12190.000	0.580
12200.000	0.579
12210.000	0.578
12220.000	0.579
12230.000	0.581
12240.000	0.583
12250.000	0.585
12260.000	0.582
12270.000	0.582
12280.000	0.582
12290.000	0.586
12300.000	0.584
12310.000	0.585
12320.000	0.587
12330.000	0.586
12340.000	0.587
12350.000	0.587
12360.000	0.589
12370.000	0.588
12380.000	0.588
12390.000	0.591
12400.000	0.590
12410.000	0.590
12420.000	0.591
12430.000	0.592
12440.000	0.592
12450.000	0.593
12460.000	0.592
12470.000	0.594
12480.000	0.595
12490.000	0.595
12500.000	0.597
12510.000	0.597
12520.000	0.596
12530.000	0.596
12540.000	0.597
12550.000	0.599
12560.000	0.601
12570.000	0.600
12580.000	0.599
12590.000	0.600
12600.000	0.600
12610.000	0.604
12620.000	0.604
12630.000	0.605
12640.000	0.607
12650.000	0.607
12660.000	0.606
12670.000	0.606
12680.000	0.608
12690.000	0.609
12700.000	0.609
12710.000	0.609
12720.000	0.609
12730.000	0.610
12740.000	0.609
12750.000	0.607
12760.000	0.608
12770.000	0.613
12780.000	0.614
12790.000	0.612
12800.000	0.612
12810.000	0.613
12820.000	0.614
12830.000	0.615
12840.000	0.615
12850.000	0.616
12860.000	0.616
12870.000	0.618
12880.000	0.618
12890.000	0.617
12900.000	0.617
12910.000	0.620
12920.000	0.620
12930.000	0.620
12940.000	0.621
12950.000	0.622
12960.000	0.621
12970.000	0.621
12980.000	0.622
12990.000	0.622
13000.000	0.622
13010.000	0.625
13020.000	0.626
13030.000	0.627
13040.000	0.626
13050.000	0.627
13060.000	0.628
13070.000	0.629
13080.000	0.630
13090.000	0.628
13100.000	0.628
13110.000	0.630
13120.000	0.633
13130.000	0.631
13140.000	0.632
13150.000	0.633
13160.000	0.632
13170.000	0.633
13180.000	0.634
13190.000	0.634
13200.000	0.637
13210.000	0.637
13220.000	0.635
13230.000	0.637
13240.000	0.639
13250.000	0.636
13260.000	0.637
13270.000	0.638
13280.000	0.640
13290.000	0.641
13300.000	0.642
13310.000	0.642
13320.000	0.643
13330.000	0.643
13340.000	0.644
13350.000	0.645
13360.000	0.646
13370.000	0.646
13380.000	0.648
13390.000	0.646
13400.000	0.649
13410.000	0.648
13420.000	0.650
13430.000	0.650
13440.000	0.650
13450.000	0.650
13460.000	0.651
13470.000	0.652
13480.000	0.652
13490.000	0.652
13500.000	0.654
13510.000	0.653
13520.000	0.653
13530.000	0.653
13540.000	0.653
13550.000	0.655
13560.000	0.657
13570.000	0.657
13580.000	0.658
13590.000	0.655
13600.000	0.656
13610.000	0.658
13620.000	0.658
13630.000	0.659
13640.000	0.662
13650.000	0.662
13660.000	0.662
13670.000	0.660
13680.000	0.661
13690.000	0.662
13700.000	0.662
13710.000	0.664
13720.000	0.664
13730.000	0.666
13740.000	0.664
13750.000	0.666
13760.000	0.667
13770.000	0.665
13780.000	0.668
13790.000	0.669
13800.000	0.670
13810.000	0.672
13820.000	0.672
13830.000	0.670
13840.000	0.673
13850.000	0.672
13860.000	0.675
13870.000	0.675
13880.000	0.675
13890.000	0.677
13900.000	0.676
13910.000	0.678
13920.000	0.678
13930.000	0.676
13940.000	0.676
13950.000	0.677
13960.000	0.677
13970.000	0.676
13980.000	0.677
13990.000	0.676
14000.000	0.677
14010.000	0.679
14020.000	0.680
14030.000	0.677
14040.000	0.678
14050.000	0.679
14060.000	0.678
14070.000	0.679
14080.000	0.681
14090.000	0.681
14100.000	0.683
14110.000	0.683
14120.000	0.682
14130.000	0.683
14140.000	0.683
14150.000	0.682
14160.000	0.684
14170.000	0.686
14180.000	0.690
14190.000	0.692
14200.000	0.691
14210.000	0.691
14220.000	0.689
14230.000	0.689
14240.000	0.690
14250.000	0.692
14260.000	0.694
14270.000	0.698
14280.000	0.697
14290.000	0.699
14300.000	0.698
14310.000	0.699
14320.000	0.700
14330.000	0.701
14340.000	0.702
14350.000	0.700
14360.000	0.699
14370.000	0.702
14380.000	0.701
14390.000	0.701
14400.000	0.701
14410.000	0.704
14420.000	0.703
14430.000	0.703
14440.000	0.708
14450.000	0.705
14460.000	0.707
14470.000	0.707
14480.000	0.709
14490.000	0.707
14500.000	0.708
14510.000	0.708
14520.000	0.710
14530.000	0.712
14540.000	0.712
14550.000	0.711
14560.000	0.711
14570.000	0.709
14580.000	0.712
14590.000	0.713
14600.000	0.714
14610.000	0.714
14620.000	0.717
14630.000	0.719
14640.000	0.718
14650.000	0.718
14660.000	0.718
14670.000	0.721
14680.000	0.720
14690.000	0.721
14700.000	0.722
14710.000	0.721
14720.000	0.720
14730.000	0.721
14740.000	0.723
14750.000	0.723
14760.000	0.722
14770.000	0.722
14780.000	0.723
14790.000	0.722
14800.000	0.724
14810.000	0.725
14820.000	0.727
14830.000	0.728
14840.000	0.727
14850.000	0.729
14860.000	0.729
14870.000	0.731
14880.000	0.730
14890.000	0.730
14900.000	0.731
14910.000	0.732
14920.000	0.731
14930.000	0.733
14940.000	0.732
14950.000	0.732
14960.000	0.734
14970.000	0.733
14980.000	0.735
14990.000	0.735
15000.000	0.737
15010.000	0.736
15020.000	0.739
15030.000	0.739
15040.000	0.739
15050.000	0.739
15060.000	0.740
15070.000	0.740
15080.000	0.741
15090.000	0.743
15100.000	0.743
15110.000	0.742
15120.000	0.743
15130.000	0.744
15140.000	0.742
15150.000	0.743
15160.000	0.742
15170.000	0.742
15180.000	0.741
15190.000	0.742
15200.000	0.741
15210.000	0.742
15220.000	0.740
15230.000	0.739
15240.000	0.741
15250.000	0.742
15260.000	0.744
15270.000	0.745
15280.000	0.747
15290.000	0.748
15300.000	0.751
15310.000	0.753
15320.000	0.755
15330.000	0.753
15340.000	0.753
15350.000	0.752
15360.000	0.753
15370.000	0.754
15380.000	0.756
15390.000	0.757
15400.000	0.759
15410.000	0.760
15420.000	0.759
15430.000	0.761
15440.000	0.760
15450.000	0.762
15460.000	0.761
15470.000	0.763
15480.000	0.763
15490.000	0.762
15500.000	0.762
15510.000	0.764
15520.000	0.763
15530.000	0.765
15540.000	0.763
15550.000	0.764
15560.000	0.765
15570.000	0.767
15580.000	0.768
15590.000	0.765
15600.000	0.766
15610.000	0.771
15620.000	0.771
15630.000	0.771
15640.000	0.771
15650.000	0.769
15660.000	0.770
15670.000	0.771
15680.000	0.769
15690.000	0.772
15700.000	0.773
15710.000	0.774
15720.000	0.774
15730.000	0.773
15740.000	0.774
15750.000	0.773
15760.000	0.775
15770.000	0.776
15780.000	0.777
15790.000	0.778
15800.000	0.780
15810.000	0.779
15820.000	0.783
15830.000	0.783
15840.000	0.782
15850.000	0.782
15860.000	0.784
15870.000	0.785
15880.000	0.783
15890.000	0.784
15900.000	0.786
15910.000	0.784
15920.000	0.784
15930.000	0.784
15940.000	0.784
15950.000	0.786
15960.000	0.784
15970.000	0.781
15980.000	0.784
15990.000	0.788
16000.000	0.786
16010.000	0.788
16020.000	0.787
16030.000	0.788
16040.000	0.788
16050.000	0.787
16060.000	0.788
16070.000	0.789
16080.000	0.791
16090.000	0.791
16100.000	0.792
16110.000	0.793
16120.000	0.795
16130.000	0.797
16140.000	0.799
16150.000	0.798
16160.000	0.799
16170.000	0.798
16180.000	0.799
16190.000	0.799
16200.000	0.800
16210.000	0.798
16220.000	0.802
16230.000	0.803
16240.000	0.800
16250.000	0.802
16260.000	0.804
16270.000	0.802
16280.000	0.803
16290.000	0.804
16300.000	0.805
16310.000	0.802
16320.000	0.802
16330.000	0.803
16340.000	0.803
16350.000	0.805
16360.000	0.805
16370.000	0.806
16380.000	0.806
16390.000	0.808
16400.000	0.806
16410.000	0.805
16420.000	0.809
16430.000	0.810
16440.000	0.811
16450.000	0.810
16460.000	0.811
16470.000	0.814
16480.000	0.816
16490.000	0.815
16500.000	0.813
16510.000	0.815
16520.000	0.816
16530.000	0.817
16540.000	0.815
16550.000	0.813
16560.000	0.815
16570.000	0.817
16580.000	0.818
16590.000	0.818
16600.000	0.820
16610.000	0.820
16620.000	0.819
16630.000	0.819
16640.000	0.818
16650.000	0.820
16660.000	0.821
16670.000	0.820
16680.000	0.820
16690.000	0.819
16700.000	0.819
16710.000	0.819
16720.000	0.818
16730.000	0.821
16740.000	0.821
16750.000	0.823
16760.000	0.824
16770.000	0.824
16780.000	0.824
16790.000	0.821
16800.000	0.821
16810.000	0.827
16820.000	0.826
16830.000	0.828
16840.000	0.828
16850.000	0.831
16860.000	0.831
16870.000	0.831
16880.000	0.833
16890.000	0.832
16900.000	0.831
16910.000	0.832
16920.000	0.834
16930.000	0.836
16940.000	0.834
16950.000	0.833
16960.000	0.834
16970.000	0.837
16980.000	0.836
16990.000	0.837
17000.000	0.837
17010.000	0.838
17020.000	0.840
17030.000	0.839
17040.000	0.840
17050.000	0.840
17060.000	0.843
17070.000	0.842
17080.000	0.841
17090.000	0.844
17100.000	0.842
17110.000	0.843
17120.000	0.843
17130.000	0.844
17140.000	0.846
17150.000	0.844
17160.000	0.845
17170.000	0.843
17180.000	0.841
17190.000	0.844
17200.000	0.848
17210.000	0.848
17220.000	0.848
17230.000	0.847
17240.000	0.846
17250.000	0.847
17260.000	0.850
17270.000	0.850
17280.000	0.852
17290.000	0.852
17300.000	0.851
17310.000	0.853
17320.000	0.852
17330.000	0.851
17340.000	0.849
17350.000	0.851
17360.000	0.852
17370.000	0.851
17380.000	0.851
17390.000	0.852
17400.000	0.852
17410.000	0.855
17420.000	0.856
17430.000	0.858
17440.000	0.858
17450.000	0.860
17460.000	0.857
17470.000	0.857
17480.000	0.858
17490.000	0.858
17500.000	0.858
17510.000	0.859
17520.000	0.860
17530.000	0.864
17540.000	0.862
17550.000	0.861
17560.000	0.863
17570.000	0.866
17580.000	0.863
17590.000	0.862
17600.000	0.861
17610.000	0.861
17620.000	0.864
17630.000	0.864
17640.000	0.866
17650.000	0.864
17660.000	0.866
17670.000	0.867
17680.000	0.867
17690.000	0.865
17700.000	0.868
17710.000	0.868
17720.000	0.871
17730.000	0.871
17740.000	0.870
17750.000	0.868
17760.000	0.871
17770.000	0.870
17780.000	0.872
17790.000	0.872
17800.000	0.872
17810.000	0.874
17820.000	0.875
17830.000	0.874
17840.000	0.872
17850.000	0.874
17860.000	0.873
17870.000	0.872
17880.000	0.874
17890.000	0.875
17900.000	0.875
17910.000	0.875
17920.000	0.875
17930.000	0.876
17940.000	0.877
17950.000	0.878
17960.000	0.875
17970.000	0.877
17980.000	0.877
17990.000	0.879
18000.000	0.880
18010.000	0.878
18020.000	0.877
18030.000	0.882
18040.000	0.880
18050.000	0.881
18060.000	0.882
18070.000	0.883
18080.000	0.883
18090.000	0.884
18100.000	0.883
18110.000	0.885
18120.000	0.885
18130.000	0.885
18140.000	0.882
18150.000	0.884
18160.000	0.885
18170.000	0.885
18180.000	0.885
18190.000	0.887
18200.000	0.888
18210.000	0.888
18220.000	0.889
18230.000	0.888
18240.000	0.887
18250.000	0.888
18260.000	0.891
18270.000	0.890
18280.000	0.891
18290.000	0.891
18300.000	0.888
18310.000	0.887
18320.000	0.887
18330.000	0.886
18340.000	0.887
18350.000	0.885
18360.000	0.886
18370.000	0.890
18380.000	0.889
18390.000	0.890
18400.000	0.887
18410.000	0.889
18420.000	0.890
18430.000	0.890
18440.000	0.891
18450.000	0.891
18460.000	0.891
18470.000	0.891
18480.000	0.889
18490.000	0.891
18500.000	0.892
18510.000	0.896
18520.000	0.898
18530.000	0.897
18540.000	0.898
18550.000	0.899
18560.000	0.899
18570.000	0.897
18580.000	0.899
18590.000	0.898
18600.000	0.897
18610.000	0.897
18620.000	0.901
18630.000	0.901
18640.000	0.901
18650.000	0.902
18660.000	0.902
18670.000	0.902
18680.000	0.901
18690.000	0.901
18700.000	0.901
18710.000	0.902
18720.000	0.903
18730.000	0.901
18740.000	0.901
18750.000	0.902
18760.000	0.902
18770.000	0.905
18780.000	0.904
18790.000	0.904
18800.000	0.903
18810.000	0.904
18820.000	0.902
18830.000	0.901
18840.000	0.903
18850.000	0.905
18860.000	0.907
18870.000	0.908
18880.000	0.907
18890.000	0.908
18900.000	0.907
18910.000	0.906
18920.000	0.906
18930.000	0.909
18940.000	0.910
18950.000	0.909
18960.000	0.907
18970.000	0.911
18980.000	0.910
18990.000	0.910
19000.000	0.908
19010.000	0.910
19020.000	0.910
19030.000	0.910
19040.000	0.908
19050.000	0.908
19060.000	0.909
19070.000	0.911
19080.000	0.910
19090.000	0.914
19100.000	0.915
19110.000	0.913
19120.000	0.909
19130.000	0.911
19140.000	0.911
19150.000	0.911
19160.000	0.911
19170.000	0.913
19180.000	0.911
19190.000	0.911
19200.000	0.912
19210.000	0.909
19220.000	0.911
19230.000	0.908
19240.000	0.910
19250.000	0.911
19260.000	0.913
19270.000	0.911
19280.000	0.913
19290.000	0.913
19300.000	0.913
19310.000	0.913
19320.000	0.913
19330.000	0.914
19340.000	0.912
19350.000	0.912
19360.000	0.913
19370.000	0.913
19380.000	0.915
19390.000	0.914
19400.000	0.914
19410.000	0.911
19420.000	0.909
19430.000	0.909
19440.000	0.910
19450.000	0.911
19460.000	0.910
19470.000	0.913
19480.000	0.916
19490.000	0.914
19500.000	0.914
19510.000	0.916
19520.000	0.917
19530.000	0.917
19540.000	0.919
19550.000	0.919
19560.000	0.918
19570.000	0.919
19580.000	0.918
19590.000	0.918
19600.000	0.918
19610.000	0.920
19620.000	0.920
19630.000	0.920
19640.000	0.918
19650.000	0.917
19660.000	0.916
19670.000	0.919
19680.000	0.919
19690.000	0.919
19700.000	0.918
19710.000	0.913
19720.000	0.910
19730.000	0.908
19740.000	0.910
19750.000	0.905
19760.000	0.904
19770.000	0.902
19780.000	0.904
19790.000	0.906
19800.000	0.906
19810.000	0.911
19820.000	0.915
19830.000	0.917
19840.000	0.920
19850.000	0.921
19860.000	0.922
19870.000	0.923
19880.000	0.922
19890.000	0.918
19900.000	0.919
19910.000	0.922
19920.000	0.922
19930.000	0.925
19940.000	0.923
19950.000	0.922
19960.000	0.921
19970.000	0.923
19980.000	0.924
19990.000	0.924
20000.000	0.924
20010.000	0.922
20020.000	0.922
20030.000	0.923
20040.000	0.924
20050.000	0.922
20060.000	0.924
20070.000	0.923
20080.000	0.926
20090.000	0.926
20100.000	0.926
20110.000	0.924
20120.000	0.925
20130.000	0.925
20140.000	0.923
20150.000	0.925
20160.000	0.930
20170.000	0.928
20180.000	0.931
20190.000	0.928
20200.000	0.927
20210.000	0.927
20220.000	0.925
20230.000	0.925
20240.000	0.926
20250.000	0.927
20260.000	0.927
20270.000	0.926
20280.000	0.926
20290.000	0.924
20300.000	0.924
20310.000	0.925
20320.000	0.926
20330.000	0.925
20340.000	0.924
20350.000	0.924
20360.000	0.924
20370.000	0.925
20380.000	0.923
20390.000	0.925
20400.000	0.925
20410.000	0.927
20420.000	0.927
20430.000	0.926
20440.000	0.927
20450.000	0.928
20460.000	0.925
20470.000	0.923
20480.000	0.925
20490.000	0.924
20500.000	0.928
20510.000	0.929
20520.000	0.926
20530.000	0.928
20540.000	0.929
20550.000	0.929
20560.000	0.929
20570.000	0.928
20580.000	0.927
20590.000	0.929
20600.000	0.928
20610.000	0.928
20620.000	0.926
20630.000	0.926
20640.000	0.924
20650.000	0.924
20660.000	0.924
20670.000	0.927
20680.000	0.930
20690.000	0.926
20700.000	0.926
20710.000	0.926
20720.000	0.927
20730.000	0.925
20740.000	0.924
20750.000	0.928
20760.000	0.925
20770.000	0.925
20780.000	0.926
20790.000	0.924
20800.000	0.926
20810.000	0.927
20820.000	0.925
20830.000	0.925
20840.000	0.925
20850.000	0.924
20860.000	0.927
20870.000	0.924
20880.000	0.925
20890.000	0.923
20900.000	0.925
20910.000	0.927
20920.000	0.925
20930.000	0.926
20940.000	0.925
20950.000	0.924
20960.000	0.926
20970.000	0.924
20980.000	0.926
20990.000	0.924
21000.000	0.926
21010.000	0.925
21020.000	0.924
21030.000	0.924
21040.000	0.923
21050.000	0.925
21060.000	0.925
21070.000	0.928
21080.000	0.926
21090.000	0.926
21100.000	0.923
21110.000	0.923
21120.000	0.923
21130.000	0.924
21140.000	0.924
21150.000	0.926
21160.000	0.923
21170.000	0.924
21180.000	0.920
21190.000	0.925
21200.000	0.925
21210.000	0.924
21220.000	0.922
21230.000	0.920
21240.000	0.923
21250.000	0.924
21260.000	0.924
21270.000	0.923
21280.000	0.927
21290.000	0.923
21300.000	0.925
21310.000	0.924
21320.000	0.924
21330.000	0.924
21340.000	0.926
21350.000	0.923
21360.000	0.922
21370.000	0.923
21380.000	0.924
21390.000	0.923
21400.000	0.924
21410.000	0.921
21420.000	0.922
21430.000	0.923
21440.000	0.923
21450.000	0.922
21460.000	0.923
21470.000	0.923
21480.000	0.925
21490.000	0.924
21500.000	0.922
21510.000	0.922
21520.000	0.922
21530.000	0.920
21540.000	0.920
21550.000	0.920
21560.000	0.920
21570.000	0.919
21580.000	0.921
21590.000	0.924
21600.000	0.921
21610.000	0.921
21620.000	0.920
21630.000	0.919
21640.000	0.919
21650.000	0.919
21660.000	0.918
21670.000	0.917
21680.000	0.919
21690.000	0.919
21700.000	0.920
21710.000	0.919
21720.000	0.922
21730.000	0.921
21740.000	0.920
21750.000	0.922
21760.000	0.921
21770.000	0.920
21780.000	0.915
21790.000	0.917
21800.000	0.919
21810.000	0.917
21820.000	0.916
21830.000	0.918
21840.000	0.916
21850.000	0.917
21860.000	0.918
21870.000	0.918
21880.000	0.919
21890.000	0.916
21900.000	0.917
21910.000	0.916
21920.000	0.913
21930.000	0.915
21940.000	0.916
21950.000	0.914
21960.000	0.916
21970.000	0.914
21980.000	0.912
21990.000	0.913
22000.000	0.910
22010.000	0.913
22020.000	0.916
22030.000	0.915
22040.000	0.915
22050.000	0.917
22060.000	0.914
22070.000	0.913
22080.000	0.914
22090.000	0.914
22100.000	0.913
22110.000	0.913
22120.000	0.912
22130.000	0.911
22140.000	0.912
22150.000	0.913
22160.000	0.912
22170.000	0.914
22180.000	0.912
22190.000	0.912
22200.000	0.910
22210.000	0.910
22220.000	0.912
22230.000	0.912
22240.000	0.909
22250.000	0.909
22260.000	0.910
22270.000	0.908
22280.000	0.906
22290.000	0.908
22300.000	0.907
22310.000	0.905
22320.000	0.907
22330.000	0.904
22340.000	0.905
22350.000	0.907
22360.000	0.904
22370.000	0.906
22380.000	0.906
22390.000	0.906
22400.000	0.908
22410.000	0.905
22420.000	0.904
22430.000	0.904
22440.000	0.907
22450.000	0.907
22460.000	0.906
22470.000	0.905
22480.000	0.903
22490.000	0.905
22500.000	0.903
22510.000	0.905
22520.000	0.906
22530.000	0.903
22540.000	0.903
22550.000	0.905
22560.000	0.902
22570.000	0.903
22580.000	0.903
22590.000	0.904
22600.000	0.902
22610.000	0.902
22620.000	0.900
22630.000	0.899
22640.000	0.900
22650.000	0.900
22660.000	0.898
22670.000	0.899
22680.000	0.897
22690.000	0.899
22700.000	0.902
22710.000	0.896
22720.000	0.895
22730.000	0.894
22740.000	0.894
22750.000	0.894
22760.000	0.895
22770.000	0.895
22780.000	0.896
22790.000	0.897
22800.000	0.893
22810.000	0.895
22820.000	0.895
22830.000	0.893
22840.000	0.893
22850.000	0.894
22860.000	0.894
22870.000	0.896
22880.000	0.895
22890.000	0.894
22900.000	0.891
22910.000	0.892
22920.000	0.890
22930.000	0.890
22940.000	0.892
22950.000	0.891
22960.000	0.892
22970.000	0.890
22980.000	0.891
22990.000	0.891
23000.000	0.888
23010.000	0.890
23020.000	0.889
23030.000	0.892
23040.000	0.891
23050.000	0.890
23060.000	0.889
23070.000	0.888
23080.000	0.884
23090.000	0.883
23100.000	0.884
23110.000	0.885
23120.000	0.884
23130.000	0.885
23140.000	0.883
23150.000	0.885
23160.000	0.887
23170.000	0.884
23180.000	0.886
23190.000	0.886
23200.000	0.883
23210.000	0.884
23220.000	0.884
23230.000	0.883
23240.000	0.884
23250.000	0.886
23260.000	0.882
23270.000	0.882
23280.000	0.885
23290.000	0.881
23300.000	0.882
23310.000	0.879
23320.000	0.879
23330.000	0.881
23340.000	0.883
23350.000	0.881
23360.000	0.878
23370.000	0.878
23380.000	0.880
23390.000	0.879
23400.000	0.878
23410.000	0.877
23420.000	0.877
23430.000	0.876
23440.000	0.874
23450.000	0.874
23460.000	0.875
23470.000	0.874
23480.000	0.874
23490.000	0.873
23500.000	0.867
23510.000	0.868
23520.000	0.872
23530.000	0.873
23540.000	0.871
23550.000	0.871
23560.000	0.872
23570.000	0.872
23580.000	0.871
23590.000	0.870
23600.000	0.871
23610.000	0.868
23620.000	0.869
23630.000	0.871
23640.000	0.869
23650.000	0.867
23660.000	0.868
23670.000	0.868
23680.000	0.867
23690.000	0.866
23700.000	0.866
23710.000	0.866
23720.000	0.864
23730.000	0.867
23740.000	0.867
23750.000	0.864
23760.000	0.863
23770.000	0.866
23780.000	0.866
23790.000	0.862
23800.000	0.860
23810.000	0.861
23820.000	0.863
23830.000	0.863
23840.000	0.858
23850.000	0.860
23860.000	0.858
23870.000	0.857
23880.000	0.857
23890.000	0.858
23900.000	0.857
23910.000	0.855
23920.000	0.858
23930.000	0.860
23940.000	0.860
23950.000	0.855
23960.000	0.857
23970.000	0.854
23980.000	0.856
23990.000	0.856
24000.000	0.857
24010.000	0.855
24020.000	0.855
24030.000	0.855
24040.000	0.854
24050.000	0.853
24060.000	0.853
24070.000	0.853
24080.000	0.851
24090.000	0.849
24100.000	0.850
24110.000	0.850
24120.000	0.850
24130.000	0.848
24140.000	0.852
24150.000	0.853
24160.000	0.851
24170.000	0.846
24180.000	0.850
24190.000	0.848
24200.000	0.847
24210.000	0.846
24220.000	0.847
24230.000	0.845
24240.000	0.845
24250.000	0.842
24260.000	0.842
24270.000	0.844
24280.000	0.843
24290.000	0.843
24300.000	0.842
24310.000	0.837
24320.000	0.840
24330.000	0.842
24340.000	0.841
24350.000	0.842
24360.000	0.840
24370.000	0.840
24380.000	0.838
24390.000	0.839
24400.000	0.839
24410.000	0.836
24420.000	0.837
24430.000	0.836
24440.000	0.834
24450.000	0.834
24460.000	0.835
24470.000	0.836
24480.000	0.832
24490.000	0.833
24500.000	0.833
24510.000	0.834
24520.000	0.834
24530.000	0.832
24540.000	0.831
24550.000	0.830
24560.000	0.831
24570.000	0.830
24580.000	0.830
24590.000	0.831
24600.000	0.832
24610.000	0.830
24620.000	0.829
24630.000	0.828
24640.000	0.827
24650.000	0.827
24660.000	0.828
24670.000	0.827
24680.000	0.826
24690.000	0.825
24700.000	0.826
24710.000	0.825
24720.000	0.821
24730.000	0.823
24740.000	0.822
24750.000	0.823
24760.000	0.825
24770.000	0.824
24780.000	0.821
24790.000	0.820
24800.000	0.816
24810.000	0.817
24820.000	0.819
24830.000	0.818
24840.000	0.815
24850.000	0.816
24860.000	0.819
24870.000	0.816
24880.000	0.813
24890.000	0.812
24900.000	0.813
24910.000	0.813
24920.000	0.814
24930.000	0.814
24940.000	0.817
24950.000	0.814
24960.000	0.814
24970.000	0.815
24980.000	0.811
24990.000	0.812
25000.000	0.809
25010.000	0.810
25020.000	0.810
25030.000	0.806
25040.000	0.807
25050.000	0.805
25060.000	0.807
25070.000	0.807
25080.000	0.807
25090.000	0.806
25100.000	0.805
25110.000	0.805
25120.000	0.803
25130.000	0.803
25140.000	0.802
25150.000	0.801
25160.000	0.801
25170.000	0.801
25180.000	0.799
25190.000	0.799
25200.000	0.799
25210.000	0.800
25220.000	0.798
25230.000	0.796
25240.000	0.795
25250.000	0.793
25260.000	0.793
25270.000	0.791
25280.000	0.794
25290.000	0.793
25300.000	0.791
25310.000	0.794
25320.000	0.792
25330.000	0.792
25340.000	0.790
25350.000	0.789
25360.000	0.788
25370.000	0.790
25380.000	0.790
25390.000	0.790
25400.000	0.791
25410.000	0.790
25420.000	0.786
25430.000	0.787
25440.000	0.787
25450.000	0.787
25460.000	0.785
25470.000	0.785
25480.000	0.784
25490.000	0.786
25500.000	0.785
25510.000	0.783
25520.000	0.784
25530.000	0.783
25540.000	0.783
25550.000	0.782
25560.000	0.781
25570.000	0.782
25580.000	0.781
25590.000	0.781
25600.000	0.780
25610.000	0.779
25620.000	0.777
25630.000	0.776
25640.000	0.777
25650.000	0.777
25660.000	0.775
25670.000	0.773
25680.000	0.774
25690.000	0.772
25700.000	0.774
25710.000	0.775
25720.000	0.774
25730.000	0.771
25740.000	0.772
25750.000	0.774
25760.000	0.774
25770.000	0.770
25780.000	0.768
25790.000	0.769
25800.000	0.767
25810.000	0.768
25820.000	0.765
25830.000	0.767
25840.000	0.764
25850.000	0.766
25860.000	0.765
25870.000	0.762
25880.000	0.762
25890.000	0.763
25900.000	0.764
25910.000	0.762
25920.000	0.762
25930.000	0.760
25940.000	0.759
25950.000	0.759
25960.000	0.758
25970.000	0.761
25980.000	0.757
25990.000	0.758
26000.000	0.756
26010.000	0.752
26020.000	0.753
26030.000	0.753
26040.000	0.752
26050.000	0.752
26060.000	0.751
26070.000	0.752
26080.000	0.752
26090.000	0.751
26100.000	0.752
26110.000	0.750
26120.000	0.750
26130.000	0.748
26140.000	0.748
26150.000	0.748
26160.000	0.745
26170.000	0.746
26180.000	0.747
26190.000	0.748
26200.000	0.747
26210.000	0.745
26220.000	0.743
26230.000	0.744
26240.000	0.743
26250.000	0.740
26260.000	0.741
26270.000	0.742
26280.000	0.740
26290.000	0.741
26300.000	0.741
26310.000	0.740
26320.000	0.739
26330.000	0.738
26340.000	0.737
26350.000	0.732
26360.000	0.735
26370.000	0.732
26380.000	0.733
26390.000	0.733
26400.000	0.731
26410.000	0.732
26420.000	0.731
26430.000	0.732
26440.000	0.732
26450.000	0.730
26460.000	0.728
26470.000	0.725
26480.000	0.728
26490.000	0.728
26500.000	0.726
26510.000	0.725
26520.000	0.723
26530.000	0.723
26540.000	0.723
26550.000	0.724
26560.000	0.723
26570.000	0.721
26580.000	0.720
26590.000	0.721
26600.000	0.720
26610.000	0.720
26620.000	0.717
26630.000	0.715
26640.000	0.716
26650.000	0.716
26660.000	0.716
26670.000	0.716
26680.000	0.712
26690.000	0.712
26700.000	0.711
26710.000	0.712
26720.000	0.711
26730.000	0.711
26740.000	0.711
26750.000	0.709
26760.000	0.708
26770.000	0.709
26780.000	0.708
26790.000	0.705
26800.000	0.704
26810.000	0.705
26820.000	0.708
26830.000	0.706
26840.000	0.706
26850.000	0.707
26860.000	0.703
26870.000	0.702
26880.000	0.700
26890.000	0.699
26900.000	0.701
26910.000	0.701
26920.000	0.698
26930.000	0.701
26940.000	0.701
26950.000	0.700
26960.000	0.696
26970.000	0.696
26980.000	0.695
26990.000	0.696
27000.000	0.695
27010.000	0.692
27020.000	0.694
27030.000	0.693
27040.000	0.693
27050.000	0.694
27060.000	0.691
27070.000	0.690
27080.000	0.692
27090.000	0.690
27100.000	0.690
27110.000	0.690
27120.000	0.690
27130.000	0.687
27140.000	0.686
27150.000	0.686
27160.000	0.685
27170.000	0.683
27180.000	0.680
27190.000	0.680
27200.000	0.682
27210.000	0.680
27220.000	0.679
27230.000	0.679
27240.000	0.677
27250.000	0.678
27260.000	0.678
27270.000	0.678
27280.000	0.678
27290.000	0.677
27300.000	0.677
27310.000	0.677
27320.000	0.674
27330.000	0.671
27340.000	0.670
27350.000	0.668
27360.000	0.670
27370.000	0.669
27380.000	0.669
27390.000	0.669
27400.000	0.666
27410.000	0.663
27420.000	0.665
27430.000	0.663
27440.000	0.664
27450.000	0.663
27460.000	0.662
27470.000	0.662
27480.000	0.662
27490.000	0.661
27500.000	0.659
27510.000	0.658
27520.000	0.658
27530.000	0.659
27540.000	0.660
27550.000	0.659
27560.000	0.658
27570.000	0.658
27580.000	0.657
27590.000	0.656
27600.000	0.652
27610.000	0.652
27620.000	0.647
27630.000	0.645
27640.000	0.646
27650.000	0.646
27660.000	0.646
27670.000	0.646
27680.000	0.646
27690.000	0.647
27700.000	0.647
27710.000	0.646
27720.000	0.646
27730.000	0.647
27740.000	0.644
27750.000	0.643
27760.000	0.643
27770.000	0.642
27780.000	0.643
27790.000	0.644
27800.000	0.642
27810.000	0.642
27820.000	0.641
27830.000	0.639
27840.000	0.639
27850.000	0.637
27860.000	0.638
27870.000	0.637
27880.000	0.636
27890.000	0.637
27900.000	0.636
27910.000	0.636
27920.000	0.636
27930.000	0.634
27940.000	0.632
27950.000	0.629
27960.000	0.628
27970.000	0.628
27980.000	0.629
27990.000	0.627
28000.000	0.629
28010.000	0.628
28020.000	0.626
28030.000	0.624
28040.000	0.624
28050.000	0.622
28060.000	0.622
28070.000	0.622
28080.000	0.622
28090.000	0.621
28100.000	0.619
28110.000	0.622
28120.000	0.619
28130.000	0.618
28140.000	0.618
28150.000	0.616
28160.000	0.617
28170.000	0.616
28180.000	0.614
28190.000	0.615
28200.000	0.616
28210.000	0.613
28220.000	0.614
28230.000	0.612
28240.000	0.611
28250.000	0.610
28260.000	0.611
28270.000	0.611
28280.000	0.609
28290.000	0.608
28300.000	0.609
28310.000	0.606
28320.000	0.605
28330.000	0.603
28340.000	0.605
28350.000	0.604
28360.000	0.603
28370.000	0.601
28380.000	0.603
28390.000	0.603
28400.000	0.602
28410.000	0.600
28420.000	0.598
28430.000	0.596
28440.000	0.597
28450.000	0.597
28460.000	0.596
28470.000	0.596
28480.000	0.597
28490.000	0.595
28500.000	0.594
28510.000	0.595
28520.000	0.592
28530.000	0.593
28540.000	0.590
28550.000	0.591
28560.000	0.589
28570.000	0.589
28580.000	0.588
28590.000	0.586
28600.000	0.586
28610.000	0.586
28620.000	0.584
28630.000	0.585
28640.000	0.582
28650.000	0.582
28660.000	0.584
28670.000	0.581
28680.000	0.581
28690.000	0.582
28700.000	0.581
28710.000	0.580
28720.000	0.580
28730.000	0.578
28740.000	0.577
28750.000	0.578
28760.000	0.577
28770.000	0.576
28780.000	0.576
28790.000	0.574
28800.000	0.571
28810.000	0.573
28820.000	0.573
28830.000	0.573
28840.000	0.572
28850.000	0.571
28860.000	0.570
28870.000	0.568
28880.000	0.567
28890.000	0.567
28900.000	0.566
28910.000	0.567
28920.000	0.564
28930.000	0.563
28940.000	0.563
28950.000	0.563
28960.000	0.565
28970.000	0.564
28980.000	0.562
28990.000	0.563
29000.000	0.563
29010.000	0.563
29020.000	0.560
29030.000	0.560
29040.000	0.558
29050.000	0.558
29060.000	0.556
29070.000	0.556
29080.000	0.556
29090.000	0.554
29100.000	0.552
29110.000	0.553
29120.000	0.554
29130.000	0.552
29140.000	0.549
29150.000	0.551
29160.000	0.552
29170.000	0.550
29180.000	0.552
29190.000	0.550
29200.000	0.548
29210.000	0.548
29220.000	0.546
29230.000	0.545
29240.000	0.544
29250.000	0.545
29260.000	0.543
29270.000	0.542
29280.000	0.542
29290.000	0.542
29300.000	0.540
29310.000	0.539
29320.000	0.540
29330.000	0.537
29340.000	0.538
29350.000	0.538
29360.000	0.537
29370.000	0.536
29380.000	0.538
29390.000	0.536
29400.000	0.534
29410.000	0.534
29420.000	0.533
29430.000	0.532
29440.000	0.531
29450.000	0.531
29460.000	0.531
29470.000	0.532
29480.000	0.530
29490.000	0.527
29500.000	0.529
29510.000	0.528
29520.000	0.528
29530.000	0.527
29540.000	0.526
29550.000	0.526
29560.000	0.523
29570.000	0.524
29580.000	0.523
29590.000	0.523
29600.000	0.522
29610.000	0.520
29620.000	0.520
29630.000	0.519
29640.000	0.521
29650.000	0.519
29660.000	0.518
29670.000	0.518
29680.000	0.518
29690.000	0.517
29700.000	0.516
29710.000	0.516
29720.000	0.513
29730.000	0.512
29740.000	0.511
29750.000	0.511
29760.000	0.512
29770.000	0.511
29780.000	0.511
29790.000	0.510
29800.000	0.510
29810.000	0.509
29820.000	0.509
29830.000	0.506
29840.000	0.504
29850.000	0.504
29860.000	0.504
29870.000	0.503
29880.000	0.503
29890.000	0.503
29900.000	0.501
29910.000	0.501
29920.000	0.499
29930.000	0.498
29940.000	0.499
29950.000	0.501
29960.000	0.499
29970.000	0.497
29980.000	0.494
29990.000	0.496
30000.000	0.495
30010.000	0.494
30020.000	0.495
30030.000	0.494
30040.000	0.493
30050.000	0.492
30060.000	0.493
30070.000	0.492
30080.000	0.492
30090.000	0.491
30100.000	0.491
30110.000	0.491
30120.000	0.488
30130.000	0.487
30140.000	0.489
30150.000	0.488
30160.000	0.486
30170.000	0.485
30180.000	0.484
30190.000	0.485
30200.000	0.485
30210.000	0.482
30220.000	0.481
30230.000	0.482
30240.000	0.480
30250.000	0.481
30260.000	0.480
30270.000	0.479
30280.000	0.479
30290.000	0.479
30300.000	0.477
30310.000	0.476
30320.000	0.475
30330.000	0.475
30340.000	0.475
30350.000	0.474
30360.000	0.472
30370.000	0.472
30380.000	0.472
30390.000	0.469
30400.000	0.469
30410.000	0.467
30420.000	0.468
30430.000	0.468
30440.000	0.467
30450.000	0.466
30460.000	0.465
30470.000	0.465
30480.000	0.463
30490.000	0.463
30500.000	0.464
30510.000	0.463
30520.000	0.462
30530.000	0.461
30540.000	0.461
30550.000	0.459
30560.000	0.457
30570.000	0.459
30580.000	0.459
30590.000	0.457
30600.000	0.458
30610.000	0.456
30620.000	0.456
30630.000	0.453
30640.000	0.454
30650.000	0.454
30660.000	0.454
30670.000	0.452
30680.000	0.451
30690.000	0.447
30700.000	0.443
30710.000	0.444
30720.000	0.447
30730.000	0.449
30740.000	0.448
30750.000	0.447
30760.000	0.445
30770.000	0.446
30780.000	0.446
30790.000	0.446
30800.000	0.444
30810.000	0.444
30820.000	0.444
30830.000	0.443
30840.000	0.444
30850.000	0.441
30860.000	0.441
30870.000	0.440
30880.000	0.438
30890.000	0.439
30900.000	0.440
30910.000	0.438
30920.000	0.436
30930.000	0.436
30940.000	0.435
30950.000	0.434
30960.000	0.432
30970.000	0.434
30980.000	0.434
30990.000	0.431
31000.000	0.433
31010.000	0.433
31020.000	0.432
31030.000	0.431
31040.000	0.430
31050.000	0.429
31060.000	0.427
31070.000	0.427
31080.000	0.427
31090.000	0.427
31100.000	0.425
31110.000	0.425
31120.000	0.424
31130.000	0.424
31140.000	0.423
31150.000	0.423
31160.000	0.422
31170.000	0.420
31180.000	0.419
31190.000	0.420
31200.000	0.421
31210.000	0.419
31220.000	0.417
31230.000	0.413
31240.000	0.415
31250.000	0.415
31260.000	0.416
31270.000	0.414
31280.000	0.412
31290.000	0.414
31300.000	0.410
31310.000	0.412
31320.000	0.412
31330.000	0.410
31340.000	0.410
31350.000	0.411
31360.000	0.408
31370.000	0.407
31380.000	0.407
31390.000	0.405
31400.000	0.404
31410.000	0.404
31420.000	0.405
31430.000	0.403
31440.000	0.402
31450.000	0.402
31460.000	0.400
31470.000	0.399
31480.000	0.398
31490.000	0.398
31500.000	0.397
31510.000	0.398
31520.000	0.396
31530.000	0.395
31540.000	0.395
31550.000	0.395
31560.000	0.396
31570.000	0.394
31580.000	0.394
31590.000	0.392
31600.000	0.393
31610.000	0.392
31620.000	0.390
31630.000	0.391
31640.000	0.388
31650.000	0.388
31660.000	0.387
31670.000	0.388
31680.000	0.387
31690.000	0.387
31700.000	0.386
31710.000	0.384
31720.000	0.384
31730.000	0.385
31740.000	0.383
31750.000	0.383
31760.000	0.381
31770.000	0.380
31780.000	0.381
31790.000	0.380
31800.000	0.379
31810.000	0.376
31820.000	0.375
31830.000	0.376
31840.000	0.376
31850.000	0.374
31860.000	0.375
31870.000	0.374
31880.000	0.374
31890.000	0.375
31900.000	0.371
31910.000	0.371
31920.000	0.371
31930.000	0.371
31940.000	0.370
31950.000	0.369
31960.000	0.368
31970.000	0.367
31980.000	0.366
31990.000	0.365
32000.000	0.365
32010.000	0.365
32020.000	0.364
32030.000	0.363
32040.000	0.362
32050.000	0.361
32060.000	0.362
32070.000	0.360
32080.000	0.361
32090.000	0.360
32100.000	0.359
32110.000	0.358
32120.000	0.357
32130.000	0.356
32140.000	0.354
32150.000	0.355
32160.000	0.354
32170.000	0.352
32180.000	0.353
32190.000	0.352
32200.000	0.350
32210.000	0.350
32220.000	0.349
32230.000	0.350
32240.000	0.350
32250.000	0.347
32260.000	0.348
32270.000	0.348
32280.000	0.345
32290.000	0.344
32300.000	0.345
32310.000	0.345
32320.000	0.344
32330.000	0.343
32340.000	0.342
32350.000	0.341
32360.000	0.341
32370.000	0.341
32380.000	0.339
32390.000	0.339
32400.000	0.337
32410.000	0.336
32420.000	0.337
32430.000	0.337
32440.000	0.335
32450.000	0.335
32460.000	0.333
32470.000	0.332
32480.000	0.332
32490.000	0.330
32500.000	0.329
32510.000	0.329
32520.000	0.327
32530.000	0.326
32540.000	0.327
32550.000	0.326
32560.000	0.326
32570.000	0.324
32580.000	0.323
32590.000	0.322
32600.000	0.322
32610.000	0.321
32620.000	0.322
32630.000	0.321
32640.000	0.320
32650.000	0.319
32660.000	0.317
32670.000	0.316
32680.000	0.315
32690.000	0.316
32700.000	0.317
32710.000	0.316
32720.000	0.313
32730.000	0.314
32740.000	0.313
32750.000	0.312
32760.000	0.310
32770.000	0.311
32780.000	0.310
32790.000	0.309
32800.000	0.309
32810.000	0.307
32820.000	0.307
32830.000	0.305
32840.000	0.304
32850.000	0.304
32860.000	0.304
32870.000	0.302
32880.000	0.304
32890.000	0.302
32900.000	0.300
32910.000	0.300
32920.000	0.299
32930.000	0.298
32940.000	0.298
32950.000	0.298
32960.000	0.297
32970.000	0.296
32980.000	0.296
32990.000	0.292
33000.000	0.292
33010.000	0.292
33020.000	0.291
33030.000	0.290
33040.000	0.291
33050.000	0.288
33060.000	0.288
33070.000	0.288
33080.000	0.285
33090.000	0.285
33100.000	0.285
33110.000	0.285
33120.000	0.284
33130.000	0.283
33140.000	0.281
33150.000	0.280
33160.000	0.280
33170.000	0.280
33180.000	0.280
33190.000	0.278
33200.000	0.278
33210.000	0.276
33220.000	0.276
33230.000	0.275
33240.000	0.275
33250.000	0.276
33260.000	0.274
33270.000	0.272
33280.000	0.271
33290.000	0.270
33300.000	0.269
33310.000	0.267
33320.000	0.268
33330.000	0.267
33340.000	0.266
33350.000	0.265
33360.000	0.263
33370.000	0.264
33380.000	0.264
33390.000	0.263
33400.000	0.262
33410.000	0.262
33420.000	0.260
33430.000	0.259
33440.000	0.258
33450.000	0.259
33460.000	0.257
33470.000	0.257
33480.000	0.254
33490.000	0.255
33500.000	0.252
33510.000	0.252
33520.000	0.251
33530.000	0.250
33540.000	0.252
33550.000	0.251
33560.000	0.249
33570.000	0.248
33580.000	0.248
33590.000	0.245
33600.000	0.245
33610.000	0.246
33620.000	0.243
33630.000	0.243
33640.000	0.242
33650.000	0.240
33660.000	0.239
33670.000	0.239
33680.000	0.239
33690.000	0.238
33700.000	0.237
33710.000	0.237
33720.000	0.237
33730.000	0.235
33740.000	0.234
33750.000	0.234
33760.000	0.233
33770.000	0.231
33780.000	0.230
33790.000	0.230
33800.000	0.230
33810.000	0.230
33820.000	0.228
33830.000	0.226
33840.000	0.227
33850.000	0.225
33860.000	0.224
33870.000	0.224
33880.000	0.224
33890.000	0.223
33900.000	0.222
33910.000	0.221
33920.000	0.221
33930.000	0.220
33940.000	0.219
33950.000	0.220
33960.000	0.218
33970.000	0.217
33980.000	0.215
33990.000	0.215
34000.000	0.215
34010.000	0.213
34020.000	0.213
34030.000	0.212
34040.000	0.211
34050.000	0.212
34060.000	0.209
34070.000	0.209
34080.000	0.209
34090.000	0.207
34100.000	0.206
34110.000	0.205
34120.000	0.204
34130.000	0.204
34140.000	0.203
34150.000	0.201
34160.000	0.200
34170.000	0.200
34180.000	0.200
34190.000	0.199
34200.000	0.198
34210.000	0.198
34220.000	0.196
34230.000	0.195
34240.000	0.195
34250.000	0.194
34260.000	0.194
34270.000	0.193
34280.000	0.193
34290.000	0.193
34300.000	0.191
34310.000	0.191
34320.000	0.189
34330.000	0.188
34340.000	0.187
34350.000	0.187
34360.000	0.187
34370.000	0.187
34380.000	0.184
34390.000	0.184
34400.000	0.183
34410.000	0.182
34420.000	0.182
34430.000	0.182
34440.000	0.181
34450.000	0.180
34460.000	0.179
34470.000	0.178
34480.000	0.177
34490.000	0.176
34500.000	0.175
34510.000	0.174
34520.000	0.173
34530.000	0.173
34540.000	0.173
34550.000	0.172
34560.000	0.171
34570.000	0.170
34580.000	0.169
34590.000	0.169
34600.000	0.169
34610.000	0.168
34620.000	0.167
34630.000	0.166
34640.000	0.165
34650.000	0.164
34660.000	0.163
34670.000	0.162
34680.000	0.162
34690.000	0.161
34700.000	0.160
34710.000	0.160
34720.000	0.160
34730.000	0.159
34740.000	0.158
34750.000	0.157
34760.000	0.157
34770.000	0.157
34780.000	0.155
34790.000	0.156
34800.000	0.156
34810.000	0.155
34820.000	0.154
34830.000	0.152
34840.000	0.151
34850.000	0.150
34860.000	0.150
34870.000	0.148
34880.000	0.147
34890.000	0.148
34900.000	0.147
34910.000	0.145
34920.000	0.145
34930.000	0.144
34940.000	0.144
34950.000	0.142
34960.000	0.142
34970.000	0.142
34980.000	0.141
34990.000	0.141
35000.000	0.139
35010.000	0.140
35020.000	0.138
35030.000	0.138
35040.000	0.138
35050.000	0.136
35060.000	0.136
35070.000	0.135
35080.000	0.134
35090.000	0.134
35100.000	0.134
35110.000	0.133
35120.000	0.131
35130.000	0.131
35140.000	0.130
35150.000	0.130
35160.000	0.130
35170.000	0.128
35180.000	0.127
35190.000	0.127
35200.000	0.126
35210.000	0.126
35220.000	0.125
35230.000	0.124
35240.000	0.123
35250.000	0.123
35260.000	0.122
35270.000	0.122
35280.000	0.121
35290.000	0.120
35300.000	0.119
35310.000	0.119
35320.000	0.118
35330.000	0.118
35340.000	0.117
35350.000	0.118
35360.000	0.115
35370.000	0.114
35380.000	0.115
35390.000	0.113
35400.000	0.114
35410.000	0.113
35420.000	0.113
35430.000	0.112
35440.000	0.111
35450.000	0.111
35460.000	0.111
35470.000	0.109
35480.000	0.109
35490.000	0.108
35500.000	0.107
35510.000	0.108
35520.000	0.106
35530.000	0.107
35540.000	0.106
35550.000	0.105
35560.000	0.104
35570.000	0.104
35580.000	0.104
35590.000	0.102
35600.000	0.101
35610.000	0.101
35620.000	0.101
35630.000	0.101
35640.000	0.099
35650.000	0.100
35660.000	0.099
35670.000	0.100
35680.000	0.098
35690.000	0.097
35700.000	0.097
35710.000	0.096
35720.000	0.096
35730.000	0.096
35740.000	0.095
35750.000	0.094
35760.000	0.094
35770.000	0.093
35780.000	0.093
35790.000	0.093
35800.000	0.092
35810.000	0.090
35820.000	0.090
35830.000	0.089
35840.000	0.089
35850.000	0.089
35860.000	0.087
35870.000	0.089
35880.000	0.087
35890.000	0.087
35900.000	0.086
35910.000	0.086
35920.000	0.086
35930.000	0.085
35940.000	0.085
35950.000	0.086
35960.000	0.084
35970.000	0.083
35980.000	0.083
35990.000	0.082
36000.000	0.082
36010.000	0.082
36020.000	0.081
36030.000	0.080
36040.000	0.080
36050.000	0.079
36060.000	0.080
36070.000	0.079
36080.000	0.078
36090.000	0.078
36100.000	0.077
36110.000	0.077
36120.000	0.076
36130.000	0.076
36140.000	0.075
36150.000	0.075
36160.000	0.075
36170.000	0.073
36180.000	0.073
36190.000	0.073
36200.000	0.073
36210.000	0.072
36220.000	0.072
36230.000	0.072
36240.000	0.071
36250.000	0.071
36260.000	0.071
36270.000	0.071
36280.000	0.070
36290.000	0.068
36300.000	0.068
36310.000	0.068
36320.000	0.067
36330.000	0.068
36340.000	0.067
36350.000	0.067
36360.000	0.066
36370.000	0.067
36380.000	0.065
36390.000	0.065
36400.000	0.064
36410.000	0.064
36420.000	0.064
36430.000	0.064
36440.000	0.062
36450.000	0.062
36460.000	0.062
36470.000	0.061
36480.000	0.061
36490.000	0.061
36500.000	0.060
36510.000	0.061
36520.000	0.060
36530.000	0.059
36540.000	0.060
36550.000	0.059
36560.000	0.059
36570.000	0.058
36580.000	0.058
36590.000	0.057
36600.000	0.057
36610.000	0.057
36620.000	0.056
36630.000	0.056
36640.000	0.055
36650.000	0.056
36660.000	0.055
36670.000	0.054
36680.000	0.054
36690.000	0.054
36700.000	0.053
36710.000	0.053
36720.000	0.053
36730.000	0.052
36740.000	0.052
36750.000	0.052
36760.000	0.052
36770.000	0.051
36780.000	0.051
36790.000	0.050
36800.000	0.051
36810.000	0.050
36820.000	0.049
36830.000	0.049
36840.000	0.049
36850.000	0.050
36860.000	0.049
36870.000	0.048
36880.000	0.049
36890.000	0.048
36900.000	0.048
36910.000	0.048
36920.000	0.047
36930.000	0.047
36940.000	0.046
36950.000	0.045
36960.000	0.045
36970.000	0.045
36980.000	0.044
36990.000	0.044
37000.000	0.043
37010.000	0.043
37020.000	0.045
37030.000	0.043
37040.000	0.043
37050.000	0.042
37060.000	0.042
37070.000	0.042
37080.000	0.042
37090.000	0.042
37100.000	0.042
37110.000	0.042
37120.000	0.041
37130.000	0.041
37140.000	0.040
37150.000	0.041
37160.000	0.040
37170.000	0.040
37180.000	0.039
37190.000	0.039
37200.000	0.039
37210.000	0.037
37220.000	0.038
37230.000	0.038
37240.000	0.038
37250.000	0.038
37260.000	0.037
37270.000	0.038
37280.000	0.037
37290.000	0.036
37300.000	0.037
37310.000	0.036
37320.000	0.036
37330.000	0.035
37340.000	0.035
37350.000	0.035
37360.000	0.035
37370.000	0.035
37380.000	0.035
37390.000	0.035
37400.000	0.033
37410.000	0.034
37420.000	0.034
37430.000	0.033
37440.000	0.033
37450.000	0.033
37460.000	0.033
37470.000	0.033
37480.000	0.032
37490.000	0.032
37500.000	0.032
37510.000	0.033
37520.000	0.032
37530.000	0.031
37540.000	0.031
37550.000	0.031
37560.000	0.031
37570.000	0.030
37580.000	0.030
37590.000	0.030
37600.000	0.030
37610.000	0.030
37620.000	0.029
37630.000	0.029
37640.000	0.029
37650.000	0.029
37660.000	0.029
37670.000	0.028
37680.000	0.028
37690.000	0.028
37700.000	0.029
37710.000	0.029
37720.000	0.027
37730.000	0.027
37740.000	0.027
37750.000	0.027
37760.000	0.026
37770.000	0.026
37780.000	0.027
37790.000	0.026
37800.000	0.026
37810.000	0.026
37820.000	0.025
37830.000	0.025
37840.000	0.025
37850.000	0.024
37860.000	0.024
37870.000	0.024
37880.000	0.025
37890.000	0.024
37900.000	0.025
37910.000	0.024
37920.000	0.024
37930.000	0.024
37940.000	0.024
37950.000	0.023
37960.000	0.023
37970.000	0.023
37980.000	0.023
37990.000	0.023
38000.000	0.022
38010.000	0.023
38020.000	0.022
38030.000	0.022
38040.000	0.022
38050.000	0.022
38060.000	0.022
38070.000	0.022
38080.000	0.022
38090.000	0.022
38100.000	0.021
38110.000	0.021
38120.000	0.021
38130.000	0.021
38140.000	0.021
38150.000	0.021
38160.000	0.021
38170.000	0.020
38180.000	0.020
38190.000	0.020
38200.000	0.020
38210.000	0.020
38220.000	0.020
38230.000	0.019
38240.000	0.019
38250.000	0.018
38260.000	0.019
38270.000	0.019
38280.000	0.019
38290.000	0.018
38300.000	0.018
38310.000	0.018
38320.000	0.018
38330.000	0.019
38340.000	0.018
38350.000	0.018
38360.000	0.018
38370.000	0.017
38380.000	0.017
38390.000	0.017
38400.000	0.016
38410.000	0.018
38420.000	0.017
38430.000	0.017
38440.000	0.017
38450.000	0.017
38460.000	0.016
38470.000	0.016
38480.000	0.017
38490.000	0.016
38500.000	0.016
38510.000	0.016
38520.000	0.016
38530.000	0.016
38540.000	0.016
38550.000	0.016
38560.000	0.015
38570.000	0.015
38580.000	0.015
38590.000	0.015
38600.000	0.015
38610.000	0.014
38620.000	0.015
38630.000	0.014
38640.000	0.015
38650.000	0.015
38660.000	0.014
38670.000	0.014
38680.000	0.014
38690.000	0.014
38700.000	0.014
38710.000	0.014
38720.000	0.014
38730.000	0.014
38740.000	0.014
38750.000	0.013
38760.000	0.013
38770.000	0.013
38780.000	0.013
38790.000	0.013
38800.000	0.013
38810.000	0.013
38820.000	0.012
38830.000	0.013
38840.000	0.012
38850.000	0.012
38860.000	0.012
38870.000	0.012
38880.000	0.012
38890.000	0.012
38900.000	0.012
38910.000	0.012
38920.000	0.012
38930.000	0.012
38940.000	0.011
38950.000	0.012
38960.000	0.012
38970.000	0.010
38980.000	0.011
38990.000	0.011
39000.000	0.011
39010.000	0.010
39020.000	0.010
39030.000	0.010
39040.000	0.010
39050.000	0.011
39060.000	0.009
39070.000	0.009
39080.000	0.010
39090.000	0.010
39100.000	0.010
39110.000	0.008
39120.000	0.009
39130.000	0.009
39140.000	0.009
39150.000	0.009
39160.000	0.008
39170.000	0.009
39180.000	0.009
39190.000	0.008
39200.000	0.008
39210.000	0.008
39220.000	0.008
39230.000	0.008
39240.000	0.008
39250.000	0.008
39260.000	0.008
39270.000	0.008
39280.000	0.008
39290.000	0.008
39300.000	0.008
39310.000	0.008
39320.000	0.008
39330.000	0.008
39340.000	0.008
39350.000	0.007
39360.000	0.007
39370.000	0.007
39380.000	0.007
39390.000	0.007
39400.000	0.008
39410.000	0.007
39420.000	0.007
39430.000	0.007
39440.000	0.007
39450.000	0.007
39460.000	0.007
39470.000	0.007
39480.000	0.007
39490.000	0.007
39500.000	0.007
39510.000	0.007
39520.000	0.007
39530.000	0.007
39540.000	0.007
39550.000	0.007
39560.000	0.006
39570.000	0.007
39580.000	0.007
39590.000	0.007
39600.000	0.007
39610.000	0.007
39620.000	0.007
39630.000	0.007
39640.000	0.007
39650.000	0.007
39660.000	0.007
39670.000	0.007
39680.000	0.007
39690.000	0.007
39700.000	0.006
39710.000	0.006
39720.000	0.006
39730.000	0.006
39740.000	0.006
39750.000	0.006
39760.000	0.006
39770.000	0.006
39780.000	0.006
39790.000	0.006
39800.000	0.006
39810.000	0.006
39820.000	0.006
39830.000	0.005
39840.000	0.006
39850.000	0.006
39860.000	0.006
39870.000	0.006
39880.000	0.005
39890.000	0.006
39900.000	0.005
39910.000	0.005
39920.000	0.005
39930.000	0.005
39940.000	0.005
39950.000	0.005
39960.000	0.005
39970.000	0.005
39980.000	0.005
39990.000	0.005
40000.000	0.005
40010.000	0.005
40020.000	0.005
40030.000	0.005
40040.000	0.004
40050.000	0.005
40060.000	0.005
40070.000	0.004
40080.000	0.005
40090.000	0.004
40100.000	0.004
40110.000	0.005
40120.000	0.004
40130.000	0.004
40140.000	0.004
40150.000	0.004
40160.000	0.004
40170.000	0.005
40180.000	0.004
40190.000	0.004
40200.000	0.003
40210.000	0.004
40220.000	0.003
40230.000	0.004
40240.000	0.004
40250.000	0.004
40260.000	0.003
40270.000	0.004
40280.000	0.003
40290.000	0.003
40300.000	0.003
40310.000	0.004
40320.000	0.004
40330.000	0.003
40340.000	0.003
40350.000	0.003
40360.000	0.003
40370.000	0.004
40380.000	0.003
40390.000	0.003
40400.000	0.003
40410.000	0.003
40420.000	0.003
40430.000	0.003
40440.000	0.003
40450.000	0.003
40460.000	0.002
40470.000	0.003
40480.000	0.003
40490.000	0.003
40500.000	0.003
40510.000	0.003
40520.000	0.003
40530.000	0.003
40540.000	0.003
40550.000	0.003
40560.000	0.002
40570.000	0.002
40580.000	0.002
40590.000	0.002
40600.000	0.002
40610.000	0.002
40620.000	0.002
40630.000	0.002
40640.000	0.003
40650.000	0.002
40660.000	0.002
40670.000	0.002
40680.000	0.002
40690.000	0.002
40700.000	0.002
40710.000	0.002
40720.000	0.002
40730.000	0.002
40740.000	0.002
40750.000	0.002
40760.000	0.002
40770.000	0.002
40780.000	0.002
40790.000	0.001
40800.000	0.002
40810.000	0.001
40820.000	0.002
40830.000	0.002
40840.000	0.002
40850.000	0.002
40860.000	0.001
40870.000	0.002
40880.000	0.001
40890.000	0.002
40900.000	0.002
40910.000	0.002
40920.000	0.001
40930.000	0.001
40940.000	0.001
40950.000	0.001
40960.000	0.001
40970.000	0.001
40980.000	0.001
40990.000	0.001
41000.000	0.001
41010.000	0.001
41020.000	0.001
41030.000	0.001
41040.000	0.001
41050.000	0.001
41060.000	0.002
41070.000	0.001
41080.000	0.001
41090.000	0.000
41100.000	0.000
41110.000	0.000
41120.000	0.001
41130.000	0.000
41140.000	0.001
41150.000	0.001
41160.000	0.001
41170.000	0.000
41180.000	0.001
41190.000	0.001
41200.000	0.000
41210.000	0.000
41220.000	0.001
41230.000	0.000
41240.000	0.001
41250.000	0.000
41260.000	0.000
41270.000	0.000
41280.000	0.001
41290.000	0.000
41300.000	0.000
41310.000	-0.000
41320.000	0.000
41330.000	0.000
41340.000	0.000
41350.000	0.000
41360.000	0.000
41370.000	0.001
41380.000	-0.000
41390.000	0.000
41400.000	0.000
41410.000	0.000
41420.000	-0.000
41430.000	-0.000
41440.000	-0.000
41450.000	-0.000
41460.000	0.000
41470.000	0.000
41480.000	-0.000
41490.000	-0.000
41500.000	-0.001
41510.000	-0.001
41520.000	-0.000
41530.000	-0.000
41540.000	-0.001
41550.000	-0.001
41560.000	-0.000
41570.000	-0.000
41580.000	-0.000
41590.000	-0.000
41600.000	-0.001
41610.000	-0.000
41620.000	-0.001
41630.000	-0.000
41640.000	-0.000
41650.000	-0.001
41660.000	-0.000
41670.000	-0.001
41680.000	-0.001
41690.000	-0.001
41700.000	-0.000
41710.000	-0.001
41720.000	-0.001
41730.000	-0.001
41740.000	-0.001
41750.000	-0.001
41760.000	-0.001
41770.000	-0.001
41780.000	-0.001
41790.000	-0.000
41800.000	-0.001
41810.000	-0.000
41820.000	-0.001
41830.000	-0.001
41840.000	-0.001
41850.000	-0.000
41860.000	-0.001
41870.000	-0.001
41880.000	-0.001
41890.000	-0.001
41900.000	-0.001
41910.000	-0.001
41920.000	-0.001
41930.000	-0.001
41940.000	-0.001
41950.000	-0.001
41960.000	-0.001
41970.000	-0.001
41980.000	-0.001
41990.000	-0.001
42000.000	-0.001
42010.000	-0.001
42020.000	-0.001
42030.000	-0.001
42040.000	-0.002
42050.000	-0.002
42060.000	-0.001
42070.000	-0.002
42080.000	-0.002
42090.000	-0.001
42100.000	-0.002
42110.000	-0.002
42120.000	-0.001
42130.000	-0.002
42140.000	-0.002
42150.000	-0.002
42160.000	-0.001
42170.000	-0.001
42180.000	-0.001
42190.000	-0.002
42200.000	-0.002
42210.000	-0.002
42220.000	-0.002
42230.000	-0.001
42240.000	-0.002
42250.000	-0.002
42260.000	-0.002
42270.000	-0.001
42280.000	-0.002
42290.000	-0.002
42300.000	-0.001
42310.000	-0.002
42320.000	-0.002
42330.000	-0.001
42340.000	-0.002
42350.000	-0.002
42360.000	-0.002
42370.000	-0.002
42380.000	-0.002
42390.000	-0.002
42400.000	-0.002
42410.000	-0.001
42420.000	-0.002
42430.000	-0.002
42440.000	-0.002
42450.000	-0.002
42460.000	-0.002
42470.000	-0.002
42480.000	-0.002
42490.000	-0.002
42500.000	-0.002
42510.000	-0.002
42520.000	-0.002
42530.000	-0.002
42540.000	-0.003
42550.000	-0.002
42560.000	-0.002
42570.000	-0.002
42580.000	-0.002
42590.000	-0.002
42600.000	-0.003
42610.000	-0.002
42620.000	-0.002
42630.000	-0.002
42640.000	-0.002
42650.000	-0.002
42660.000	-0.003
42670.000	-0.002
42680.000	-0.003
42690.000	-0.002
42700.000	-0.002
42710.000	-0.002
42720.000	-0.003
42730.000	-0.002
42740.000	-0.002
42750.000	-0.002
42760.000	-0.002
42770.000	-0.002
42780.000	-0.003
42790.000	-0.002
42800.000	-0.003
42810.000	-0.002
42820.000	-0.003
42830.000	-0.002
42840.000	-0.002
42850.000	-0.002
42860.000	-0.002
42870.000	-0.003
42880.000	-0.002
42890.000	-0.002
42900.000	-0.002
42910.000	-0.002
42920.000	-0.003
42930.000	-0.002
42940.000	-0.003
42950.000	-0.003
42960.000	-0.003
42970.000	-0.002
42980.000	-0.002
42990.000	-0.003
43000.000	-0.003
43010.000	-0.002
43020.000	-0.003
43030.000	-0.003
43040.000	-0.003
43050.000	-0.002
43060.000	-0.002
43070.000	-0.003
43080.000	-0.003
43090.000	-0.003
43100.000	-0.003
43110.000	-0.002
43120.000	-0.003
43130.000	-0.003
43140.000	-0.003
43150.000	-0.003
43160.000	-0.003
43170.000	-0.003
43180.000	-0.003
43190.000	-0.003
43200.000	-0.003
43210.000	-0.003
43220.000	-0.003
43230.000	-0.003
43240.000	-0.003
43250.000	-0.003
43260.000	-0.003
43270.000	-0.003
43280.000	-0.003
43290.000	-0.003
43300.000	-0.003
43310.000	-0.003
43320.000	-0.003
43330.000	-0.003
43340.000	-0.003
43350.000	-0.003
43360.000	-0.003
43370.000	-0.003
43380.000	-0.003
43390.000	-0.004
43400.000	-0.003
43410.000	-0.003
43420.000	-0.003
43430.000	-0.003
43440.000	-0.003
43450.000	-0.003
43460.000	-0.003
43470.000	-0.003
43480.000	-0.003
43490.000	-0.003
43500.000	-0.003
43510.000	-0.003
43520.000	-0.003
43530.000	-0.003
43540.000	-0.003
43550.000	-0.003
43560.000	-0.003
43570.000	-0.003
43580.000	-0.003
43590.000	-0.003
43600.000	-0.003
43610.000	-0.003
43620.000	-0.003
43630.000	-0.003
43640.000	-0.003
43650.000	-0.003
43660.000	-0.003
43670.000	-0.003
43680.000	-0.003
43690.000	-0.003
43700.000	-0.003
43710.000	-0.003
43720.000	-0.003
43730.000	-0.003
43740.000	-0.003
43750.000	-0.003
43760.000	-0.003
43770.000	-0.003
43780.000	-0.003
43790.000	-0.003
43800.000	-0.003
43810.000	-0.003
43820.000	-0.003
43830.000	-0.003
43840.000	-0.003
43850.000	-0.003
43860.000	-0.003
43870.000	-0.003
43880.000	-0.003
43890.000	-0.003
43900.000	-0.003
43910.000	-0.003
43920.000	-0.003
43930.000	-0.003
43940.000	-0.003
43950.000	-0.003
43960.000	-0.003
43970.000	-0.003
43980.000	-0.003
43990.000	-0.003
44000.000	-0.003
44010.000	-0.003
44020.000	-0.003
44030.000	-0.003
44040.000	-0.003
44050.000	-0.003
44060.000	-0.003
44070.000	-0.003
44080.000	-0.003
44090.000	-0.003
44100.000	-0.003
44110.000	-0.003
44120.000	-0.003
44130.000	-0.003
44140.000	-0.003
44150.000	-0.003
44160.000	-0.003
44170.000	-0.003
44180.000	-0.003
44190.000	-0.003
44200.000	-0.003
44210.000	-0.003
44220.000	-0.003
44230.000	-0.003
44240.000	-0.003
44250.000	-0.004
44260.000	-0.003
44270.000	-0.003
44280.000	-0.004
44290.000	-0.003
44300.000	-0.003
44310.000	-0.003
44320.000	-0.003
44330.000	-0.003
44340.000	-0.003
44350.000	-0.003
44360.000	-0.004
44370.000	-0.003
44380.000	-0.004
44390.000	-0.003
44400.000	-0.003
44410.000	-0.003
44420.000	-0.004
44430.000	-0.003
44440.000	-0.003
44450.000	-0.004
44460.000	-0.003
44470.000	-0.003
44480.000	-0.003
44490.000	-0.003
44500.000	-0.003
44510.000	-0.003
44520.000	-0.003
44530.000	-0.003
44540.000	-0.003
44550.000	-0.003
44560.000	-0.003
44570.000	-0.003
44580.000	-0.004
44590.000	-0.003
44600.000	-0.004
44610.000	-0.003
44620.000	-0.003
44630.000	-0.004
44640.000	-0.003
44650.000	-0.004
44660.000	-0.004
44670.000	-0.004
44680.000	-0.004
44690.000	-0.003
44700.000	-0.003
44710.000	-0.003
44720.000	-0.004
44730.000	-0.003
44740.000	-0.003
44750.000	-0.003
44760.000	-0.004
44770.000	-0.003
44780.000	-0.004
44790.000	-0.003
44800.000	-0.004
44810.000	-0.003
44820.000	-0.003
44830.000	-0.004
44840.000	-0.004
44850.000	-0.004
44860.000	-0.003
44870.000	-0.003
44880.000	-0.003
44890.000	-0.004
44900.000	-0.004
44910.000	-0.003
44920.000	-0.004
44930.000	-0.004
44940.000	-0.004
44950.000	-0.004
44960.000	-0.003
44970.000	-0.004
44980.000	-0.004
44990.000	-0.004
45000.000	-0.004
45010.000	-0.004
45020.000	-0.003
45030.000	-0.003
45040.000	-0.003
45050.000	-0.003
45060.000	-0.003
45070.000	-0.004
45080.000	-0.004
45090.000	-0.004
45100.000	-0.004
45110.000	-0.004
45120.000	-0.004
45130.000	-0.003
45140.000	-0.004
45150.000	-0.003
45160.000	-0.004
45170.000	-0.003
45180.000	-0.004
45190.000	-0.004
45200.000	-0.004
45210.000	-0.003
45220.000	-0.004
45230.000	-0.004
45240.000	-0.004
45250.000	-0.003
45260.000	-0.003
45270.000	-0.004
45280.000	-0.004
45290.000	-0.004
45300.000	-0.004
45310.000	-0.004
45320.000	-0.003
45330.000	-0.003
45340.000	-0.004
45350.000	-0.004
45360.000	-0.004
45370.000	-0.003
45380.000	-0.004
45390.000	-0.003
45400.000	-0.003
45410.000	-0.004
45420.000	-0.004
45430.000	-0.004
45440.000	-0.004
45450.000	-0.004
45460.000	-0.004
45470.000	-0.004
45480.000	-0.004
45490.000	-0.004
45500.000	-0.004
45510.000	-0.004
45520.000	-0.004
45530.000	-0.004
45540.000	-0.004
45550.000	-0.004
45560.000	-0.004
45570.000	-0.004
45580.000	-0.004
45590.000	-0.003
45600.000	-0.004
45610.000	-0.004
45620.000	-0.004
45630.000	-0.004
45640.000	-0.004
45650.000	-0.004
45660.000	-0.004
45670.000	-0.004
45680.000	-0.004
45690.000	-0.003
45700.000	-0.004
45710.000	-0.004
45720.000	-0.003
45730.000	-0.004
45740.000	-0.004
45750.000	-0.004
45760.000	-0.003
45770.000	-0.004
45780.000	-0.004
45790.000	-0.004
45800.000	-0.004
45810.000	-0.004
45820.000	-0.003
45830.000	-0.004
45840.000	-0.004
45850.000	-0.003
45860.000	-0.004
45870.000	-0.004
45880.000	-0.004
45890.000	-0.004
45900.000	-0.004
45910.000	-0.004
45920.000	-0.004
45930.000	-0.004
45940.000	-0.004
45950.000	-0.004
45960.000	-0.004
45970.000	-0.004
45980.000	-0.004
45990.000	-0.004
46000.000	-0.004
46010.000	-0.004
46020.000	-0.004
46030.000	-0.004
46040.000	-0.004
46050.000	-0.004
46060.000	-0.004
46070.000	-0.004
46080.000	-0.004
46090.000	-0.004
46100.000	-0.003
46110.000	-0.004
46120.000	-0.004
46130.000	-0.004
46140.000	-0.004
46150.000	-0.004
46160.000	-0.004
46170.000	-0.004
46180.000	-0.004
46190.000	-0.004
46200.000	-0.004
46210.000	-0.004
46220.000	-0.004
46230.000	-0.004
46240.000	-0.004
46250.000	-0.004
46260.000	-0.004
46270.000	-0.004
46280.000	-0.004
46290.000	-0.004
46300.000	-0.004
46310.000	-0.004
46320.000	-0.004
46330.000	-0.003
46340.000	-0.004
46350.000	-0.004
46360.000	-0.004
46370.000	-0.004
46380.000	-0.004
46390.000	-0.004
46400.000	-0.004
46410.000	-0.004
46420.000	-0.004
46430.000	-0.004
46440.000	-0.004
46450.000	-0.004
46460.000	-0.004
46470.000	-0.004
46480.000	-0.004
46490.000	-0.003
46500.000	-0.004
46510.000	-0.004
46520.000	-0.004
46530.000	-0.004
46540.000	-0.003
46550.000	-0.004
46560.000	-0.004
46570.000	-0.004
46580.000	-0.004
46590.000	-0.004
46600.000	-0.004
46610.000	-0.004
46620.000	-0.004
46630.000	-0.004
46640.000	-0.004
46650.000	-0.004
46660.000	-0.004
46670.000	-0.004
46680.000	-0.005
46690.000	-0.004
46700.000	-0.004
46710.000	-0.004
46720.000	-0.004
46730.000	-0.004
46740.000	-0.004
46750.000	-0.004
46760.000	-0.004
46770.000	-0.004
46780.000	-0.004
46790.000	-0.004
46800.000	-0.004
46810.000	-0.004
46820.000	-0.004
46830.000	-0.004
46840.000	-0.004
46850.000	-0.004
46860.000	-0.003
46870.000	-0.004
46880.000	-0.004
46890.000	-0.004
46900.000	-0.004
46910.000	-0.004
46920.000	-0.004
46930.000	-0.004
46940.000	-0.005
46950.000	-0.004
46960.000	-0.004
46970.000	-0.004
46980.000	-0.004
46990.000	-0.004
47000.000	-0.005
47010.000	-0.004
47020.000	-0.004
47030.000	-0.004
47040.000	-0.004
47050.000	-0.004
47060.000	-0.003
47070.000	-0.004
47080.000	-0.004
47090.000	-0.004
47100.000	-0.004
47110.000	-0.004
47120.000	-0.004
47130.000	-0.004
47140.000	-0.004
47150.000	-0.004
47160.000	-0.004
47170.000	-0.004
47180.000	-0.004
47190.000	-0.004
47200.000	-0.004
47210.000	-0.004
47220.000	-0.004
47230.000	-0.004
47240.000	-0.004
47250.000	-0.004
47260.000	-0.004
47270.000	-0.004
47280.000	-0.004
47290.000	-0.004
47300.000	-0.004
47310.000	-0.005
47320.000	-0.004
47330.000	-0.005
47340.000	-0.004
47350.000	-0.004
47360.000	-0.004
47370.000	-0.004
47380.000	-0.004
47390.000	-0.004
47400.000	-0.004
47410.000	-0.004
47420.000	-0.005
47430.000	-0.004
47440.000	-0.004
47450.000	-0.004
47460.000	-0.004
47470.000	-0.004
47480.000	-0.004
47490.000	-0.004
47500.000	-0.004
47510.000	-0.004
47520.000	-0.004
47530.000	-0.004
47540.000	-0.004
47550.000	-0.004
47560.000	-0.005
47570.000	-0.004
47580.000	-0.004
47590.000	-0.004
47600.000	-0.004
47610.000	-0.004
47620.000	-0.004
47630.000	-0.004
47640.000	-0.004
47650.000	-0.004
47660.000	-0.004
47670.000	-0.004
47680.000	-0.004
47690.000	-0.004
47700.000	-0.004
47710.000	-0.004
47720.000	-0.004
47730.000	-0.004
47740.000	-0.004
47750.000	-0.004
47760.000	-0.004
47770.000	-0.005
47780.000	-0.003
47790.000	-0.004
47800.000	-0.004
47810.000	-0.004
47820.000	-0.004
47830.000	-0.004
47840.000	-0.004
47850.000	-0.004
47860.000	-0.004
47870.000	-0.004
47880.000	-0.004
47890.000	-0.004
47900.000	-0.004
47910.000	-0.004
47920.000	-0.004
47930.000	-0.004
47940.000	-0.004
47950.000	-0.004
47960.000	-0.004
47970.000	-0.004
47980.000	-0.004
47990.000	-0.004
48000.000	-0.004
48010.000	-0.004
48020.000	-0.004
48030.000	-0.004
48040.000	-0.004
48050.000	-0.004
48060.000	-0.004
48070.000	-0.004
48080.000	-0.004
48090.000	-0.004
48100.000	-0.003
48110.000	-0.004
48120.000	-0.004
48130.000	-0.004
48140.000	-0.005
48150.000	-0.004
48160.000	-0.004
48170.000	-0.004
48180.000	-0.004
48190.000	-0.004
48200.000	-0.004
48210.000	-0.004
48220.000	-0.004
48230.000	-0.004
48240.000	-0.004
48250.000	-0.004
48260.000	-0.004
48270.000	-0.004
48280.000	-0.004
48290.000	-0.004
48300.000	-0.004
48310.000	-0.004
48320.000	-0.004
48330.000	-0.004
48340.000	-0.004
48350.000	-0.004
48360.000	-0.004
48370.000	-0.004
48380.000	-0.004
48390.000	-0.004
48400.000	-0.004
48410.000	-0.004
48420.000	-0.004
48430.000	-0.004
48440.000	-0.004
48450.000	-0.004
48460.000	-0.004
48469.000	-0.004
