10.000	0.233
20.000	0.234
30.000	0.235
40.000	0.237
50.000	0.238
60.000	0.240
70.000	0.240
80.000	0.240
90.000	0.242
100.000	0.243
110.000	0.243
120.000	0.244
130.000	0.245
140.000	0.245
150.000	0.246
160.000	0.246
170.000	0.249
180.000	0.250
190.000	0.251
200.000	0.251
210.000	0.250
220.000	0.252
230.000	0.251
240.000	0.252
250.000	0.253
260.000	0.253
270.000	0.252
280.000	0.253
290.000	0.254
300.000	0.255
310.000	0.254
320.000	0.255
330.000	0.255
340.000	0.257
350.000	0.258
360.000	0.258
370.000	0.256
380.000	0.258
390.000	0.257
400.000	0.259
410.000	0.260
420.000	0.260
430.000	0.261
440.000	0.262
450.000	0.263
460.000	0.263
470.000	0.265
480.000	0.267
490.000	0.268
500.000	0.268
510.000	0.272
520.000	0.272
530.000	0.273
540.000	0.274
550.000	0.272
560.000	0.274
570.000	0.275
580.000	0.276
590.000	0.276
600.000	0.275
610.000	0.276
620.000	0.276
630.000	0.278
640.000	0.278
650.000	0.281
660.000	0.282
670.000	0.282
680.000	0.282
690.000	0.282
700.000	0.283
710.000	0.284
720.000	0.282
730.000	0.282
740.000	0.283
750.000	0.283
760.000	0.284
770.000	0.285
780.000	0.285
790.000	0.284
800.000	0.285
810.000	0.285
820.000	0.286
830.000	0.286
840.000	0.285
850.000	0.286
860.000	0.286
870.000	0.287
880.000	0.288
890.000	0.289
900.000	0.291
910.000	0.289
920.000	0.292
930.000	0.293
940.000	0.293
950.000	0.293
960.000	0.294
970.000	0.294
980.000	0.294
990.000	0.297
1000.000	0.296
1010.000	0.298
1020.000	0.299
1030.000	0.301
1040.000	0.302
1050.000	0.302
1060.000	0.301
1070.000	0.301
1080.000	0.302
1090.000	0.301
1100.000	0.304
1110.000	0.303
1120.000	0.302
1130.000	0.304
1140.000	0.307
1150.000	0.306
1160.000	0.306
1170.000	0.307
1180.000	0.310
1190.000	0.309
1200.000	0.312
1210.000	0.310
1220.000	0.311
1230.000	0.311
1240.000	0.313
1250.000	0.311
1260.000	0.313
1270.000	0.314
1280.000	0.314
1290.000	0.315
1300.000	0.317
1310.000	0.317
1320.000	0.318
1330.000	0.319
1340.000	0.319
1350.000	0.318
1360.000	0.321
1370.000	0.322
1380.000	0.322
1390.000	0.324
1400.000	0.323
1410.000	0.324
1420.000	0.324
1430.000	0.325
1440.000	0.326
1450.000	0.326
1460.000	0.326
1470.000	0.326
1480.000	0.325
1490.000	0.326
1500.000	0.328
1510.000	0.327
1520.000	0.327
1530.000	0.329
1540.000	0.328
1550.000	0.329
1560.000	0.329
1570.000	0.328
1580.000	0.329
1590.000	0.328
1600.000	0.329
1610.000	0.331
1620.000	0.331
1630.000	0.329
1640.000	0.331
1650.000	0.330
1660.000	0.333
1670.000	0.336
1680.000	0.338
1690.000	0.338
1700.000	0.339
1710.000	0.339
1720.000	0.342
1730.000	0.340
1740.000	0.340
1750.000	0.342
1760.000	0.341
1770.000	0.342
1780.000	0.344
1790.000	0.344
1800.000	0.343
1810.000	0.343
1820.000	0.344
1830.000	0.346
1840.000	0.347
1850.000	0.347
1860.000	0.347
1870.000	0.348
1880.000	0.350
1890.000	0.352
1900.000	0.354
1910.000	0.354
1920.000	0.354
1930.000	0.354
1940.000	0.353
1950.000	0.354
1960.000	0.354
1970.000	0.353
1980.000	0.354
1990.000	0.356
2000.000	0.356
2010.000	0.356
2020.000	0.356
2030.000	0.356
2040.000	0.354
2050.000	0.355
2060.000	0.356
2070.000	0.358
2080.000	0.358
2090.000	0.360
2100.000	0.362
2110.000	0.363
2120.000	0.364
2130.000	0.365
2140.000	0.362
2150.000	0.363
2160.000	0.366
2170.000	0.366
2180.000	0.369
2190.000	0.369
2200.000	0.369
2210.000	0.372
2220.000	0.371
2230.000	0.372
2240.000	0.372
2250.000	0.372
2260.000	0.374
2270.000	0.376
2280.000	0.376
2290.000	0.375
2300.000	0.376
2310.000	0.377
2320.000	0.378
2330.000	0.378
2340.000	0.377
2350.000	0.378
2360.000	0.379
2370.000	0.380
2380.000	0.379
2390.000	0.379
2400.000	0.378
2410.000	0.380
2420.000	0.380
2430.000	0.381
2440.000	0.381
2450.000	0.381
2460.000	0.382
2470.000	0.382
2480.000	0.385
2490.000	0.383
2500.000	0.386
2510.000	0.388
2520.000	0.388
2530.000	0.391
2540.000	0.393
2550.000	0.391
2560.000	0.390
2570.000	0.391
2580.000	0.393
2590.000	0.396
2600.000	0.395
2610.000	0.397
2620.000	0.397
2630.000	0.399
2640.000	0.399
2650.000	0.400
2660.000	0.402
2670.000	0.402
2680.000	0.402
2690.000	0.401
2700.000	0.402
2710.000	0.402
2720.000	0.404
2730.000	0.405
2740.000	0.402
2750.000	0.405
2760.000	0.405
2770.000	0.403
2780.000	0.402
2790.000	0.405
2800.000	0.405
2810.000	0.402
2820.000	0.402
2830.000	0.403
2840.000	0.404
2850.000	0.403
2860.000	0.404
2870.000	0.407
2880.000	0.407
2890.000	0.408
2900.000	0.409
2910.000	0.412
2920.000	0.410
2930.000	0.410
2940.000	0.412
2950.000	0.413
2960.000	0.413
2970.000	0.414
2980.000	0.415
2990.000	0.417
3000.000	0.415
3010.000	0.417
3020.000	0.420
3030.000	0.421
3040.000	0.422
3050.000	0.424
3060.000	0.426
3070.000	0.426
3080.000	0.426
3090.000	0.425
3100.000	0.424
3110.000	0.425
3120.000	0.425
3130.000	0.426
3140.000	0.427
3150.000	0.426
3160.000	0.425
3170.000	0.424
3180.000	0.427
3190.000	0.426
3200.000	0.426
3210.000	0.427
3220.000	0.428
3230.000	0.428
3240.000	0.429
3250.000	0.428
3260.000	0.431
3270.000	0.430
3280.000	0.431
3290.000	0.431
3300.000	0.431
3310.000	0.433
3320.000	0.432
3330.000	0.432
3340.000	0.434
3350.000	0.435
3360.000	0.438
3370.000	0.439
3380.000	0.441
3390.000	0.441
3400.000	0.443
3410.000	0.442
3420.000	0.441
3430.000	0.441
3440.000	0.442
3450.000	0.444
3460.000	0.443
3470.000	0.447
3480.000	0.446
3490.000	0.446
3500.000	0.446
3510.000	0.444
3520.000	0.445
3530.000	0.446
3540.000	0.447
3550.000	0.450
3560.000	0.449
3570.000	0.449
3580.000	0.449
3590.000	0.452
3600.000	0.450
3610.000	0.452
3620.000	0.454
3630.000	0.455
3640.000	0.455
3650.000	0.457
3660.000	0.457
3670.000	0.458
3680.000	0.459
3690.000	0.461
3700.000	0.460
3710.000	0.461
3720.000	0.462
3730.000	0.463
3740.000	0.465
3750.000	0.465
3760.000	0.467
3770.000	0.469
3780.000	0.469
3790.000	0.472
3800.000	0.470
3810.000	0.470
3820.000	0.472
3830.000	0.475
3840.000	0.475
3850.000	0.474
3860.000	0.472
3870.000	0.473
3880.000	0.472
3890.000	0.472
3900.000	0.473
3910.000	0.472
3920.000	0.464
3930.000	0.450
3940.000	0.437
3950.000	0.431
3960.000	0.428
3970.000	0.426
3980.000	0.425
3990.000	0.424
4000.000	0.425
4010.000	0.430
4020.000	0.437
4030.000	0.446
4040.000	0.456
4050.000	0.460
4060.000	0.465
4070.000	0.466
4080.000	0.467
4090.000	0.470
4100.000	0.469
4110.000	0.470
4120.000	0.471
4130.000	0.471
4140.000	0.472
4150.000	0.471
4160.000	0.472
4170.000	0.471
4180.000	0.471
4190.000	0.471
4200.000	0.471
4210.000	0.472
4220.000	0.474
4230.000	0.474
4240.000	0.475
4250.000	0.476
4260.000	0.478
4270.000	0.479
4280.000	0.480
4290.000	0.479
4300.000	0.478
4310.000	0.479
4320.000	0.480
4330.000	0.481
4340.000	0.484
4350.000	0.486
4360.000	0.488
4370.000	0.488
4380.000	0.490
4390.000	0.491
4400.000	0.492
4410.000	0.494
4420.000	0.495
4430.000	0.494
4440.000	0.495
4450.000	0.493
4460.000	0.493
4470.000	0.491
4480.000	0.489
4490.000	0.491
4500.000	0.491
4510.000	0.491
4520.000	0.491
4530.000	0.489
4540.000	0.492
4550.000	0.492
4560.000	0.494
4570.000	0.493
4580.000	0.494
4590.000	0.496
4600.000	0.498
4610.000	0.497
4620.000	0.495
4630.000	0.496
4640.000	0.497
4650.000	0.499
4660.000	0.498
4670.000	0.500
4680.000	0.500
4690.000	0.502
4700.000	0.504
4710.000	0.504
4720.000	0.505
4730.000	0.507
4740.000	0.508
4750.000	0.508
4760.000	0.510
4770.000	0.511
4780.000	0.512
4790.000	0.512
4800.000	0.513
4810.000	0.515
4820.000	0.516
4830.000	0.516
4840.000	0.517
4850.000	0.520
4860.000	0.522
4870.000	0.525
4880.000	0.521
4890.000	0.521
4900.000	0.522
4910.000	0.524
4920.000	0.521
4930.000	0.521
4940.000	0.524
4950.000	0.525
4960.000	0.525
4970.000	0.527
4980.000	0.525
4990.000	0.525
5000.000	0.529
5010.000	0.529
5020.000	0.530
5030.000	0.531
5040.000	0.527
5050.000	0.530
5060.000	0.532
5070.000	0.532
5080.000	0.532
5090.000	0.533
5100.000	0.532
5110.000	0.532
5120.000	0.534
5130.000	0.532
5140.000	0.531
5150.000	0.532
5160.000	0.534
5170.000	0.535
5180.000	0.534
5190.000	0.534
5200.000	0.537
5210.000	0.539
5220.000	0.541
5230.000	0.541
5240.000	0.542
5250.000	0.541
5260.000	0.538
5270.000	0.535
5280.000	0.539
5290.000	0.542
5300.000	0.540
5310.000	0.540
5320.000	0.538
5330.000	0.537
5340.000	0.538
5350.000	0.540
5360.000	0.540
5370.000	0.535
5380.000	0.533
5390.000	0.533
5400.000	0.531
5410.000	0.531
5420.000	0.530
5430.000	0.533
5440.000	0.534
5450.000	0.536
5460.000	0.539
5470.000	0.541
5480.000	0.542
5490.000	0.542
5500.000	0.547
5510.000	0.546
5520.000	0.545
5530.000	0.545
5540.000	0.546
5550.000	0.546
5560.000	0.547
5570.000	0.551
5580.000	0.552
5590.000	0.555
5600.000	0.556
5610.000	0.559
5620.000	0.561
5630.000	0.565
5640.000	0.571
5650.000	0.572
5660.000	0.573
5670.000	0.574
5680.000	0.573
5690.000	0.573
5700.000	0.574
5710.000	0.574
5720.000	0.573
5730.000	0.572
5740.000	0.573
5750.000	0.574
5760.000	0.573
5770.000	0.574
5780.000	0.574
5790.000	0.574
5800.000	0.575
5810.000	0.577
5820.000	0.580
5830.000	0.582
5840.000	0.582
5850.000	0.585
5860.000	0.587
5870.000	0.584
5880.000	0.584
5890.000	0.587
5900.000	0.588
5910.000	0.589
5920.000	0.590
5930.000	0.593
5940.000	0.590
5950.000	0.590
5960.000	0.592
5970.000	0.592
5980.000	0.590
5990.000	0.591
6000.000	0.592
6010.000	0.596
6020.000	0.596
6030.000	0.597
6040.000	0.598
6050.000	0.598
6060.000	0.598
6070.000	0.597
6080.000	0.597
6090.000	0.596
6100.000	0.596
6110.000	0.594
6120.000	0.596
6130.000	0.596
6140.000	0.597
6150.000	0.596
6160.000	0.595
6170.000	0.597
6180.000	0.597
6190.000	0.600
6200.000	0.599
6210.000	0.602
6220.000	0.601
6230.000	0.602
6240.000	0.603
6250.000	0.606
6260.000	0.606
6270.000	0.608
6280.000	0.607
6290.000	0.606
6300.000	0.608
6310.000	0.611
6320.000	0.614
6330.000	0.613
6340.000	0.613
6350.000	0.614
6360.000	0.615
6370.000	0.615
6380.000	0.619
6390.000	0.620
6400.000	0.620
6410.000	0.621
6420.000	0.622
6430.000	0.623
6440.000	0.625
6450.000	0.625
6460.000	0.625
6470.000	0.624
6480.000	0.624
6490.000	0.626
6500.000	0.627
6510.000	0.626
6520.000	0.626
6530.000	0.624
6540.000	0.627
6550.000	0.627
6560.000	0.629
6570.000	0.631
6580.000	0.632
6590.000	0.633
6600.000	0.635
6610.000	0.637
6620.000	0.638
6630.000	0.641
6640.000	0.642
6650.000	0.642
6660.000	0.644
6670.000	0.644
6680.000	0.648
6690.000	0.647
6700.000	0.648
6710.000	0.649
6720.000	0.652
6730.000	0.653
6740.000	0.651
6750.000	0.652
6760.000	0.651
6770.000	0.652
6780.000	0.655
6790.000	0.655
6800.000	0.654
6810.000	0.653
6820.000	0.654
6830.000	0.656
6840.000	0.657
6850.000	0.657
6860.000	0.657
6870.000	0.658
6880.000	0.660
6890.000	0.662
6900.000	0.661
6910.000	0.660
6920.000	0.660
6930.000	0.659
6940.000	0.660
6950.000	0.663
6960.000	0.665
6970.000	0.664
6980.000	0.667
6990.000	0.667
7000.000	0.669
7010.000	0.671
7020.000	0.671
7030.000	0.672
7040.000	0.674
7050.000	0.677
7060.000	0.678
7070.000	0.681
7080.000	0.680
7090.000	0.681
7100.000	0.682
7110.000	0.684
7120.000	0.687
7130.000	0.685
7140.000	0.686
7150.000	0.689
7160.000	0.692
7170.000	0.691
7180.000	0.692
7190.000	0.694
7200.000	0.697
7210.000	0.699
7220.000	0.697
7230.000	0.698
7240.000	0.698
7250.000	0.698
7260.000	0.697
7270.000	0.699
7280.000	0.699
7290.000	0.700
7300.000	0.698
7310.000	0.699
7320.000	0.702
7330.000	0.703
7340.000	0.703
7350.000	0.701
7360.000	0.704
7370.000	0.704
7380.000	0.703
7390.000	0.701
7400.000	0.703
7410.000	0.706
7420.000	0.707
7430.000	0.707
7440.000	0.707
7450.000	0.708
7460.000	0.709
7470.000	0.709
7480.000	0.711
7490.000	0.714
7500.000	0.714
7510.000	0.716
7520.000	0.718
7530.000	0.718
7540.000	0.716
7550.000	0.714
7560.000	0.716
7570.000	0.716
7580.000	0.713
7590.000	0.715
7600.000	0.717
7610.000	0.719
7620.000	0.720
7630.000	0.721
7640.000	0.721
7650.000	0.721
7660.000	0.724
7670.000	0.725
7680.000	0.726
7690.000	0.730
7700.000	0.726
7710.000	0.721
7720.000	0.720
7730.000	0.718
7740.000	0.718
7750.000	0.719
7760.000	0.719
7770.000	0.717
7780.000	0.719
7790.000	0.721
7800.000	0.722
7810.000	0.724
7820.000	0.722
7830.000	0.722
7840.000	0.723
7850.000	0.727
7860.000	0.730
7870.000	0.730
7880.000	0.730
7890.000	0.729
7900.000	0.729
7910.000	0.730
7920.000	0.732
7930.000	0.731
7940.000	0.730
7950.000	0.732
7960.000	0.733
7970.000	0.734
7980.000	0.735
7990.000	0.734
8000.000	0.735
8010.000	0.738
8020.000	0.740
8030.000	0.743
8040.000	0.745
8050.000	0.743
8060.000	0.746
8070.000	0.743
8080.000	0.743
8090.000	0.743
8100.000	0.744
8110.000	0.742
8120.000	0.746
8130.000	0.747
8140.000	0.748
8150.000	0.749
8160.000	0.755
8170.000	0.755
8180.000	0.757
8190.000	0.759
8200.000	0.758
8210.000	0.759
8220.000	0.757
8230.000	0.762
8240.000	0.762
8250.000	0.761
8260.000	0.763
8270.000	0.766
8280.000	0.767
8290.000	0.768
8300.000	0.768
8310.000	0.769
8320.000	0.769
8330.000	0.771
8340.000	0.774
8350.000	0.773
8360.000	0.774
8370.000	0.776
8380.000	0.778
8390.000	0.777
8400.000	0.777
8410.000	0.777
8420.000	0.778
8430.000	0.780
8440.000	0.782
8450.000	0.784
8460.000	0.784
8470.000	0.783
8480.000	0.782
8490.000	0.783
8500.000	0.782
8510.000	0.782
8520.000	0.785
8530.000	0.783
8540.000	0.782
8550.000	0.783
8560.000	0.781
8570.000	0.782
8580.000	0.781
8590.000	0.781
8600.000	0.783
8610.000	0.784
8620.000	0.785
8630.000	0.785
8640.000	0.787
8650.000	0.790
8660.000	0.790
8670.000	0.792
8680.000	0.795
8690.000	0.794
8700.000	0.793
8710.000	0.794
8720.000	0.794
8730.000	0.795
8740.000	0.792
8750.000	0.792
8760.000	0.794
8770.000	0.795
8780.000	0.798
8790.000	0.798
8800.000	0.798
8810.000	0.799
8820.000	0.801
8830.000	0.803
8840.000	0.803
8850.000	0.805
8860.000	0.805
8870.000	0.804
8880.000	0.806
8890.000	0.806
8900.000	0.805
8910.000	0.805
8920.000	0.807
8930.000	0.805
8940.000	0.804
8950.000	0.807
8960.000	0.809
8970.000	0.807
8980.000	0.807
8990.000	0.809
9000.000	0.810
9010.000	0.809
9020.000	0.811
9030.000	0.813
9040.000	0.814
9050.000	0.812
9060.000	0.814
9070.000	0.816
9080.000	0.817
9090.000	0.817
9100.000	0.820
9110.000	0.818
9120.000	0.822
9130.000	0.823
9140.000	0.826
9150.000	0.824
9160.000	0.826
9170.000	0.826
9180.000	0.827
9190.000	0.829
9200.000	0.832
9210.000	0.831
9220.000	0.835
9230.000	0.834
9240.000	0.835
9250.000	0.833
9260.000	0.835
9270.000	0.834
9280.000	0.834
9290.000	0.837
9300.000	0.835
9310.000	0.837
9320.000	0.838
9330.000	0.836
9340.000	0.837
9350.000	0.838
9360.000	0.839
9370.000	0.840
9380.000	0.842
9390.000	0.843
9400.000	0.843
9410.000	0.847
9420.000	0.847
9430.000	0.847
9440.000	0.849
9450.000	0.851
9460.000	0.852
9470.000	0.855
9480.000	0.852
9490.000	0.854
9500.000	0.857
9510.000	0.860
9520.000	0.860
9530.000	0.860
9540.000	0.862
9550.000	0.863
9560.000	0.864
9570.000	0.865
9580.000	0.867
9590.000	0.868
9600.000	0.870
9610.000	0.871
9620.000	0.873
9630.000	0.872
9640.000	0.874
9650.000	0.875
9660.000	0.876
9670.000	0.874
9680.000	0.878
9690.000	0.876
9700.000	0.877
9710.000	0.879
9720.000	0.879
9730.000	0.879
9740.000	0.881
9750.000	0.881
9760.000	0.881
9770.000	0.880
9780.000	0.880
9790.000	0.881
9800.000	0.882
9810.000	0.886
9820.000	0.887
9830.000	0.887
9840.000	0.886
9850.000	0.886
9860.000	0.889
9870.000	0.891
9880.000	0.892
9890.000	0.896
9900.000	0.897
9910.000	0.898
9920.000	0.898
9930.000	0.898
9940.000	0.899
9950.000	0.899
9960.000	0.897
9970.000	0.899
9980.000	0.897
9990.000	0.898
10000.000	0.900
10010.000	0.900
10020.000	0.899
10030.000	0.902
10040.000	0.906
10050.000	0.906
10060.000	0.905
10070.000	0.906
10080.000	0.906
10090.000	0.906
10100.000	0.908
10110.000	0.908
10120.000	0.910
10130.000	0.910
10140.000	0.910
10150.000	0.910
10160.000	0.910
10170.000	0.912
10180.000	0.912
10190.000	0.913
10200.000	0.915
10210.000	0.914
10220.000	0.917
10230.000	0.916
10240.000	0.916
10250.000	0.918
10260.000	0.920
10270.000	0.922
10280.000	0.924
10290.000	0.926
10300.000	0.924
10310.000	0.927
10320.000	0.927
10330.000	0.926
10340.000	0.930
10350.000	0.932
10360.000	0.933
10370.000	0.933
10380.000	0.933
10390.000	0.933
10400.000	0.934
10410.000	0.935
10420.000	0.936
10430.000	0.937
10440.000	0.940
10450.000	0.941
10460.000	0.942
10470.000	0.942
10480.000	0.942
10490.000	0.942
10500.000	0.942
10510.000	0.943
10520.000	0.944
10530.000	0.945
10540.000	0.946
10550.000	0.948
10560.000	0.951
10570.000	0.950
10580.000	0.949
10590.000	0.950
10600.000	0.952
10610.000	0.954
10620.000	0.952
10630.000	0.952
10640.000	0.955
10650.000	0.958
10660.000	0.958
10670.000	0.957
10680.000	0.958
10690.000	0.962
10700.000	0.961
10710.000	0.958
10720.000	0.962
10730.000	0.961
10740.000	0.962
10750.000	0.964
10760.000	0.965
10770.000	0.967
10780.000	0.967
10790.000	0.971
10800.000	0.973
10810.000	0.973
10820.000	0.974
10830.000	0.976
10840.000	0.973
10850.000	0.974
10860.000	0.978
10870.000	0.980
10880.000	0.980
10890.000	0.979
10900.000	0.981
10910.000	0.980
10920.000	0.981
10930.000	0.983
10940.000	0.983
10950.000	0.984
10960.000	0.984
10970.000	0.988
10980.000	0.985
10990.000	0.986
11000.000	0.986
11010.000	0.984
11020.000	0.986
11030.000	0.989
11040.000	0.993
11050.000	0.995
11060.000	0.995
11070.000	0.995
11080.000	0.996
11090.000	0.998
11100.000	0.999
11110.000	0.999
11120.000	1.003
11130.000	1.003
11140.000	1.006
11150.000	1.003
11160.000	1.006
11170.000	1.007
11180.000	1.011
11190.000	1.012
11200.000	1.012
11210.000	1.014
11220.000	1.013
11230.000	1.015
11240.000	1.017
11250.000	1.018
11260.000	1.017
11270.000	1.017
11280.000	1.019
11290.000	1.019
11300.000	1.021
11310.000	1.021
11320.000	1.023
11330.000	1.022
11340.000	1.020
11350.000	1.019
11360.000	1.022
11370.000	1.024
11380.000	1.025
11390.000	1.025
11400.000	1.026
11410.000	1.029
11420.000	1.030
11430.000	1.030
11440.000	1.034
11450.000	1.033
11460.000	1.034
11470.000	1.035
11480.000	1.036
11490.000	1.038
11500.000	1.039
11510.000	1.041
11520.000	1.044
11530.000	1.043
11540.000	1.044
11550.000	1.046
11560.000	1.046
11570.000	1.048
11580.000	1.051
11590.000	1.050
11600.000	1.051
11610.000	1.053
11620.000	1.053
11630.000	1.053
11640.000	1.056
11650.000	1.060
11660.000	1.058
11670.000	1.057
11680.000	1.057
11690.000	1.058
11700.000	1.061
11710.000	1.061
11720.000	1.060
11730.000	1.059
11740.000	1.060
11750.000	1.062
11760.000	1.062
11770.000	1.063
11780.000	1.067
11790.000	1.066
11800.000	1.064
11810.000	1.067
11820.000	1.068
11830.000	1.068
11840.000	1.073
11850.000	1.073
11860.000	1.073
11870.000	1.072
11880.000	1.075
11890.000	1.076
11900.000	1.078
11910.000	1.077
11920.000	1.077
11930.000	1.077
11940.000	1.080
11950.000	1.085
11960.000	1.086
11970.000	1.086
11980.000	1.089
11990.000	1.090
12000.000	1.091
12010.000	1.092
12020.000	1.093
12030.000	1.096
12040.000	1.096
12050.000	1.094
12060.000	1.097
12070.000	1.094
12080.000	1.096
12090.000	1.100
12100.000	1.100
12110.000	1.100
12120.000	1.100
12130.000	1.105
12140.000	1.107
12150.000	1.102
12160.000	1.103
12170.000	1.104
12180.000	1.105
12190.000	1.105
12200.000	1.108
12210.000	1.110
12220.000	1.111
12230.000	1.111
12240.000	1.112
12250.000	1.115
12260.000	1.117
12270.000	1.118
12280.000	1.119
12290.000	1.119
12300.000	1.121
12310.000	1.118
12320.000	1.120
12330.000	1.120
12340.000	1.121
12350.000	1.123
12360.000	1.123
12370.000	1.124
12380.000	1.123
12390.000	1.127
12400.000	1.126
12410.000	1.128
12420.000	1.129
12430.000	1.129
12440.000	1.129
12450.000	1.129
12460.000	1.131
12470.000	1.135
12480.000	1.137
12490.000	1.137
12500.000	1.136
12510.000	1.138
12520.000	1.138
12530.000	1.140
12540.000	1.141
12550.000	1.144
12560.000	1.143
12570.000	1.143
12580.000	1.147
12590.000	1.145
12600.000	1.147
12610.000	1.146
12620.000	1.146
12630.000	1.149
12640.000	1.153
12650.000	1.152
12660.000	1.154
12670.000	1.155
12680.000	1.155
12690.000	1.156
12700.000	1.159
12710.000	1.157
12720.000	1.159
12730.000	1.159
12740.000	1.161
12750.000	1.163
12760.000	1.165
12770.000	1.167
12780.000	1.168
12790.000	1.171
12800.000	1.171
12810.000	1.170
12820.000	1.171
12830.000	1.174
12840.000	1.176
12850.000	1.179
12860.000	1.179
12870.000	1.180
12880.000	1.180
12890.000	1.180
12900.000	1.176
12910.000	1.179
12920.000	1.181
12930.000	1.180
12940.000	1.180
12950.000	1.182
12960.000	1.184
12970.000	1.184
12980.000	1.187
12990.000	1.186
13000.000	1.187
13010.000	1.187
13020.000	1.185
13030.000	1.187
13040.000	1.191
13050.000	1.196
13060.000	1.196
13070.000	1.195
13080.000	1.197
13090.000	1.199
13100.000	1.201
13110.000	1.200
13120.000	1.202
13130.000	1.206
13140.000	1.209
13150.000	1.208
13160.000	1.208
13170.000	1.208
13180.000	1.208
13190.000	1.209
13200.000	1.212
13210.000	1.215
13220.000	1.217
13230.000	1.216
13240.000	1.215
13250.000	1.215
13260.000	1.218
13270.000	1.220
13280.000	1.220
13290.000	1.219
13300.000	1.220
13310.000	1.221
13320.000	1.224
13330.000	1.226
13340.000	1.225
13350.000	1.222
13360.000	1.223
13370.000	1.223
13380.000	1.227
13390.000	1.228
13400.000	1.230
13410.000	1.228
13420.000	1.229
13430.000	1.230
13440.000	1.233
13450.000	1.232
13460.000	1.234
13470.000	1.235
13480.000	1.237
13490.000	1.241
13500.000	1.241
13510.000	1.240
13520.000	1.244
13530.000	1.246
13540.000	1.247
13550.000	1.246
13560.000	1.247
13570.000	1.248
13580.000	1.249
13590.000	1.250
13600.000	1.252
13610.000	1.252
13620.000	1.251
13630.000	1.253
13640.000	1.254
13650.000	1.252
13660.000	1.257
13670.000	1.258
13680.000	1.261
13690.000	1.262
13700.000	1.262
13710.000	1.263
13720.000	1.262
13730.000	1.263
13740.000	1.263
13750.000	1.265
13760.000	1.265
13770.000	1.268
13780.000	1.267
13790.000	1.267
13800.000	1.269
13810.000	1.274
13820.000	1.273
13830.000	1.272
13840.000	1.275
13850.000	1.272
13860.000	1.272
13870.000	1.273
13880.000	1.276
13890.000	1.281
13900.000	1.280
13910.000	1.278
13920.000	1.280
13930.000	1.285
13940.000	1.287
13950.000	1.286
13960.000	1.286
13970.000	1.286
13980.000	1.288
13990.000	1.292
14000.000	1.292
14010.000	1.298
14020.000	1.297
14030.000	1.296
14040.000	1.297
14050.000	1.299
14060.000	1.299
14070.000	1.299
14080.000	1.302
14090.000	1.302
14100.000	1.301
14110.000	1.300
14120.000	1.301
14130.000	1.301
14140.000	1.300
14150.000	1.299
14160.000	1.300
14170.000	1.300
14180.000	1.303
14190.000	1.303
14200.000	1.303
14210.000	1.303
14220.000	1.305
14230.000	1.307
14240.000	1.306
14250.000	1.310
14260.000	1.311
14270.000	1.310
14280.000	1.313
14290.000	1.315
14300.000	1.316
14310.000	1.317
14320.000	1.312
14330.000	1.317
14340.000	1.322
14350.000	1.325
14360.000	1.325
14370.000	1.325
14380.000	1.320
14390.000	1.321
14400.000	1.325
14410.000	1.327
14420.000	1.330
14430.000	1.334
14440.000	1.339
14450.000	1.339
14460.000	1.338
14470.000	1.340
14480.000	1.341
14490.000	1.342
14500.000	1.341
14510.000	1.342
14520.000	1.341
14530.000	1.343
14540.000	1.344
14550.000	1.349
14560.000	1.347
14570.000	1.349
14580.000	1.351
14590.000	1.349
14600.000	1.351
14610.000	1.354
14620.000	1.357
14630.000	1.356
14640.000	1.356
14650.000	1.358
14660.000	1.355
14670.000	1.359
14680.000	1.358
14690.000	1.359
14700.000	1.360
14710.000	1.362
14720.000	1.362
14730.000	1.364
14740.000	1.365
14750.000	1.366
14760.000	1.370
14770.000	1.370
14780.000	1.373
14790.000	1.372
14800.000	1.369
14810.000	1.374
14820.000	1.376
14830.000	1.378
14840.000	1.378
14850.000	1.384
14860.000	1.382
14870.000	1.385
14880.000	1.381
14890.000	1.380
14900.000	1.382
14910.000	1.383
14920.000	1.381
14930.000	1.382
14940.000	1.384
14950.000	1.387
14960.000	1.389
14970.000	1.387
14980.000	1.386
14990.000	1.387
15000.000	1.389
15010.000	1.389
15020.000	1.389
15030.000	1.390
15040.000	1.393
15050.000	1.397
15060.000	1.396
15070.000	1.397
15080.000	1.397
15090.000	1.397
15100.000	1.398
15110.000	1.401
15120.000	1.403
15130.000	1.400
15140.000	1.401
15150.000	1.410
15160.000	1.408
15170.000	1.404
15180.000	1.405
15190.000	1.411
15200.000	1.413
15210.000	1.411
15220.000	1.412
15230.000	1.413
15240.000	1.414
15250.000	1.414
15260.000	1.415
15270.000	1.418
15280.000	1.419
15290.000	1.419
15300.000	1.418
15310.000	1.416
15320.000	1.416
15330.000	1.415
15340.000	1.414
15350.000	1.411
15360.000	1.410
15370.000	1.412
15380.000	1.414
15390.000	1.412
15400.000	1.416
15410.000	1.417
15420.000	1.419
15430.000	1.421
15440.000	1.421
15450.000	1.423
15460.000	1.427
15470.000	1.429
15480.000	1.430
15490.000	1.436
15500.000	1.438
15510.000	1.437
15520.000	1.436
15530.000	1.437
15540.000	1.438
15550.000	1.440
15560.000	1.443
15570.000	1.445
15580.000	1.447
15590.000	1.450
15600.000	1.451
15610.000	1.451
15620.000	1.454
15630.000	1.453
15640.000	1.455
15650.000	1.455
15660.000	1.455
15670.000	1.453
15680.000	1.456
15690.000	1.459
15700.000	1.459
15710.000	1.462
15720.000	1.464
15730.000	1.461
15740.000	1.462
15750.000	1.459
15760.000	1.461
15770.000	1.462
15780.000	1.463
15790.000	1.464
15800.000	1.466
15810.000	1.468
15820.000	1.468
15830.000	1.466
15840.000	1.469
15850.000	1.472
15860.000	1.473
15870.000	1.472
15880.000	1.474
15890.000	1.475
15900.000	1.474
15910.000	1.472
15920.000	1.473
15930.000	1.471
15940.000	1.476
15950.000	1.481
15960.000	1.482
15970.000	1.483
15980.000	1.485
15990.000	1.486
16000.000	1.486
16010.000	1.489
16020.000	1.490
16030.000	1.490
16040.000	1.487
16050.000	1.494
16060.000	1.494
16070.000	1.494
16080.000	1.495
16090.000	1.491
16100.000	1.493
16110.000	1.496
16120.000	1.496
16130.000	1.496
16140.000	1.496
16150.000	1.500
16160.000	1.500
16170.000	1.501
16180.000	1.503
16190.000	1.500
16200.000	1.504
16210.000	1.501
16220.000	1.499
16230.000	1.501
16240.000	1.501
16250.000	1.501
16260.000	1.505
16270.000	1.507
16280.000	1.509
16290.000	1.514
16300.000	1.516
16310.000	1.513
16320.000	1.517
16330.000	1.516
16340.000	1.517
16350.000	1.520
16360.000	1.521
16370.000	1.521
16380.000	1.524
16390.000	1.521
16400.000	1.520
16410.000	1.524
16420.000	1.527
16430.000	1.529
16440.000	1.527
16450.000	1.526
16460.000	1.527
16470.000	1.532
16480.000	1.528
16490.000	1.528
16500.000	1.527
16510.000	1.528
16520.000	1.530
16530.000	1.531
16540.000	1.531
16550.000	1.535
16560.000	1.534
16570.000	1.534
16580.000	1.535
16590.000	1.538
16600.000	1.539
16610.000	1.540
16620.000	1.542
16630.000	1.541
16640.000	1.540
16650.000	1.543
16660.000	1.548
16670.000	1.548
16680.000	1.551
16690.000	1.549
16700.000	1.548
16710.000	1.548
16720.000	1.547
16730.000	1.549
16740.000	1.552
16750.000	1.555
16760.000	1.556
16770.000	1.554
16780.000	1.556
16790.000	1.555
16800.000	1.557
16810.000	1.557
16820.000	1.556
16830.000	1.559
16840.000	1.558
16850.000	1.556
16860.000	1.554
16870.000	1.554
16880.000	1.553
16890.000	1.553
16900.000	1.556
16910.000	1.564
16920.000	1.567
16930.000	1.566
16940.000	1.568
16950.000	1.567
16960.000	1.563
16970.000	1.562
16980.000	1.565
16990.000	1.568
17000.000	1.569
17010.000	1.574
17020.000	1.574
17030.000	1.574
17040.000	1.575
17050.000	1.575
17060.000	1.577
17070.000	1.576
17080.000	1.578
17090.000	1.581
17100.000	1.581
17110.000	1.582
17120.000	1.580
17130.000	1.578
17140.000	1.583
17150.000	1.586
17160.000	1.586
17170.000	1.588
17180.000	1.592
17190.000	1.588
17200.000	1.592
17210.000	1.592
17220.000	1.593
17230.000	1.595
17240.000	1.596
17250.000	1.596
17260.000	1.597
17270.000	1.600
17280.000	1.602
17290.000	1.599
17300.000	1.598
17310.000	1.599
17320.000	1.596
17330.000	1.599
17340.000	1.600
17350.000	1.600
17360.000	1.602
17370.000	1.601
17380.000	1.602
17390.000	1.602
17400.000	1.605
17410.000	1.607
17420.000	1.609
17430.000	1.609
17440.000	1.610
17450.000	1.612
17460.000	1.612
17470.000	1.610
17480.000	1.611
17490.000	1.612
17500.000	1.610
17510.000	1.611
17520.000	1.617
17530.000	1.617
17540.000	1.617
17550.000	1.611
17560.000	1.613
17570.000	1.618
17580.000	1.619
17590.000	1.622
17600.000	1.621
17610.000	1.621
17620.000	1.622
17630.000	1.624
17640.000	1.623
17650.000	1.622
17660.000	1.624
17670.000	1.627
17680.000	1.626
17690.000	1.625
17700.000	1.626
17710.000	1.632
17720.000	1.633
17730.000	1.633
17740.000	1.632
17750.000	1.629
17760.000	1.630
17770.000	1.631
17780.000	1.632
17790.000	1.634
17800.000	1.635
17810.000	1.633
17820.000	1.635
17830.000	1.636
17840.000	1.637
17850.000	1.638
17860.000	1.640
17870.000	1.637
17880.000	1.643
17890.000	1.641
17900.000	1.642
17910.000	1.643
17920.000	1.639
17930.000	1.644
17940.000	1.645
17950.000	1.645
17960.000	1.644
17970.000	1.649
17980.000	1.647
17990.000	1.648
18000.000	1.645
18010.000	1.648
18020.000	1.652
18030.000	1.648
18040.000	1.649
18050.000	1.650
18060.000	1.647
18070.000	1.649
18080.000	1.653
18090.000	1.654
18100.000	1.652
18110.000	1.653
18120.000	1.654
18130.000	1.656
18140.000	1.656
18150.000	1.658
18160.000	1.656
18170.000	1.655
18180.000	1.656
18190.000	1.658
18200.000	1.661
18210.000	1.661
18220.000	1.659
18230.000	1.662
18240.000	1.663
18250.000	1.659
18260.000	1.663
18270.000	1.668
18280.000	1.664
18290.000	1.667
18300.000	1.668
18310.000	1.667
18320.000	1.668
18330.000	1.672
18340.000	1.670
18350.000	1.670
18360.000	1.675
18370.000	1.675
18380.000	1.673
18390.000	1.675
18400.000	1.676
18410.000	1.677
18420.000	1.676
18430.000	1.676
18440.000	1.675
18450.000	1.674
18460.000	1.674
18470.000	1.674
18480.000	1.671
18490.000	1.667
18500.000	1.668
18510.000	1.666
18520.000	1.664
18530.000	1.663
18540.000	1.670
18550.000	1.674
18560.000	1.676
18570.000	1.676
18580.000	1.676
18590.000	1.678
18600.000	1.675
18610.000	1.674
18620.000	1.674
18630.000	1.679
18640.000	1.679
18650.000	1.678
18660.000	1.680
18670.000	1.678
18680.000	1.680
18690.000	1.685
18700.000	1.682
18710.000	1.685
18720.000	1.687
18730.000	1.686
18740.000	1.689
18750.000	1.689
18760.000	1.689
18770.000	1.688
18780.000	1.686
18790.000	1.687
18800.000	1.687
18810.000	1.693
18820.000	1.695
18830.000	1.694
18840.000	1.697
18850.000	1.696
18860.000	1.696
18870.000	1.700
18880.000	1.700
18890.000	1.696
18900.000	1.695
18910.000	1.697
18920.000	1.698
18930.000	1.699
18940.000	1.702
18950.000	1.701
18960.000	1.697
18970.000	1.702
18980.000	1.697
18990.000	1.698
19000.000	1.697
19010.000	1.697
19020.000	1.699
19030.000	1.699
19040.000	1.703
19050.000	1.703
19060.000	1.706
19070.000	1.705
19080.000	1.704
19090.000	1.706
19100.000	1.708
19110.000	1.709
19120.000	1.704
19130.000	1.704
19140.000	1.704
19150.000	1.707
19160.000	1.704
19170.000	1.704
19180.000	1.707
19190.000	1.705
19200.000	1.706
19210.000	1.705
19220.000	1.706
19230.000	1.702
19240.000	1.705
19250.000	1.707
19260.000	1.705
19270.000	1.707
19280.000	1.707
19290.000	1.707
19300.000	1.710
19310.000	1.710
19320.000	1.713
19330.000	1.709
19340.000	1.705
19350.000	1.709
19360.000	1.710
19370.000	1.712
19380.000	1.711
19390.000	1.712
19400.000	1.710
19410.000	1.710
19420.000	1.704
19430.000	1.709
19440.000	1.712
19450.000	1.713
19460.000	1.712
19470.000	1.712
19480.000	1.712
19490.000	1.713
19500.000	1.710
19510.000	1.711
19520.000	1.713
19530.000	1.714
19540.000	1.715
19550.000	1.716
19560.000	1.716
19570.000	1.711
19580.000	1.705
19590.000	1.703
19600.000	1.706
19610.000	1.707
19620.000	1.708
19630.000	1.709
19640.000	1.711
19650.000	1.713
19660.000	1.713
19670.000	1.718
19680.000	1.716
19690.000	1.717
19700.000	1.720
19710.000	1.716
19720.000	1.720
19730.000	1.721
19740.000	1.722
19750.000	1.717
19760.000	1.716
19770.000	1.720
19780.000	1.720
19790.000	1.721
19800.000	1.721
19810.000	1.720
19820.000	1.722
19830.000	1.721
19840.000	1.720
19850.000	1.721
19860.000	1.719
19870.000	1.715
19880.000	1.711
19890.000	1.708
19900.000	1.703
19910.000	1.701
19920.000	1.696
19930.000	1.693
19940.000	1.692
19950.000	1.692
19960.000	1.693
19970.000	1.697
19980.000	1.703
19990.000	1.712
20000.000	1.715
20010.000	1.718
20020.000	1.722
20030.000	1.722
20040.000	1.724
20050.000	1.721
20060.000	1.720
20070.000	1.719
20080.000	1.721
20090.000	1.721
20100.000	1.723
20110.000	1.724
20120.000	1.720
20130.000	1.721
20140.000	1.718
20150.000	1.723
20160.000	1.725
20170.000	1.723
20180.000	1.724
20190.000	1.730
20200.000	1.729
20210.000	1.723
20220.000	1.722
20230.000	1.722
20240.000	1.721
20250.000	1.724
20260.000	1.725
20270.000	1.722
20280.000	1.724
20290.000	1.725
20300.000	1.728
20310.000	1.727
20320.000	1.725
20330.000	1.726
20340.000	1.728
20350.000	1.725
20360.000	1.729
20370.000	1.728
20380.000	1.731
20390.000	1.730
20400.000	1.726
20410.000	1.729
20420.000	1.727
20430.000	1.727
20440.000	1.726
20450.000	1.724
20460.000	1.729
20470.000	1.726
20480.000	1.726
20490.000	1.727
20500.000	1.726
20510.000	1.725
20520.000	1.722
20530.000	1.725
20540.000	1.726
20550.000	1.725
20560.000	1.727
20570.000	1.728
20580.000	1.732
20590.000	1.731
20600.000	1.729
20610.000	1.733
20620.000	1.732
20630.000	1.729
20640.000	1.730
20650.000	1.730
20660.000	1.731
20670.000	1.730
20680.000	1.727
20690.000	1.725
20700.000	1.724
20710.000	1.727
20720.000	1.729
20730.000	1.728
20740.000	1.729
20750.000	1.730
20760.000	1.734
20770.000	1.731
20780.000	1.733
20790.000	1.730
20800.000	1.727
20810.000	1.729
20820.000	1.729
20830.000	1.727
20840.000	1.728
20850.000	1.725
20860.000	1.727
20870.000	1.730
20880.000	1.726
20890.000	1.729
20900.000	1.728
20910.000	1.726
20920.000	1.725
20930.000	1.722
20940.000	1.721
20950.000	1.723
20960.000	1.723
20970.000	1.726
20980.000	1.723
20990.000	1.724
21000.000	1.724
21010.000	1.721
21020.000	1.723
21030.000	1.725
21040.000	1.725
21050.000	1.725
21060.000	1.723
21070.000	1.724
21080.000	1.721
21090.000	1.720
21100.000	1.721
21110.000	1.723
21120.000	1.722
21130.000	1.722
21140.000	1.720
21150.000	1.718
21160.000	1.721
21170.000	1.722
21180.000	1.721
21190.000	1.720
21200.000	1.721
21210.000	1.722
21220.000	1.720
21230.000	1.719
21240.000	1.720
21250.000	1.721
21260.000	1.723
21270.000	1.723
21280.000	1.716
21290.000	1.718
21300.000	1.721
21310.000	1.717
21320.000	1.718
21330.000	1.716
21340.000	1.716
21350.000	1.716
21360.000	1.713
21370.000	1.715
21380.000	1.715
21390.000	1.715
21400.000	1.718
21410.000	1.718
21420.000	1.720
21430.000	1.717
21440.000	1.715
21450.000	1.716
21460.000	1.720
21470.000	1.716
21480.000	1.716
21490.000	1.718
21500.000	1.717
21510.000	1.719
21520.000	1.714
21530.000	1.713
21540.000	1.713
21550.000	1.714
21560.000	1.715
21570.000	1.714
21580.000	1.711
21590.000	1.712
21600.000	1.713
21610.000	1.711
21620.000	1.710
21630.000	1.711
21640.000	1.714
21650.000	1.712
21660.000	1.709
21670.000	1.708
21680.000	1.708
21690.000	1.707
21700.000	1.707
21710.000	1.706
21720.000	1.708
21730.000	1.709
21740.000	1.708
21750.000	1.709
21760.000	1.708
21770.000	1.707
21780.000	1.706
21790.000	1.704
21800.000	1.702
21810.000	1.697
21820.000	1.699
21830.000	1.701
21840.000	1.701
21850.000	1.703
21860.000	1.707
21870.000	1.706
21880.000	1.705
21890.000	1.705
21900.000	1.702
21910.000	1.704
21920.000	1.703
21930.000	1.701
21940.000	1.701
21950.000	1.700
21960.000	1.702
21970.000	1.699
21980.000	1.698
21990.000	1.697
22000.000	1.696
22010.000	1.696
22020.000	1.698
22030.000	1.697
22040.000	1.696
22050.000	1.698
22060.000	1.696
22070.000	1.694
22080.000	1.693
22090.000	1.692
22100.000	1.694
22110.000	1.693
22120.000	1.691
22130.000	1.694
22140.000	1.694
22150.000	1.692
22160.000	1.696
22170.000	1.695
22180.000	1.692
22190.000	1.693
22200.000	1.691
22210.000	1.691
22220.000	1.692
22230.000	1.689
22240.000	1.690
22250.000	1.691
22260.000	1.691
22270.000	1.691
22280.000	1.688
22290.000	1.689
22300.000	1.684
22310.000	1.683
22320.000	1.684
22330.000	1.684
22340.000	1.687
22350.000	1.686
22360.000	1.685
22370.000	1.681
22380.000	1.683
22390.000	1.685
22400.000	1.684
22410.000	1.681
22420.000	1.678
22430.000	1.674
22440.000	1.680
22450.000	1.679
22460.000	1.676
22470.000	1.674
22480.000	1.673
22490.000	1.674
22500.000	1.672
22510.000	1.670
22520.000	1.672
22530.000	1.670
22540.000	1.673
22550.000	1.675
22560.000	1.674
22570.000	1.675
22580.000	1.672
22590.000	1.671
22600.000	1.670
22610.000	1.674
22620.000	1.676
22630.000	1.674
22640.000	1.670
22650.000	1.670
22660.000	1.669
22670.000	1.668
22680.000	1.667
22690.000	1.666
22700.000	1.666
22710.000	1.664
22720.000	1.662
22730.000	1.663
22740.000	1.664
22750.000	1.663
22760.000	1.661
22770.000	1.662
22780.000	1.664
22790.000	1.661
22800.000	1.658
22810.000	1.659
22820.000	1.661
22830.000	1.659
22840.000	1.659
22850.000	1.656
22860.000	1.657
22870.000	1.656
22880.000	1.654
22890.000	1.652
22900.000	1.653
22910.000	1.646
22920.000	1.650
22930.000	1.654
22940.000	1.655
22950.000	1.652
22960.000	1.650
22970.000	1.650
22980.000	1.652
22990.000	1.652
23000.000	1.649
23010.000	1.650
23020.000	1.649
23030.000	1.646
23040.000	1.648
23050.000	1.650
23060.000	1.649
23070.000	1.646
23080.000	1.642
23090.000	1.643
23100.000	1.645
23110.000	1.641
23120.000	1.644
23130.000	1.642
23140.000	1.642
23150.000	1.639
23160.000	1.637
23170.000	1.640
23180.000	1.640
23190.000	1.642
23200.000	1.640
23210.000	1.637
23220.000	1.634
23230.000	1.633
23240.000	1.633
23250.000	1.633
23260.000	1.630
23270.000	1.630
23280.000	1.633
23290.000	1.633
23300.000	1.633
23310.000	1.630
23320.000	1.627
23330.000	1.628
23340.000	1.629
23350.000	1.629
23360.000	1.627
23370.000	1.624
23380.000	1.622
23390.000	1.622
23400.000	1.624
23410.000	1.623
23420.000	1.620
23430.000	1.624
23440.000	1.622
23450.000	1.620
23460.000	1.621
23470.000	1.620
23480.000	1.619
23490.000	1.615
23500.000	1.615
23510.000	1.615
23520.000	1.615
23530.000	1.615
23540.000	1.615
23550.000	1.614
23560.000	1.611
23570.000	1.608
23580.000	1.610
23590.000	1.607
23600.000	1.608
23610.000	1.604
23620.000	1.605
23630.000	1.606
23640.000	1.606
23650.000	1.607
23660.000	1.602
23670.000	1.601
23680.000	1.602
23690.000	1.603
23700.000	1.603
23710.000	1.597
23720.000	1.599
23730.000	1.600
23740.000	1.599
23750.000	1.597
23760.000	1.598
23770.000	1.598
23780.000	1.597
23790.000	1.595
23800.000	1.593
23810.000	1.592
23820.000	1.592
23830.000	1.592
23840.000	1.590
23850.000	1.587
23860.000	1.587
23870.000	1.586
23880.000	1.586
23890.000	1.587
23900.000	1.585
23910.000	1.581
23920.000	1.583
23930.000	1.581
23940.000	1.581
23950.000	1.578
23960.000	1.580
23970.000	1.580
23980.000	1.583
23990.000	1.578
24000.000	1.578
24010.000	1.575
24020.000	1.576
24030.000	1.574
24040.000	1.576
24050.000	1.574
24060.000	1.574
24070.000	1.578
24080.000	1.573
24090.000	1.571
24100.000	1.570
24110.000	1.570
24120.000	1.571
24130.000	1.564
24140.000	1.567
24150.000	1.563
24160.000	1.565
24170.000	1.563
24180.000	1.565
24190.000	1.564
24200.000	1.561
24210.000	1.562
24220.000	1.559
24230.000	1.558
24240.000	1.554
24250.000	1.555
24260.000	1.555
24270.000	1.553
24280.000	1.553
24290.000	1.554
24300.000	1.554
24310.000	1.553
24320.000	1.551
24330.000	1.553
24340.000	1.551
24350.000	1.550
24360.000	1.548
24370.000	1.548
24380.000	1.547
24390.000	1.545
24400.000	1.545
24410.000	1.542
24420.000	1.543
24430.000	1.543
24440.000	1.543
24450.000	1.538
24460.000	1.540
24470.000	1.537
24480.000	1.539
24490.000	1.534
24500.000	1.536
24510.000	1.538
24520.000	1.537
24530.000	1.531
24540.000	1.528
24550.000	1.530
24560.000	1.528
24570.000	1.531
24580.000	1.530
24590.000	1.530
24600.000	1.526
24610.000	1.525
24620.000	1.525
24630.000	1.525
24640.000	1.520
24650.000	1.521
24660.000	1.523
24670.000	1.522
24680.000	1.521
24690.000	1.519
24700.000	1.517
24710.000	1.518
24720.000	1.519
24730.000	1.515
24740.000	1.518
24750.000	1.518
24760.000	1.517
24770.000	1.513
24780.000	1.512
24790.000	1.513
24800.000	1.513
24810.000	1.512
24820.000	1.509
24830.000	1.506
24840.000	1.509
24850.000	1.508
24860.000	1.508
24870.000	1.506
24880.000	1.508
24890.000	1.506
24900.000	1.502
24910.000	1.501
24920.000	1.498
24930.000	1.498
24940.000	1.498
24950.000	1.498
24960.000	1.498
24970.000	1.498
24980.000	1.494
24990.000	1.492
25000.000	1.490
25010.000	1.489
25020.000	1.489
25030.000	1.487
25040.000	1.486
25050.000	1.486
25060.000	1.488
25070.000	1.482
25080.000	1.481
25090.000	1.482
25100.000	1.480
25110.000	1.481
25120.000	1.481
25130.000	1.481
25140.000	1.481
25150.000	1.478
25160.000	1.475
25170.000	1.475
25180.000	1.474
25190.000	1.475
25200.000	1.477
25210.000	1.472
25220.000	1.473
25230.000	1.474
25240.000	1.470
25250.000	1.467
25260.000	1.468
25270.000	1.467
25280.000	1.466
25290.000	1.464
25300.000	1.462
25310.000	1.459
25320.000	1.461
25330.000	1.462
25340.000	1.461
25350.000	1.455
25360.000	1.453
25370.000	1.452
25380.000	1.450
25390.000	1.450
25400.000	1.447
25410.000	1.447
25420.000	1.443
25430.000	1.443
25440.000	1.447
25450.000	1.445
25460.000	1.445
25470.000	1.447
25480.000	1.442
25490.000	1.440
25500.000	1.441
25510.000	1.441
25520.000	1.442
25530.000	1.437
25540.000	1.435
25550.000	1.437
25560.000	1.436
25570.000	1.435
25580.000	1.434
25590.000	1.433
25600.000	1.431
25610.000	1.430
25620.000	1.427
25630.000	1.429
25640.000	1.426
25650.000	1.426
25660.000	1.424
25670.000	1.425
25680.000	1.426
25690.000	1.426
25700.000	1.424
25710.000	1.421
25720.000	1.421
25730.000	1.420
25740.000	1.419
25750.000	1.418
25760.000	1.413
25770.000	1.410
25780.000	1.413
25790.000	1.411
25800.000	1.411
25810.000	1.413
25820.000	1.412
25830.000	1.411
25840.000	1.409
25850.000	1.407
25860.000	1.405
25870.000	1.404
25880.000	1.404
25890.000	1.402
25900.000	1.404
25910.000	1.398
25920.000	1.398
25930.000	1.399
25940.000	1.400
25950.000	1.397
25960.000	1.395
25970.000	1.394
25980.000	1.392
25990.000	1.392
26000.000	1.388
26010.000	1.387
26020.000	1.389
26030.000	1.389
26040.000	1.387
26050.000	1.385
26060.000	1.386
26070.000	1.383
26080.000	1.383
26090.000	1.382
26100.000	1.378
26110.000	1.380
26120.000	1.379
26130.000	1.378
26140.000	1.375
26150.000	1.372
26160.000	1.374
26170.000	1.372
26180.000	1.369
26190.000	1.365
26200.000	1.369
26210.000	1.368
26220.000	1.363
26230.000	1.362
26240.000	1.362
26250.000	1.360
26260.000	1.361
26270.000	1.361
26280.000	1.358
26290.000	1.358
26300.000	1.357
26310.000	1.356
26320.000	1.354
26330.000	1.352
26340.000	1.350
26350.000	1.350
26360.000	1.347
26370.000	1.348
26380.000	1.344
26390.000	1.342
26400.000	1.343
26410.000	1.344
26420.000	1.345
26430.000	1.343
26440.000	1.343
26450.000	1.345
26460.000	1.344
26470.000	1.339
26480.000	1.332
26490.000	1.334
26500.000	1.333
26510.000	1.331
26520.000	1.331
26530.000	1.325
26540.000	1.321
26550.000	1.322
26560.000	1.323
26570.000	1.323
26580.000	1.324
26590.000	1.323
26600.000	1.320
26610.000	1.317
26620.000	1.316
26630.000	1.314
26640.000	1.315
26650.000	1.313
26660.000	1.313
26670.000	1.311
26680.000	1.308
26690.000	1.309
26700.000	1.308
26710.000	1.307
26720.000	1.306
26730.000	1.305
26740.000	1.306
26750.000	1.304
26760.000	1.303
26770.000	1.302
26780.000	1.300
26790.000	1.297
26800.000	1.298
26810.000	1.298
26820.000	1.296
26830.000	1.291
26840.000	1.291
26850.000	1.290
26860.000	1.290
26870.000	1.286
26880.000	1.287
26890.000	1.286
26900.000	1.285
26910.000	1.284
26920.000	1.283
26930.000	1.281
26940.000	1.281
26950.000	1.280
26960.000	1.277
26970.000	1.274
26980.000	1.276
26990.000	1.274
27000.000	1.272
27010.000	1.269
27020.000	1.273
27030.000	1.270
27040.000	1.265
27050.000	1.265
27060.000	1.264
27070.000	1.264
27080.000	1.263
27090.000	1.263
27100.000	1.264
27110.000	1.262
27120.000	1.260
27130.000	1.261
27140.000	1.260
27150.000	1.258
27160.000	1.257
27170.000	1.252
27180.000	1.253
27190.000	1.249
27200.000	1.250
27210.000	1.250
27220.000	1.246
27230.000	1.245
27240.000	1.245
27250.000	1.241
27260.000	1.241
27270.000	1.237
27280.000	1.237
27290.000	1.237
27300.000	1.237
27310.000	1.235
27320.000	1.231
27330.000	1.229
27340.000	1.229
27350.000	1.230
27360.000	1.228
27370.000	1.226
27380.000	1.226
27390.000	1.224
27400.000	1.224
27410.000	1.222
27420.000	1.223
27430.000	1.219
27440.000	1.218
27450.000	1.216
27460.000	1.216
27470.000	1.212
27480.000	1.213
27490.000	1.210
27500.000	1.208
27510.000	1.206
27520.000	1.203
27530.000	1.205
27540.000	1.204
27550.000	1.204
27560.000	1.199
27570.000	1.196
27580.000	1.197
27590.000	1.197
27600.000	1.195
27610.000	1.194
27620.000	1.193
27630.000	1.193
27640.000	1.191
27650.000	1.190
27660.000	1.190
27670.000	1.187
27680.000	1.189
27690.000	1.185
27700.000	1.185
27710.000	1.184
27720.000	1.186
27730.000	1.182
27740.000	1.181
27750.000	1.180
27760.000	1.177
27770.000	1.174
27780.000	1.174
27790.000	1.167
27800.000	1.162
27810.000	1.165
27820.000	1.166
27830.000	1.166
27840.000	1.162
27850.000	1.165
27860.000	1.165
27870.000	1.167
27880.000	1.167
27890.000	1.164
27900.000	1.161
27910.000	1.162
27920.000	1.159
27930.000	1.160
27940.000	1.159
27950.000	1.155
27960.000	1.155
27970.000	1.155
27980.000	1.154
27990.000	1.150
28000.000	1.150
28010.000	1.150
28020.000	1.148
28030.000	1.146
28040.000	1.147
28050.000	1.145
28060.000	1.142
28070.000	1.140
28080.000	1.140
28090.000	1.140
28100.000	1.136
28110.000	1.133
28120.000	1.135
28130.000	1.131
28140.000	1.131
28150.000	1.127
28160.000	1.130
28170.000	1.128
28180.000	1.127
28190.000	1.127
28200.000	1.126
28210.000	1.122
28220.000	1.120
28230.000	1.121
28240.000	1.119
28250.000	1.118
28260.000	1.115
28270.000	1.116
28280.000	1.117
28290.000	1.115
28300.000	1.111
28310.000	1.109
28320.000	1.107
28330.000	1.106
28340.000	1.107
28350.000	1.104
28360.000	1.105
28370.000	1.102
28380.000	1.099
28390.000	1.101
28400.000	1.100
28410.000	1.098
28420.000	1.097
28430.000	1.097
28440.000	1.097
28450.000	1.095
28460.000	1.092
28470.000	1.090
28480.000	1.088
28490.000	1.086
28500.000	1.087
28510.000	1.085
28520.000	1.087
28530.000	1.081
28540.000	1.081
28550.000	1.080
28560.000	1.077
28570.000	1.077
28580.000	1.076
28590.000	1.077
28600.000	1.076
28610.000	1.075
28620.000	1.075
28630.000	1.072
28640.000	1.070
28650.000	1.068
28660.000	1.067
28670.000	1.067
28680.000	1.067
28690.000	1.063
28700.000	1.062
28710.000	1.062
28720.000	1.059
28730.000	1.059
28740.000	1.059
28750.000	1.058
28760.000	1.055
28770.000	1.055
28780.000	1.056
28790.000	1.053
28800.000	1.049
28810.000	1.046
28820.000	1.049
28830.000	1.048
28840.000	1.043
28850.000	1.044
28860.000	1.043
28870.000	1.042
28880.000	1.041
28890.000	1.037
28900.000	1.037
28910.000	1.036
28920.000	1.034
28930.000	1.033
28940.000	1.032
28950.000	1.028
28960.000	1.028
28970.000	1.029
28980.000	1.028
28990.000	1.023
29000.000	1.024
29010.000	1.022
29020.000	1.023
29030.000	1.023
29040.000	1.021
29050.000	1.017
29060.000	1.015
29070.000	1.019
29080.000	1.013
29090.000	1.012
29100.000	1.010
29110.000	1.012
29120.000	1.010
29130.000	1.010
29140.000	1.008
29150.000	1.008
29160.000	1.005
29170.000	1.004
29180.000	1.003
29190.000	1.004
29200.000	1.004
29210.000	1.002
29220.000	1.000
29230.000	0.997
29240.000	0.994
29250.000	0.993
29260.000	0.993
29270.000	0.993
29280.000	0.990
29290.000	0.989
29300.000	0.989
29310.000	0.988
29320.000	0.986
29330.000	0.983
29340.000	0.985
29350.000	0.982
29360.000	0.981
29370.000	0.979
29380.000	0.979
29390.000	0.978
29400.000	0.973
29410.000	0.973
29420.000	0.972
29430.000	0.968
29440.000	0.967
29450.000	0.969
29460.000	0.968
29470.000	0.967
29480.000	0.965
29490.000	0.965
29500.000	0.965
29510.000	0.962
29520.000	0.960
29530.000	0.960
29540.000	0.957
29550.000	0.957
29560.000	0.958
29570.000	0.953
29580.000	0.955
29590.000	0.953
29600.000	0.949
29610.000	0.947
29620.000	0.948
29630.000	0.947
29640.000	0.945
29650.000	0.944
29660.000	0.945
29670.000	0.944
29680.000	0.942
29690.000	0.942
29700.000	0.940
29710.000	0.938
29720.000	0.936
29730.000	0.935
29740.000	0.935
29750.000	0.932
29760.000	0.931
29770.000	0.933
29780.000	0.931
29790.000	0.927
29800.000	0.924
29810.000	0.924
29820.000	0.922
29830.000	0.924
29840.000	0.923
29850.000	0.919
29860.000	0.920
29870.000	0.918
29880.000	0.917
29890.000	0.914
29900.000	0.912
29910.000	0.910
29920.000	0.912
29930.000	0.913
29940.000	0.911
29950.000	0.908
29960.000	0.905
29970.000	0.907
29980.000	0.904
29990.000	0.901
30000.000	0.902
30010.000	0.900
30020.000	0.899
30030.000	0.898
30040.000	0.897
30050.000	0.897
30060.000	0.895
30070.000	0.892
30080.000	0.892
30090.000	0.888
30100.000	0.889
30110.000	0.887
30120.000	0.886
30130.000	0.885
30140.000	0.885
30150.000	0.884
30160.000	0.882
30170.000	0.882
30180.000	0.883
30190.000	0.883
30200.000	0.881
30210.000	0.880
30220.000	0.877
30230.000	0.874
30240.000	0.872
30250.000	0.872
30260.000	0.873
30270.000	0.873
30280.000	0.873
30290.000	0.870
30300.000	0.868
30310.000	0.869
30320.000	0.867
30330.000	0.864
30340.000	0.861
30350.000	0.860
30360.000	0.860
30370.000	0.858
30380.000	0.859
30390.000	0.857
30400.000	0.855
30410.000	0.855
30420.000	0.852
30430.000	0.852
30440.000	0.848
30450.000	0.850
30460.000	0.851
30470.000	0.846
30480.000	0.844
30490.000	0.845
30500.000	0.845
30510.000	0.842
30520.000	0.841
30530.000	0.840
30540.000	0.839
30550.000	0.840
30560.000	0.837
30570.000	0.837
30580.000	0.833
30590.000	0.833
30600.000	0.832
30610.000	0.830
30620.000	0.829
30630.000	0.828
30640.000	0.827
30650.000	0.826
30660.000	0.822
30670.000	0.822
30680.000	0.822
30690.000	0.818
30700.000	0.819
30710.000	0.818
30720.000	0.814
30730.000	0.816
30740.000	0.814
30750.000	0.815
30760.000	0.813
30770.000	0.813
30780.000	0.811
30790.000	0.807
30800.000	0.805
30810.000	0.807
30820.000	0.805
30830.000	0.802
30840.000	0.800
30850.000	0.792
30860.000	0.787
30870.000	0.784
30880.000	0.787
30890.000	0.792
30900.000	0.795
30910.000	0.793
30920.000	0.792
30930.000	0.792
30940.000	0.791
30950.000	0.790
30960.000	0.789
30970.000	0.786
30980.000	0.785
30990.000	0.782
31000.000	0.784
31010.000	0.781
31020.000	0.780
31030.000	0.779
31040.000	0.780
31050.000	0.779
31060.000	0.777
31070.000	0.776
31080.000	0.774
31090.000	0.773
31100.000	0.772
31110.000	0.770
31120.000	0.768
31130.000	0.768
31140.000	0.768
31150.000	0.765
31160.000	0.766
31170.000	0.762
31180.000	0.764
31190.000	0.763
31200.000	0.762
31210.000	0.760
31220.000	0.759
31230.000	0.756
31240.000	0.755
31250.000	0.754
31260.000	0.753
31270.000	0.753
31280.000	0.750
31290.000	0.748
31300.000	0.747
31310.000	0.748
31320.000	0.749
31330.000	0.748
31340.000	0.744
31350.000	0.743
31360.000	0.741
31370.000	0.742
31380.000	0.739
31390.000	0.739
31400.000	0.738
31410.000	0.738
31420.000	0.736
31430.000	0.735
31440.000	0.734
31450.000	0.731
31460.000	0.729
31470.000	0.728
31480.000	0.727
31490.000	0.728
31500.000	0.727
31510.000	0.722
31520.000	0.722
31530.000	0.719
31540.000	0.720
31550.000	0.717
31560.000	0.716
31570.000	0.717
31580.000	0.715
31590.000	0.714
31600.000	0.715
31610.000	0.712
31620.000	0.711
31630.000	0.709
31640.000	0.708
31650.000	0.708
31660.000	0.707
31670.000	0.703
31680.000	0.701
31690.000	0.700
31700.000	0.700
31710.000	0.699
31720.000	0.698
31730.000	0.696
31740.000	0.694
31750.000	0.695
31760.000	0.693
31770.000	0.693
31780.000	0.694
31790.000	0.690
31800.000	0.691
31810.000	0.688
31820.000	0.686
31830.000	0.685
31840.000	0.685
31850.000	0.682
31860.000	0.681
31870.000	0.680
31880.000	0.681
31890.000	0.679
31900.000	0.679
31910.000	0.676
31920.000	0.676
31930.000	0.674
31940.000	0.674
31950.000	0.673
31960.000	0.670
31970.000	0.669
31980.000	0.666
31990.000	0.666
32000.000	0.664
32010.000	0.665
32020.000	0.662
32030.000	0.661
32040.000	0.661
32050.000	0.658
32060.000	0.656
32070.000	0.655
32080.000	0.654
32090.000	0.651
32100.000	0.652
32110.000	0.651
32120.000	0.648
32130.000	0.647
32140.000	0.648
32150.000	0.648
32160.000	0.645
32170.000	0.644
32180.000	0.642
32190.000	0.642
32200.000	0.641
32210.000	0.638
32220.000	0.638
32230.000	0.636
32240.000	0.634
32250.000	0.632
32260.000	0.633
32270.000	0.631
32280.000	0.630
32290.000	0.627
32300.000	0.628
32310.000	0.625
32320.000	0.625
32330.000	0.624
32340.000	0.620
32350.000	0.619
32360.000	0.620
32370.000	0.617
32380.000	0.616
32390.000	0.616
32400.000	0.616
32410.000	0.615
32420.000	0.613
32430.000	0.613
32440.000	0.611
32450.000	0.607
32460.000	0.609
32470.000	0.606
32480.000	0.604
32490.000	0.603
32500.000	0.601
32510.000	0.601
32520.000	0.599
32530.000	0.596
32540.000	0.598
32550.000	0.597
32560.000	0.595
32570.000	0.594
32580.000	0.592
32590.000	0.591
32600.000	0.589
32610.000	0.587
32620.000	0.585
32630.000	0.583
32640.000	0.584
32650.000	0.582
32660.000	0.582
32670.000	0.579
32680.000	0.578
32690.000	0.576
32700.000	0.575
32710.000	0.574
32720.000	0.573
32730.000	0.574
32740.000	0.569
32750.000	0.569
32760.000	0.566
32770.000	0.566
32780.000	0.564
32790.000	0.562
32800.000	0.562
32810.000	0.560
32820.000	0.558
32830.000	0.560
32840.000	0.558
32850.000	0.556
32860.000	0.554
32870.000	0.554
32880.000	0.552
32890.000	0.552
32900.000	0.551
32910.000	0.550
32920.000	0.547
32930.000	0.546
32940.000	0.543
32950.000	0.543
32960.000	0.543
32970.000	0.542
32980.000	0.543
32990.000	0.541
33000.000	0.538
33010.000	0.537
33020.000	0.536
33030.000	0.535
33040.000	0.531
33050.000	0.532
33060.000	0.530
33070.000	0.528
33080.000	0.528
33090.000	0.527
33100.000	0.523
33110.000	0.522
33120.000	0.521
33130.000	0.519
33140.000	0.520
33150.000	0.517
33160.000	0.515
33170.000	0.513
33180.000	0.511
33190.000	0.512
33200.000	0.510
33210.000	0.506
33220.000	0.505
33230.000	0.507
33240.000	0.503
33250.000	0.503
33260.000	0.503
33270.000	0.502
33280.000	0.500
33290.000	0.497
33300.000	0.498
33310.000	0.495
33320.000	0.494
33330.000	0.491
33340.000	0.490
33350.000	0.489
33360.000	0.489
33370.000	0.484
33380.000	0.485
33390.000	0.486
33400.000	0.484
33410.000	0.482
33420.000	0.480
33430.000	0.480
33440.000	0.479
33450.000	0.476
33460.000	0.474
33470.000	0.472
33480.000	0.470
33490.000	0.469
33500.000	0.468
33510.000	0.467
33520.000	0.467
33530.000	0.465
33540.000	0.463
33550.000	0.462
33560.000	0.460
33570.000	0.460
33580.000	0.457
33590.000	0.455
33600.000	0.453
33610.000	0.453
33620.000	0.452
33630.000	0.449
33640.000	0.450
33650.000	0.447
33660.000	0.446
33670.000	0.445
33680.000	0.441
33690.000	0.441
33700.000	0.439
33710.000	0.438
33720.000	0.437
33730.000	0.435
33740.000	0.433
33750.000	0.430
33760.000	0.430
33770.000	0.430
33780.000	0.427
33790.000	0.424
33800.000	0.425
33810.000	0.425
33820.000	0.423
33830.000	0.421
33840.000	0.420
33850.000	0.418
33860.000	0.417
33870.000	0.417
33880.000	0.413
33890.000	0.413
33900.000	0.414
33910.000	0.411
33920.000	0.410
33930.000	0.407
33940.000	0.405
33950.000	0.406
33960.000	0.403
33970.000	0.401
33980.000	0.401
33990.000	0.400
34000.000	0.398
34010.000	0.398
34020.000	0.396
34030.000	0.395
34040.000	0.393
34050.000	0.391
34060.000	0.389
34070.000	0.390
34080.000	0.388
34090.000	0.387
34100.000	0.387
34110.000	0.384
34120.000	0.382
34130.000	0.380
34140.000	0.380
34150.000	0.377
34160.000	0.376
34170.000	0.375
34180.000	0.373
34190.000	0.373
34200.000	0.372
34210.000	0.370
34220.000	0.371
34230.000	0.366
34240.000	0.366
34250.000	0.365
34260.000	0.363
34270.000	0.361
34280.000	0.359
34290.000	0.357
34300.000	0.357
34310.000	0.356
34320.000	0.354
34330.000	0.352
34340.000	0.352
34350.000	0.350
34360.000	0.351
34370.000	0.349
34380.000	0.346
34390.000	0.343
34400.000	0.342
34410.000	0.343
34420.000	0.341
34430.000	0.339
34440.000	0.339
34450.000	0.337
34460.000	0.336
34470.000	0.334
34480.000	0.333
34490.000	0.333
34500.000	0.330
34510.000	0.330
34520.000	0.329
34530.000	0.326
34540.000	0.324
34550.000	0.324
34560.000	0.322
34570.000	0.323
34580.000	0.322
34590.000	0.318
34600.000	0.317
34610.000	0.316
34620.000	0.315
34630.000	0.314
34640.000	0.312
34650.000	0.311
34660.000	0.309
34670.000	0.308
34680.000	0.307
34690.000	0.304
34700.000	0.303
34710.000	0.302
34720.000	0.302
34730.000	0.300
34740.000	0.300
34750.000	0.297
34760.000	0.296
34770.000	0.295
34780.000	0.294
34790.000	0.295
34800.000	0.291
34810.000	0.289
34820.000	0.290
34830.000	0.289
34840.000	0.287
34850.000	0.283
34860.000	0.283
34870.000	0.282
34880.000	0.280
34890.000	0.279
34900.000	0.278
34910.000	0.277
34920.000	0.277
34930.000	0.274
34940.000	0.273
34950.000	0.274
34960.000	0.271
34970.000	0.271
34980.000	0.270
34990.000	0.267
35000.000	0.265
35010.000	0.264
35020.000	0.262
35030.000	0.263
35040.000	0.262
35050.000	0.260
35060.000	0.258
35070.000	0.258
35080.000	0.256
35090.000	0.255
35100.000	0.253
35110.000	0.253
35120.000	0.251
35130.000	0.250
35140.000	0.248
35150.000	0.247
35160.000	0.246
35170.000	0.244
35180.000	0.244
35190.000	0.242
35200.000	0.242
35210.000	0.241
35220.000	0.238
35230.000	0.238
35240.000	0.236
35250.000	0.236
35260.000	0.234
35270.000	0.233
35280.000	0.231
35290.000	0.230
35300.000	0.229
35310.000	0.228
35320.000	0.229
35330.000	0.226
35340.000	0.224
35350.000	0.224
35360.000	0.223
35370.000	0.222
35380.000	0.220
35390.000	0.220
35400.000	0.218
35410.000	0.218
35420.000	0.217
35430.000	0.215
35440.000	0.214
35450.000	0.213
35460.000	0.211
35470.000	0.211
35480.000	0.211
35490.000	0.209
35500.000	0.207
35510.000	0.206
35520.000	0.204
35530.000	0.204
35540.000	0.203
35550.000	0.203
35560.000	0.201
35570.000	0.200
35580.000	0.198
35590.000	0.199
35600.000	0.197
35610.000	0.196
35620.000	0.195
35630.000	0.195
35640.000	0.193
35650.000	0.190
35660.000	0.191
35670.000	0.191
35680.000	0.190
35690.000	0.188
35700.000	0.187
35710.000	0.186
35720.000	0.185
35730.000	0.185
35740.000	0.184
35750.000	0.182
35760.000	0.182
35770.000	0.180
35780.000	0.178
35790.000	0.178
35800.000	0.176
35810.000	0.175
35820.000	0.175
35830.000	0.174
35840.000	0.172
35850.000	0.172
35860.000	0.171
35870.000	0.170
35880.000	0.169
35890.000	0.169
35900.000	0.167
35910.000	0.166
35920.000	0.166
35930.000	0.164
35940.000	0.163
35950.000	0.163
35960.000	0.162
35970.000	0.160
35980.000	0.160
35990.000	0.159
36000.000	0.158
36010.000	0.157
36020.000	0.156
36030.000	0.156
36040.000	0.155
36050.000	0.154
36060.000	0.153
36070.000	0.152
36080.000	0.152
36090.000	0.151
36100.000	0.150
36110.000	0.150
36120.000	0.150
36130.000	0.149
36140.000	0.147
36150.000	0.147
36160.000	0.146
36170.000	0.144
36180.000	0.143
36190.000	0.142
36200.000	0.141
36210.000	0.140
36220.000	0.139
36230.000	0.138
36240.000	0.138
36250.000	0.136
36260.000	0.137
36270.000	0.135
36280.000	0.134
36290.000	0.135
36300.000	0.133
36310.000	0.133
36320.000	0.132
36330.000	0.130
36340.000	0.129
36350.000	0.128
36360.000	0.129
36370.000	0.127
36380.000	0.126
36390.000	0.126
36400.000	0.126
36410.000	0.125
36420.000	0.124
36430.000	0.123
36440.000	0.123
36450.000	0.122
36460.000	0.120
36470.000	0.119
36480.000	0.119
36490.000	0.119
36500.000	0.119
36510.000	0.118
36520.000	0.118
36530.000	0.116
36540.000	0.116
36550.000	0.115
36560.000	0.113
36570.000	0.113
36580.000	0.112
36590.000	0.110
36600.000	0.111
36610.000	0.111
36620.000	0.109
36630.000	0.109
36640.000	0.108
36650.000	0.108
36660.000	0.107
36670.000	0.107
36680.000	0.105
36690.000	0.105
36700.000	0.104
36710.000	0.103
36720.000	0.103
36730.000	0.102
36740.000	0.103
36750.000	0.102
36760.000	0.101
36770.000	0.100
36780.000	0.100
36790.000	0.100
36800.000	0.100
36810.000	0.099
36820.000	0.098
36830.000	0.099
36840.000	0.097
36850.000	0.096
36860.000	0.095
36870.000	0.095
36880.000	0.094
36890.000	0.093
36900.000	0.093
36910.000	0.093
36920.000	0.092
36930.000	0.092
36940.000	0.090
36950.000	0.089
36960.000	0.089
36970.000	0.090
36980.000	0.089
36990.000	0.087
37000.000	0.087
37010.000	0.087
37020.000	0.087
37030.000	0.086
37040.000	0.086
37050.000	0.085
37060.000	0.084
37070.000	0.083
37080.000	0.083
37090.000	0.083
37100.000	0.082
37110.000	0.083
37120.000	0.082
37130.000	0.082
37140.000	0.081
37150.000	0.080
37160.000	0.079
37170.000	0.079
37180.000	0.079
37190.000	0.079
37200.000	0.078
37210.000	0.077
37220.000	0.077
37230.000	0.076
37240.000	0.075
37250.000	0.075
37260.000	0.075
37270.000	0.074
37280.000	0.074
37290.000	0.073
37300.000	0.073
37310.000	0.073
37320.000	0.072
37330.000	0.071
37340.000	0.071
37350.000	0.070
37360.000	0.069
37370.000	0.069
37380.000	0.069
37390.000	0.069
37400.000	0.068
37410.000	0.068
37420.000	0.068
37430.000	0.068
37440.000	0.067
37450.000	0.067
37460.000	0.067
37470.000	0.065
37480.000	0.065
37490.000	0.065
37500.000	0.064
37510.000	0.064
37520.000	0.062
37530.000	0.062
37540.000	0.063
37550.000	0.062
37560.000	0.062
37570.000	0.061
37580.000	0.060
37590.000	0.060
37600.000	0.060
37610.000	0.061
37620.000	0.060
37630.000	0.059
37640.000	0.059
37650.000	0.059
37660.000	0.059
37670.000	0.058
37680.000	0.058
37690.000	0.057
37700.000	0.057
37710.000	0.056
37720.000	0.055
37730.000	0.056
37740.000	0.055
37750.000	0.055
37760.000	0.054
37770.000	0.054
37780.000	0.053
37790.000	0.053
37800.000	0.053
37810.000	0.054
37820.000	0.052
37830.000	0.053
37840.000	0.052
37850.000	0.052
37860.000	0.051
37870.000	0.051
37880.000	0.051
37890.000	0.050
37900.000	0.050
37910.000	0.049
37920.000	0.049
37930.000	0.049
37940.000	0.049
37950.000	0.049
37960.000	0.049
37970.000	0.047
37980.000	0.048
37990.000	0.047
38000.000	0.047
38010.000	0.046
38020.000	0.046
38030.000	0.047
38040.000	0.046
38050.000	0.046
38060.000	0.045
38070.000	0.044
38080.000	0.045
38090.000	0.044
38100.000	0.044
38110.000	0.043
38120.000	0.043
38130.000	0.043
38140.000	0.042
38150.000	0.042
38160.000	0.042
38170.000	0.042
38180.000	0.042
38190.000	0.042
38200.000	0.041
38210.000	0.041
38220.000	0.041
38230.000	0.040
38240.000	0.039
38250.000	0.040
38260.000	0.039
38270.000	0.040
38280.000	0.039
38290.000	0.039
38300.000	0.039
38310.000	0.039
38320.000	0.038
38330.000	0.038
38340.000	0.037
38350.000	0.037
38360.000	0.037
38370.000	0.037
38380.000	0.037
38390.000	0.037
38400.000	0.036
38410.000	0.036
38420.000	0.036
38430.000	0.036
38440.000	0.035
38450.000	0.035
38460.000	0.035
38470.000	0.035
38480.000	0.035
38490.000	0.035
38500.000	0.034
38510.000	0.034
38520.000	0.034
38530.000	0.033
38540.000	0.034
38550.000	0.033
38560.000	0.033
38570.000	0.032
38580.000	0.032
38590.000	0.032
38600.000	0.032
38610.000	0.032
38620.000	0.031
38630.000	0.030
38640.000	0.031
38650.000	0.031
38660.000	0.032
38670.000	0.031
38680.000	0.031
38690.000	0.030
38700.000	0.030
38710.000	0.029
38720.000	0.029
38730.000	0.030
38740.000	0.030
38750.000	0.029
38760.000	0.029
38770.000	0.029
38780.000	0.029
38790.000	0.028
38800.000	0.029
38810.000	0.028
38820.000	0.028
38830.000	0.028
38840.000	0.027
38850.000	0.027
38860.000	0.027
38870.000	0.027
38880.000	0.026
38890.000	0.026
38900.000	0.027
38910.000	0.026
38920.000	0.026
38930.000	0.026
38940.000	0.025
38950.000	0.025
38960.000	0.025
38970.000	0.025
38980.000	0.025
38990.000	0.025
39000.000	0.025
39010.000	0.025
39020.000	0.024
39030.000	0.024
39040.000	0.024
39050.000	0.024
39060.000	0.024
39070.000	0.024
39080.000	0.024
39090.000	0.023
39100.000	0.023
39110.000	0.022
39120.000	0.023
39130.000	0.022
39140.000	0.022
39150.000	0.022
39160.000	0.022
39170.000	0.022
39180.000	0.022
39190.000	0.021
39200.000	0.021
39210.000	0.021
39220.000	0.021
39230.000	0.021
39240.000	0.021
39250.000	0.021
39260.000	0.020
39270.000	0.020
39280.000	0.021
39290.000	0.020
39300.000	0.020
39310.000	0.020
39320.000	0.019
39330.000	0.019
39340.000	0.020
39350.000	0.020
39360.000	0.019
39370.000	0.019
39380.000	0.020
39390.000	0.019
39400.000	0.019
39410.000	0.019
39420.000	0.018
39430.000	0.018
39440.000	0.018
39450.000	0.018
39460.000	0.018
39470.000	0.017
39480.000	0.018
39490.000	0.018
39500.000	0.018
39510.000	0.018
39520.000	0.017
39530.000	0.018
39540.000	0.017
39550.000	0.017
39560.000	0.017
39570.000	0.017
39580.000	0.017
39590.000	0.017
39600.000	0.017
39610.000	0.016
39620.000	0.016
39630.000	0.016
39640.000	0.016
39650.000	0.015
39660.000	0.015
39670.000	0.016
39680.000	0.015
39690.000	0.014
39700.000	0.014
39710.000	0.015
39720.000	0.014
39730.000	0.015
39740.000	0.015
39750.000	0.015
39760.000	0.013
39770.000	0.014
39780.000	0.014
39790.000	0.014
39800.000	0.014
39810.000	0.014
39820.000	0.014
39830.000	0.014
39840.000	0.014
39850.000	0.013
39860.000	0.014
39870.000	0.014
39880.000	0.013
39890.000	0.013
39900.000	0.013
39910.000	0.013
39920.000	0.013
39930.000	0.013
39940.000	0.013
39950.000	0.012
39960.000	0.012
39970.000	0.012
39980.000	0.012
39990.000	0.012
40000.000	0.012
40010.000	0.012
40020.000	0.012
40030.000	0.012
40040.000	0.012
40050.000	0.012
40060.000	0.012
40070.000	0.012
40080.000	0.012
40090.000	0.011
40100.000	0.011
40110.000	0.011
40120.000	0.011
40130.000	0.011
40140.000	0.011
40150.000	0.010
40160.000	0.010
40170.000	0.011
40180.000	0.010
40190.000	0.010
40200.000	0.010
40210.000	0.009
40220.000	0.009
40230.000	0.009
40240.000	0.010
40250.000	0.010
40260.000	0.010
40270.000	0.009
40280.000	0.008
40290.000	0.009
40300.000	0.009
40310.000	0.008
40320.000	0.008
40330.000	0.009
40340.000	0.009
40350.000	0.008
40360.000	0.008
40370.000	0.008
40380.000	0.008
40390.000	0.008
40400.000	0.008
40410.000	0.008
40420.000	0.008
40430.000	0.008
40440.000	0.007
40450.000	0.008
40460.000	0.008
40470.000	0.007
40480.000	0.008
40490.000	0.007
40500.000	0.008
40510.000	0.008
40520.000	0.007
40530.000	0.007
40540.000	0.008
40550.000	0.007
40560.000	0.007
40570.000	0.008
40580.000	0.007
40590.000	0.007
40600.000	0.007
40610.000	0.008
40620.000	0.007
40630.000	0.007
40640.000	0.007
40650.000	0.007
40660.000	0.007
40670.000	0.007
40680.000	0.007
40690.000	0.007
40700.000	0.007
40710.000	0.007
40720.000	0.007
40730.000	0.007
40740.000	0.007
40750.000	0.007
40760.000	0.007
40770.000	0.007
40780.000	0.007
40790.000	0.007
40800.000	0.006
40810.000	0.006
40820.000	0.006
40830.000	0.006
40840.000	0.007
40850.000	0.007
40860.000	0.006
40870.000	0.006
40880.000	0.006
40890.000	0.006
40900.000	0.006
40910.000	0.006
40920.000	0.006
40930.000	0.006
40940.000	0.006
40950.000	0.006
40960.000	0.006
40970.000	0.005
40980.000	0.006
40990.000	0.006
41000.000	0.006
41010.000	0.005
41020.000	0.006
41030.000	0.006
41040.000	0.006
41050.000	0.005
41060.000	0.005
41070.000	0.005
41080.000	0.006
41090.000	0.006
41100.000	0.005
41110.000	0.005
41120.000	0.005
41130.000	0.005
41140.000	0.005
41150.000	0.005
41160.000	0.005
41170.000	0.005
41180.000	0.005
41190.000	0.004
41200.000	0.005
41210.000	0.005
41220.000	0.005
41230.000	0.005
41240.000	0.004
41250.000	0.005
41260.000	0.005
41270.000	0.004
41280.000	0.004
41290.000	0.004
41300.000	0.004
41310.000	0.004
41320.000	0.004
41330.000	0.004
41340.000	0.004
41350.000	0.004
41360.000	0.004
41370.000	0.004
41380.000	0.004
41390.000	0.004
41400.000	0.004
41410.000	0.003
41420.000	0.004
41430.000	0.003
41440.000	0.004
41450.000	0.004
41460.000	0.003
41470.000	0.004
41480.000	0.003
41490.000	0.003
41500.000	0.003
41510.000	0.003
41520.000	0.003
41530.000	0.003
41540.000	0.003
41550.000	0.003
41560.000	0.003
41570.000	0.003
41580.000	0.002
41590.000	0.003
41600.000	0.003
41610.000	0.003
41620.000	0.003
41630.000	0.003
41640.000	0.002
41650.000	0.002
41660.000	0.003
41670.000	0.003
41680.000	0.003
41690.000	0.002
41700.000	0.003
41710.000	0.002
41720.000	0.002
41730.000	0.002
41740.000	0.003
41750.000	0.002
41760.000	0.002
41770.000	0.002
41780.000	0.002
41790.000	0.002
41800.000	0.002
41810.000	0.002
41820.000	0.002
41830.000	0.002
41840.000	0.002
41850.000	0.002
41860.000	0.002
41870.000	0.002
41880.000	0.003
41890.000	0.002
41900.000	0.002
41910.000	0.002
41920.000	0.002
41930.000	0.002
41940.000	0.002
41950.000	0.002
41960.000	0.002
41970.000	0.002
41980.000	0.002
41990.000	0.001
42000.000	0.001
42010.000	0.001
42020.000	0.001
42030.000	0.002
42040.000	0.001
42050.000	0.002
42060.000	0.002
42070.000	0.002
42080.000	0.001
42090.000	0.001
42100.000	0.002
42110.000	0.001
42120.000	0.001
42130.000	0.001
42140.000	0.001
42150.000	0.001
42160.000	0.001
42170.000	0.001
42180.000	0.001
42190.000	0.001
42200.000	0.001
42210.000	0.001
42220.000	0.001
42230.000	0.001
42240.000	0.001
42250.000	0.002
42260.000	0.000
42270.000	0.001
42280.000	0.001
42290.000	0.001
42300.000	0.001
42310.000	0.000
42320.000	0.001
42330.000	0.001
42340.000	0.000
42350.000	0.000
42360.000	-0.000
42370.000	0.000
42380.000	0.000
42390.000	0.000
42400.000	0.001
42410.000	-0.000
42420.000	0.000
42430.000	-0.000
42440.000	0.000
42450.000	0.000
42460.000	0.000
42470.000	0.001
42480.000	0.000
42490.000	0.000
42500.000	0.000
42510.000	-0.000
42520.000	0.000
42530.000	-0.000
42540.000	0.000
42550.000	-0.000
42560.000	-0.000
42570.000	-0.000
42580.000	-0.000
42590.000	0.000
42600.000	0.000
42610.000	-0.001
42620.000	-0.000
42630.000	-0.000
42640.000	-0.000
42650.000	-0.000
42660.000	-0.000
42670.000	-0.000
42680.000	-0.001
42690.000	0.000
42700.000	-0.001
42710.000	-0.001
42720.000	-0.000
42730.000	-0.000
42740.000	-0.001
42750.000	-0.001
42760.000	-0.001
42770.000	-0.001
42780.000	-0.001
42790.000	-0.000
42800.000	-0.001
42810.000	-0.001
42820.000	-0.000
42830.000	-0.001
42840.000	-0.001
42850.000	-0.001
42860.000	-0.000
42870.000	-0.000
42880.000	-0.001
42890.000	-0.001
42900.000	-0.000
42910.000	-0.001
42920.000	-0.001
42930.000	-0.000
42940.000	-0.001
42950.000	-0.001
42960.000	-0.001
42970.000	-0.001
42980.000	-0.001
42990.000	-0.001
43000.000	-0.001
43010.000	-0.001
43020.000	-0.001
43030.000	-0.001
43040.000	-0.001
43050.000	-0.001
43060.000	-0.001
43070.000	-0.001
43080.000	-0.001
43090.000	-0.001
43100.000	-0.001
43110.000	-0.001
43120.000	-0.001
43130.000	-0.002
43140.000	-0.001
43150.000	-0.001
43160.000	-0.001
43170.000	-0.002
43180.000	-0.001
43190.000	-0.002
43200.000	-0.001
43210.000	-0.001
43220.000	-0.001
43230.000	-0.002
43240.000	-0.001
43250.000	-0.002
43260.000	-0.002
43270.000	-0.001
43280.000	-0.001
43290.000	-0.001
43300.000	-0.002
43310.000	-0.001
43320.000	-0.002
43330.000	-0.002
43340.000	-0.002
43350.000	-0.002
43360.000	-0.002
43370.000	-0.002
43380.000	-0.002
43390.000	-0.002
43400.000	-0.001
43410.000	-0.002
43420.000	-0.001
43430.000	-0.002
43440.000	-0.002
43450.000	-0.002
43460.000	-0.002
43470.000	-0.002
43480.000	-0.002
43490.000	-0.002
43500.000	-0.002
43510.000	-0.002
43520.000	-0.002
43530.000	-0.002
43540.000	-0.002
43550.000	-0.002
43560.000	-0.002
43570.000	-0.002
43580.000	-0.002
43590.000	-0.002
43600.000	-0.002
43610.000	-0.002
43620.000	-0.002
43630.000	-0.002
43640.000	-0.002
43650.000	-0.002
43660.000	-0.002
43670.000	-0.002
43680.000	-0.002
43690.000	-0.002
43700.000	-0.002
43710.000	-0.002
43720.000	-0.002
43730.000	-0.002
43740.000	-0.002
43750.000	-0.002
43760.000	-0.002
43770.000	-0.002
43780.000	-0.002
43790.000	-0.002
43800.000	-0.002
43810.000	-0.002
43820.000	-0.002
43830.000	-0.002
43840.000	-0.002
43850.000	-0.003
43860.000	-0.002
43870.000	-0.002
43880.000	-0.002
43890.000	-0.002
43900.000	-0.002
43910.000	-0.002
43920.000	-0.003
43930.000	-0.003
43940.000	-0.002
43950.000	-0.002
43960.000	-0.002
43970.000	-0.002
43980.000	-0.002
43990.000	-0.002
44000.000	-0.002
44010.000	-0.003
44020.000	-0.002
44030.000	-0.003
44040.000	-0.003
44050.000	-0.003
44060.000	-0.002
44070.000	-0.002
44080.000	-0.002
44090.000	-0.002
44100.000	-0.003
44110.000	-0.002
44120.000	-0.002
44130.000	-0.002
44140.000	-0.003
44150.000	-0.003
44160.000	-0.003
44170.000	-0.002
44180.000	-0.002
44190.000	-0.002
44200.000	-0.003
44210.000	-0.002
44220.000	-0.003
44230.000	-0.003
44240.000	-0.002
44250.000	-0.003
44260.000	-0.002
44270.000	-0.002
44280.000	-0.002
44290.000	-0.002
44300.000	-0.002
44310.000	-0.003
44320.000	-0.003
44330.000	-0.003
44340.000	-0.003
44350.000	-0.003
44360.000	-0.002
44370.000	-0.003
44380.000	-0.003
44390.000	-0.003
44400.000	-0.003
44410.000	-0.003
44420.000	-0.003
44430.000	-0.003
44440.000	-0.003
44450.000	-0.003
44460.000	-0.003
44470.000	-0.003
44480.000	-0.002
44490.000	-0.003
44500.000	-0.003
44510.000	-0.003
44520.000	-0.002
44530.000	-0.003
44540.000	-0.003
44550.000	-0.003
44560.000	-0.003
44570.000	-0.003
44580.000	-0.003
44590.000	-0.003
44600.000	-0.003
44610.000	-0.003
44620.000	-0.003
44630.000	-0.003
44640.000	-0.003
44650.000	-0.003
44660.000	-0.003
44670.000	-0.003
44680.000	-0.003
44690.000	-0.003
44700.000	-0.003
44710.000	-0.003
44720.000	-0.003
44730.000	-0.003
44740.000	-0.003
44750.000	-0.003
44760.000	-0.003
44770.000	-0.003
44780.000	-0.003
44790.000	-0.003
44800.000	-0.003
44810.000	-0.003
44820.000	-0.003
44830.000	-0.003
44840.000	-0.003
44850.000	-0.003
44860.000	-0.003
44870.000	-0.003
44880.000	-0.003
44890.000	-0.003
44900.000	-0.003
44910.000	-0.003
44920.000	-0.003
44930.000	-0.003
44940.000	-0.003
44950.000	-0.003
44960.000	-0.003
44970.000	-0.003
44980.000	-0.003
44990.000	-0.003
45000.000	-0.003
45010.000	-0.003
45020.000	-0.003
45030.000	-0.003
45040.000	-0.003
45050.000	-0.003
45060.000	-0.003
45070.000	-0.003
45080.000	-0.003
45090.000	-0.003
45100.000	-0.003
45110.000	-0.003
45120.000	-0.003
45130.000	-0.003
45140.000	-0.003
45150.000	-0.003
45160.000	-0.003
45170.000	-0.003
45180.000	-0.003
45190.000	-0.004
45200.000	-0.003
45210.000	-0.003
45220.000	-0.003
45230.000	-0.003
45240.000	-0.003
45250.000	-0.003
45260.000	-0.003
45270.000	-0.003
45280.000	-0.003
45290.000	-0.003
45300.000	-0.003
45310.000	-0.003
45320.000	-0.003
45330.000	-0.003
45340.000	-0.004
45350.000	-0.003
45360.000	-0.003
45370.000	-0.003
45380.000	-0.003
45390.000	-0.003
45400.000	-0.003
45410.000	-0.003
45420.000	-0.003
45430.000	-0.003
45440.000	-0.003
45450.000	-0.003
45460.000	-0.003
45470.000	-0.004
45480.000	-0.003
45490.000	-0.003
45500.000	-0.003
45510.000	-0.003
45520.000	-0.003
45530.000	-0.003
45540.000	-0.003
45550.000	-0.003
45560.000	-0.003
45570.000	-0.003
45580.000	-0.003
45590.000	-0.003
45600.000	-0.004
45610.000	-0.003
45620.000	-0.003
45630.000	-0.003
45640.000	-0.003
45650.000	-0.003
45660.000	-0.003
45670.000	-0.003
45680.000	-0.003
45690.000	-0.003
45700.000	-0.004
45710.000	-0.004
45720.000	-0.004
45730.000	-0.003
45740.000	-0.004
45750.000	-0.003
45760.000	-0.003
45770.000	-0.003
45780.000	-0.003
45790.000	-0.003
45800.000	-0.004
45810.000	-0.004
45820.000	-0.003
45830.000	-0.003
45840.000	-0.003
45850.000	-0.004
45860.000	-0.003
45870.000	-0.004
45880.000	-0.004
45890.000	-0.003
45900.000	-0.004
45910.000	-0.004
45920.000	-0.004
45930.000	-0.004
45940.000	-0.004
45950.000	-0.003
45960.000	-0.004
45970.000	-0.003
45980.000	-0.004
45990.000	-0.003
46000.000	-0.003
46010.000	-0.004
46020.000	-0.003
46030.000	-0.004
46040.000	-0.003
46050.000	-0.004
46060.000	-0.004
46070.000	-0.004
46080.000	-0.003
46090.000	-0.004
46100.000	-0.003
46110.000	-0.003
46120.000	-0.004
46130.000	-0.004
46140.000	-0.004
46150.000	-0.003
46160.000	-0.004
46170.000	-0.003
46180.000	-0.003
46190.000	-0.003
46200.000	-0.004
46210.000	-0.004
46220.000	-0.004
46230.000	-0.004
46240.000	-0.003
46250.000	-0.003
46260.000	-0.003
46270.000	-0.003
46280.000	-0.004
46290.000	-0.004
46300.000	-0.003
46310.000	-0.004
46320.000	-0.003
46330.000	-0.004
46340.000	-0.004
46350.000	-0.004
46360.000	-0.004
46370.000	-0.003
46380.000	-0.003
46390.000	-0.003
46400.000	-0.003
46410.000	-0.004
46420.000	-0.003
46430.000	-0.003
46440.000	-0.003
46450.000	-0.004
46460.000	-0.003
46470.000	-0.004
46480.000	-0.003
46490.000	-0.004
46500.000	-0.004
46510.000	-0.003
46520.000	-0.004
46530.000	-0.003
46540.000	-0.004
46550.000	-0.004
46560.000	-0.003
46570.000	-0.004
46580.000	-0.004
46590.000	-0.004
46600.000	-0.004
46610.000	-0.004
46620.000	-0.003
46630.000	-0.004
46640.000	-0.004
46650.000	-0.004
46660.000	-0.003
46670.000	-0.004
46680.000	-0.004
46690.000	-0.004
46700.000	-0.004
46710.000	-0.003
46720.000	-0.004
46730.000	-0.003
46740.000	-0.003
46750.000	-0.004
46760.000	-0.004
46770.000	-0.004
46780.000	-0.004
46790.000	-0.004
46800.000	-0.004
46810.000	-0.004
46820.000	-0.004
46830.000	-0.004
46840.000	-0.004
46850.000	-0.004
46860.000	-0.004
46870.000	-0.004
46880.000	-0.004
46890.000	-0.004
46900.000	-0.003
46910.000	-0.004
46920.000	-0.004
46930.000	-0.004
46940.000	-0.004
46950.000	-0.004
46960.000	-0.004
46970.000	-0.004
46980.000	-0.004
46990.000	-0.004
47000.000	-0.004
47010.000	-0.004
47020.000	-0.004
47030.000	-0.004
47040.000	-0.004
47050.000	-0.004
47060.000	-0.004
47070.000	-0.004
47080.000	-0.004
47090.000	-0.004
47100.000	-0.004
47110.000	-0.004
47120.000	-0.004
47130.000	-0.003
47140.000	-0.004
47150.000	-0.004
47160.000	-0.004
47170.000	-0.004
47180.000	-0.003
47190.000	-0.004
47200.000	-0.004
47210.000	-0.004
47220.000	-0.004
47230.000	-0.004
47240.000	-0.004
47250.000	-0.003
47260.000	-0.004
47270.000	-0.003
47280.000	-0.004
47290.000	-0.004
47300.000	-0.004
47310.000	-0.004
47320.000	-0.004
47330.000	-0.004
47340.000	-0.004
47350.000	-0.003
47360.000	-0.004
47370.000	-0.004
47380.000	-0.004
47390.000	-0.004
47400.000	-0.004
47410.000	-0.004
47420.000	-0.004
47430.000	-0.004
47440.000	-0.004
47450.000	-0.004
47460.000	-0.004
47470.000	-0.004
47480.000	-0.004
47490.000	-0.004
47500.000	-0.004
47510.000	-0.004
47520.000	-0.004
47530.000	-0.004
47540.000	-0.005
47550.000	-0.004
47560.000	-0.004
47570.000	-0.004
47580.000	-0.004
47590.000	-0.003
47600.000	-0.004
47610.000	-0.004
47620.000	-0.004
47630.000	-0.004
47640.000	-0.004
47650.000	-0.004
47660.000	-0.004
47670.000	-0.004
47680.000	-0.004
47690.000	-0.004
47700.000	-0.004
47710.000	-0.004
47720.000	-0.004
47730.000	-0.003
47740.000	-0.004
47750.000	-0.004
47760.000	-0.004
47770.000	-0.004
47780.000	-0.003
47790.000	-0.003
47800.000	-0.004
47810.000	-0.004
47820.000	-0.004
47830.000	-0.004
47840.000	-0.004
47850.000	-0.004
47860.000	-0.004
47870.000	-0.004
47880.000	-0.004
47890.000	-0.004
47900.000	-0.004
47910.000	-0.004
47920.000	-0.004
47930.000	-0.004
47940.000	-0.004
47950.000	-0.003
47960.000	-0.004
47970.000	-0.004
47980.000	-0.004
47990.000	-0.004
48000.000	-0.003
48010.000	-0.004
48020.000	-0.004
48030.000	-0.004
48040.000	-0.004
48050.000	-0.004
48060.000	-0.004
48070.000	-0.004
48080.000	-0.003
48090.000	-0.004
48100.000	-0.003
48110.000	-0.003
48120.000	-0.004
48130.000	-0.004
48140.000	-0.004
48150.000	-0.004
48160.000	-0.004
48170.000	-0.004
48180.000	-0.004
48190.000	-0.004
48200.000	-0.004
48210.000	-0.004
48220.000	-0.004
48230.000	-0.004
48240.000	-0.004
48250.000	-0.004
48260.000	-0.004
48270.000	-0.004
48280.000	-0.004
48290.000	-0.003
48300.000	-0.004
48310.000	-0.004
48320.000	-0.004
48330.000	-0.004
48340.000	-0.004
48350.000	-0.004
48360.000	-0.004
48370.000	-0.004
48380.000	-0.004
48390.000	-0.004
48400.000	-0.004
48410.000	-0.004
48420.000	-0.004
48430.000	-0.003
48440.000	-0.004
48450.000	-0.004
48460.000	-0.003
48470.000	-0.004
48480.000	-0.004
48490.000	-0.004
48500.000	-0.004
48510.000	-0.004
48520.000	-0.004
48530.000	-0.004
48540.000	-0.004
48550.000	-0.003
48560.000	-0.004
48570.000	-0.004
48580.000	-0.004
48590.000	-0.004
48600.000	-0.004
48610.000	-0.004
48620.000	-0.003
48630.000	-0.003
48637.000	-0.004
