Mass [amu]	Ion Current [A]
0.00	3.126971e-015
0.03	1.476277e-015
0.06	4.939755e-016
0.09	1.916093e-016
0.13	4.776241e-016
0.16	1.786914e-015
0.19	4.638209e-015
0.22	7.958311e-015
0.25	8.756101e-015
0.28	5.783983e-015
0.31	2.139793e-015
0.34	1.423215e-015
0.38	3.424653e-015
0.41	5.448162e-015
0.44	5.636272e-015
0.47	3.479599e-015
0.50	-1.368002e-015
0.53	-7.992953e-015
0.56	-1.229631e-014
0.59	-1.038887e-014
0.63	-4.470775e-015
0.66	1.126734e-016
0.69	1.998532e-015
0.72	2.160101e-015
0.75	1.952074e-015
0.78	8.836971e-015
0.81	3.811588e-014
0.84	1.067341e-013
0.88	2.273043e-013
0.91	4.036248e-013
0.94	6.253967e-013
0.97	8.655118e-013
1.00	1.086886e-012
1.03	1.260498e-012
1.06	1.381226e-012
1.09	1.464239e-012
1.13	1.525831e-012
1.16	1.569339e-012
1.19	1.587190e-012
1.22	1.571595e-012
1.25	1.520200e-012
1.28	1.434235e-012
1.31	1.316453e-012
1.34	1.169698e-012
1.38	9.933468e-013
1.41	7.862507e-013
1.44	5.664039e-013
1.47	3.942264e-013
1.50	3.710252e-013
1.53	6.130098e-013
1.56	1.234762e-012
1.59	2.364066e-012
1.63	4.169278e-012
1.66	6.797151e-012
1.69	1.011971e-011
1.72	1.357471e-011
1.75	1.655316e-011
1.78	1.891161e-011
1.81	2.084862e-011
1.84	2.249758e-011
1.88	2.387601e-011
1.91	2.502912e-011
1.94	2.604415e-011
1.97	2.697331e-011
2.00	2.780604e-011
2.03	2.850897e-011
2.06	2.906102e-011
2.09	2.943367e-011
2.13	2.955099e-011
2.16	2.928588e-011
2.19	2.850188e-011
2.22	2.714514e-011
2.25	2.536966e-011
2.28	2.352507e-011
2.31	2.184918e-011
2.34	2.017410e-011
2.38	1.806916e-011
2.41	1.522724e-011
2.44	1.170749e-011
2.47	7.966312e-012
2.50	4.650105e-012
2.53	2.230935e-012
2.56	7.946001e-013
2.59	1.135872e-013
2.63	-1.382428e-013
2.66	-2.103294e-013
2.69	-2.272680e-013
2.72	-2.303648e-013
2.75	-2.288634e-013
2.78	-2.258540e-013
2.81	-2.237236e-013
2.84	-2.233303e-013
2.88	-2.245019e-013
2.91	-2.268100e-013
2.94	-2.288817e-013
2.97	-2.280900e-013
3.00	-2.223692e-013
3.03	-2.128391e-013
3.06	-2.041172e-013
3.09	-2.009266e-013
3.13	-2.043853e-013
3.16	-2.117645e-013
3.19	-2.186221e-013
3.22	-2.215517e-013
3.25	-2.190536e-013
3.28	-2.072999e-013
3.31	-1.751141e-013
3.34	-1.046121e-013
3.38	2.345623e-014
3.41	2.217561e-013
3.44	4.880778e-013
3.47	8.033970e-013
3.50	1.138412e-012
3.53	1.463504e-012
3.56	1.758527e-012
3.59	2.017064e-012
3.63	2.241270e-012
3.66	2.436069e-012
3.69	2.608091e-012
3.72	2.760949e-012
3.75	2.889128e-012
3.78	2.984540e-012
3.81	3.047801e-012
3.84	3.086263e-012
3.88	3.105872e-012
3.91	3.109769e-012
3.94	3.100539e-012
3.97	3.080058e-012
4.00	3.046999e-012
4.03	2.996475e-012
4.06	2.924454e-012
4.09	2.830932e-012
4.13	2.715653e-012
4.16	2.573944e-012
4.19	2.405269e-012
4.22	2.227859e-012
4.25	2.071930e-012
4.28	1.948506e-012
4.31	1.835275e-012
4.34	1.698576e-012
4.38	1.516979e-012
4.41	1.281420e-012
4.44	9.886629e-013
4.47	6.512614e-013
4.50	3.152071e-013
4.53	4.603189e-014
4.56	-1.190659e-013
4.59	-1.947774e-013
4.63	-2.218359e-013
4.66	-2.324720e-013
4.69	-2.392758e-013
4.72	-2.421895e-013
4.75	-2.391588e-013
4.78	-2.321254e-013
4.81	-2.257947e-013
4.84	-2.232054e-013
4.88	-2.240617e-013
4.91	-2.264673e-013
4.94	-2.287511e-013
4.97	-2.299663e-013
5.00	-2.298180e-013
5.03	-2.286932e-013
5.06	-2.279383e-013
5.09	-2.290525e-013
5.13	-2.317251e-013
5.16	-2.336650e-013
5.19	-2.333447e-013
5.22	-2.319455e-013
5.25	-2.312645e-013
5.28	-2.311609e-013
5.31	-2.308802e-013
5.34	-2.309792e-013
5.38	-2.316279e-013
5.41	-2.309681e-013
5.44	-2.276929e-013
5.47	-2.240918e-013
5.50	-2.241479e-013
5.53	-2.289727e-013
5.56	-2.363752e-013
5.59	-2.436483e-013
5.63	-2.484693e-013
5.66	-2.483517e-013
5.69	-2.414403e-013
5.72	-2.295783e-013
5.75	-2.194720e-013
5.78	-2.175638e-013
5.81	-2.240903e-013
5.84	-2.338846e-013
5.88	-2.416369e-013
5.91	-2.447663e-013
5.94	-2.431794e-013
5.97	-2.392662e-013
6.00	-2.369063e-013
6.03	-2.376996e-013
6.06	-2.390603e-013
6.09	-2.381126e-013
6.13	-2.359582e-013
6.16	-2.351665e-013
6.19	-2.354102e-013
6.22	-2.351585e-013
6.25	-2.346814e-013
6.28	-2.344337e-013
6.31	-2.337485e-013
6.34	-2.330477e-013
6.38	-2.337204e-013
6.41	-2.350612e-013
6.44	-2.348352e-013
6.47	-2.325641e-013
6.50	-2.296855e-013
6.53	-2.271906e-013
6.56	-2.244741e-013
6.59	-2.201127e-013
6.63	-2.138883e-013
6.66	-2.074595e-013
6.69	-2.026544e-013
6.72	-2.001958e-013
6.75	-1.992252e-013
6.78	-1.978921e-013
6.81	-1.956618e-013
6.84	-1.941927e-013
6.88	-1.949808e-013
6.91	-1.968654e-013
6.94	-1.971058e-013
6.97	-1.943201e-013
7.00	-1.892095e-013
7.03	-1.839082e-013
7.06	-1.816941e-013
7.09	-1.847533e-013
7.13	-1.903963e-013
7.16	-1.928479e-013
7.19	-1.910235e-013
7.22	-1.902498e-013
7.25	-1.948049e-013
7.28	-2.030308e-013
7.31	-2.105211e-013
7.34	-2.148081e-013
7.38	-2.158452e-013
7.41	-2.144163e-013
7.44	-2.124224e-013
7.47	-2.128437e-013
7.50	-2.167399e-013
7.53	-2.219809e-013
7.56	-2.260483e-013
7.59	-2.280657e-013
7.63	-2.282025e-013
7.66	-2.263934e-013
7.69	-2.224633e-013
7.72	-2.184014e-013
7.75	-2.181077e-013
7.78	-2.222615e-013
7.81	-2.266490e-013
7.84	-2.274451e-013
7.88	-2.248142e-013
7.91	-2.209722e-013
7.94	-2.167524e-013
7.97	-2.113310e-013
8.00	-2.061372e-013
8.03	-2.050547e-013
8.06	-2.079998e-013
8.09	-2.106963e-013
8.13	-2.119886e-013
8.16	-2.139934e-013
8.19	-2.167028e-013
8.22	-2.185927e-013
8.25	-2.193090e-013
8.28	-2.193472e-013
8.31	-2.205317e-013
8.34	-2.244819e-013
8.38	-2.287912e-013
8.41	-2.295003e-013
8.44	-2.266408e-013
8.47	-2.230147e-013
8.50	-2.196198e-013
8.53	-2.158987e-013
8.56	-2.128995e-013
8.59	-2.130902e-013
8.63	-2.174301e-013
8.66	-2.243343e-013
8.69	-2.309934e-013
8.72	-2.350611e-013
8.75	-2.360898e-013
8.78	-2.352653e-013
8.81	-2.332810e-013
8.84	-2.298822e-013
8.88	-2.256778e-013
8.91	-2.223337e-013
8.94	-2.209052e-013
8.97	-2.215759e-013
9.00	-2.239471e-013
9.03	-2.266904e-013
9.06	-2.279909e-013
9.09	-2.266176e-013
9.13	-2.232974e-013
9.16	-2.204606e-013
9.19	-2.187976e-013
9.22	-2.165258e-013
9.25	-2.137876e-013
9.28	-2.136245e-013
9.31	-2.171926e-013
9.34	-2.217863e-013
9.38	-2.244509e-013
9.41	-2.251525e-013
9.44	-2.256372e-013
9.47	-2.264227e-013
9.50	-2.266865e-013
9.53	-2.264570e-013
9.56	-2.260582e-013
9.59	-2.247579e-013
9.63	-2.224850e-013
9.66	-2.208558e-013
9.69	-2.216623e-013
9.72	-2.252336e-013
9.75	-2.297618e-013
9.78	-2.326190e-013
9.81	-2.325058e-013
9.84	-2.295609e-013
9.88	-2.247593e-013
9.91	-2.199069e-013
9.94	-2.161746e-013
9.97	-2.129240e-013
10.00	-2.101938e-013
10.03	-2.101028e-013
10.06	-2.130999e-013
10.09	-2.165483e-013
10.13	-2.185007e-013
10.16	-2.191706e-013
10.19	-2.194668e-013
10.22	-2.201544e-013
10.25	-2.212271e-013
10.28	-2.222921e-013
10.31	-2.233736e-013
10.34	-2.243483e-013
10.38	-2.253285e-013
10.41	-2.273358e-013
10.44	-2.305518e-013
10.47	-2.336748e-013
10.50	-2.356613e-013
10.53	-2.360657e-013
10.56	-2.348345e-013
10.59	-2.327603e-013
10.63	-2.307823e-013
10.66	-2.295493e-013
10.69	-2.296442e-013
10.72	-2.302056e-013
10.75	-2.284372e-013
10.78	-2.225754e-013
10.81	-2.150210e-013
10.84	-2.113371e-013
10.88	-2.144815e-013
10.91	-2.209108e-013
10.94	-2.249707e-013
10.97	-2.251954e-013
11.00	-2.238088e-013
11.03	-2.228979e-013
11.06	-2.231210e-013
11.09	-2.241228e-013
11.13	-2.252918e-013
11.16	-2.261100e-013
11.19	-2.255395e-013
11.22	-2.227274e-013
11.25	-2.183082e-013
11.28	-2.134870e-013
11.31	-2.094361e-013
11.34	-2.075600e-013
11.38	-2.081568e-013
11.41	-2.100956e-013
11.44	-2.115121e-013
11.47	-2.078589e-013
11.50	-1.913767e-013
11.53	-1.556961e-013
11.56	-1.001166e-013
11.59	-3.099237e-014
11.63	3.962020e-014
11.66	1.011828e-013
11.69	1.507319e-013
11.72	1.883638e-013
11.75	2.129459e-013
11.78	2.266765e-013
11.81	2.363313e-013
11.84	2.466587e-013
11.88	2.569236e-013
11.91	2.641477e-013
11.94	2.667920e-013
11.97	2.650805e-013
12.00	2.586542e-013
12.03	2.462827e-013
12.06	2.290916e-013
12.09	2.102868e-013
12.13	1.912330e-013
12.16	1.714154e-013
12.19	1.516192e-013
12.22	1.339589e-013
12.25	1.184722e-013
12.28	1.019869e-013
12.31	8.123801e-014
12.34	5.557013e-014
12.38	2.625017e-014
12.41	-5.809903e-015
12.44	-4.177706e-014
12.47	-8.310283e-014
12.50	-1.260060e-013
12.53	-1.613896e-013
12.56	-1.840969e-013
12.59	-1.979446e-013
12.63	-2.083624e-013
12.66	-2.151348e-013
12.69	-2.158559e-013
12.72	-2.116973e-013
12.75	-2.059273e-013
12.78	-1.999201e-013
12.81	-1.934914e-013
12.84	-1.874773e-013
12.88	-1.835986e-013
12.91	-1.823797e-013
12.94	-1.826548e-013
12.97	-1.826316e-013
13.00	-1.805754e-013
13.03	-1.749265e-013
13.06	-1.653536e-013
13.09	-1.543254e-013
13.13	-1.465247e-013
13.16	-1.451331e-013
13.19	-1.479800e-013
13.22	-1.486631e-013
13.25	-1.423792e-013
13.28	-1.291302e-013
13.31	-1.113440e-013
13.34	-8.806488e-014
13.38	-4.156882e-014
13.41	1.009811e-013
13.44	5.677883e-013
13.47	1.911367e-012
13.50	5.069420e-012
13.53	1.096333e-011
13.56	1.966366e-011
13.59	2.997948e-011
13.63	4.014725e-011
13.66	4.891220e-011
13.69	5.589477e-011
13.72	6.124474e-011
13.75	6.524341e-011
13.78	6.813917e-011
13.81	7.012017e-011
13.84	7.132984e-011
13.88	7.190681e-011
13.91	7.202160e-011
13.94	7.185640e-011
13.97	7.150883e-011
14.00	7.091517e-011
14.03	6.991045e-011
14.06	6.836404e-011
14.09	6.620918e-011
14.13	6.336342e-011
14.16	5.978945e-011
14.19	5.578820e-011
14.22	5.206082e-011
14.25	4.914253e-011
14.28	4.682451e-011
14.31	4.437288e-011
14.34	4.117729e-011
14.38	3.699571e-011
14.41	3.176439e-011
14.44	2.550341e-011
14.47	1.857237e-011
14.50	1.188941e-011
14.53	6.544854e-012
14.56	3.076729e-012
14.59	1.260663e-012
14.63	5.040202e-013
14.66	2.673166e-013
14.69	2.232130e-013
14.72	2.293085e-013
14.75	2.432858e-013
14.78	2.557429e-013
14.81	2.633466e-013
14.84	2.665215e-013
14.88	2.678106e-013
14.91	2.668064e-013
14.94	2.600889e-013
14.97	2.461860e-013
15.00	2.276591e-013
15.03	2.084746e-013
15.06	1.914970e-013
15.09	1.777124e-013
15.13	1.653951e-013
15.16	1.503429e-013
15.19	1.297352e-013
15.22	1.065196e-013
15.25	8.775164e-014
15.28	7.769805e-014
15.31	7.357834e-014
15.34	6.952323e-014
15.38	6.786647e-014
15.41	9.395644e-014
15.44	2.192628e-013
15.47	5.984883e-013
15.50	1.493796e-012
15.53	3.226816e-012
15.56	5.985706e-012
15.59	9.497709e-012
15.63	1.295810e-011
15.66	1.562156e-011
15.69	1.740636e-011
15.72	1.866152e-011
15.75	1.963531e-011
15.78	2.038651e-011
15.81	2.092241e-011
15.84	2.125424e-011
15.88	2.140751e-011
15.91	2.143186e-011
15.94	2.138049e-011
15.97	2.126792e-011
16.00	2.106275e-011
16.03	2.072645e-011
16.06	2.023660e-011
16.09	1.956600e-011
16.13	1.867012e-011
16.16	1.754704e-011
16.19	1.633049e-011
16.22	1.524936e-011
16.25	1.441669e-011
16.28	1.370179e-011
16.31	1.285991e-011
16.34	1.176056e-011
16.38	1.045851e-011
16.41	9.033029e-012
16.44	7.436617e-012
16.47	5.619641e-012
16.50	3.747983e-012
16.53	2.166305e-012
16.56	1.144198e-012
16.59	7.015874e-013
16.63	6.575344e-013
16.66	7.945166e-013
16.69	9.690314e-013
16.72	1.120233e-012
16.75	1.232994e-012
16.78	1.309408e-012
16.81	1.358098e-012
16.84	1.388946e-012
16.88	1.408343e-012
16.91	1.419031e-012
16.94	1.422977e-012
16.97	1.421428e-012
17.00	1.413076e-012
17.03	1.394831e-012
17.06	1.364303e-012
17.09	1.320605e-012
17.13	1.263092e-012
17.16	1.190538e-012
17.19	1.104775e-012
17.22	1.016399e-012
17.25	9.414209e-013
17.28	8.873915e-013
17.31	8.448338e-013
17.34	7.938979e-013
17.38	7.182553e-013
17.41	6.148883e-013
17.44	4.952729e-013
17.47	3.871774e-013
17.50	3.458437e-013
17.53	4.508345e-013
17.56	7.645667e-013
17.59	1.283717e-012
17.63	1.933033e-012
17.66	2.602793e-012
17.69	3.196831e-012
17.72	3.666960e-012
17.75	4.017935e-012
17.78	4.279663e-012
17.81	4.474570e-012
17.84	4.609519e-012
17.88	4.688596e-012
17.91	4.723671e-012
17.94	4.730224e-012
17.97	4.717662e-012
18.00	4.685284e-012
18.03	4.625751e-012
18.06	4.534378e-012
18.09	4.413843e-012
18.13	4.265250e-012
18.16	4.078792e-012
18.19	3.845434e-012
18.22	3.583574e-012
18.25	3.340110e-012
18.28	3.147736e-012
18.31	2.989253e-012
18.34	2.816389e-012
18.38	2.592238e-012
18.41	2.305333e-012
18.44	1.955221e-012
18.47	1.542096e-012
18.50	1.079151e-012
18.53	6.149041e-013
18.56	2.274396e-013
18.59	-2.552624e-014
18.63	-1.482603e-013
18.66	-1.885855e-013
18.69	-1.930578e-013
18.72	-1.878904e-013
18.75	-1.836120e-013
18.78	-1.833480e-013
18.81	-1.873083e-013
18.84	-1.936420e-013
18.88	-2.000161e-013
18.91	-2.053607e-013
18.94	-2.082940e-013
18.97	-2.064961e-013
19.00	-1.992265e-013
19.03	-1.884992e-013
19.06	-1.781377e-013
19.09	-1.720016e-013
19.13	-1.716589e-013
19.16	-1.755512e-013
19.19	-1.808373e-013
19.22	-1.857424e-013
19.25	-1.900350e-013
19.28	-1.930712e-013
19.31	-1.921868e-013
19.34	-1.856124e-013
19.38	-1.751491e-013
19.41	-1.587736e-013
19.44	-1.130866e-013
19.47	2.470240e-014
19.50	3.551933e-013
19.53	9.699481e-013
19.56	1.873893e-012
19.59	2.952265e-012
19.63	4.031195e-012
19.66	4.975949e-012
19.69	5.735642e-012
19.72	6.319645e-012
19.75	6.756610e-012
19.78	7.073384e-012
19.81	7.291980e-012
19.84	7.429878e-012
19.88	7.500485e-012
19.91	7.517039e-012
19.94	7.493980e-012
19.97	7.440549e-012
20.00	7.355620e-012
20.03	7.231273e-012
20.06	7.059894e-012
20.09	6.834441e-012
20.13	6.541020e-012
20.16	6.168565e-012
20.19	5.746909e-012
20.22	5.355079e-012
20.25	5.055271e-012
20.28	4.827525e-012
20.31	4.590635e-012
20.34	4.270921e-012
20.38	3.835981e-012
20.41	3.282359e-012
20.44	2.619829e-012
20.47	1.881868e-012
20.50	1.149325e-012
20.53	5.379010e-013
20.56	1.292564e-013
20.59	-8.305563e-014
20.63	-1.669498e-013
20.66	-1.906023e-013
20.69	-1.942491e-013
20.72	-1.946648e-013
20.75	-1.964578e-013
20.78	-1.992946e-013
20.81	-2.018401e-013
20.84	-2.038619e-013
20.88	-2.055231e-013
20.91	-2.060657e-013
20.94	-2.050267e-013
20.97	-2.037132e-013
21.00	-2.035946e-013
21.03	-2.041864e-013
21.06	-2.041489e-013
21.09	-2.036976e-013
21.13	-2.049095e-013
21.16	-2.092342e-013
21.19	-2.147504e-013
21.22	-2.175245e-013
21.25	-2.161547e-013
21.28	-2.127746e-013
21.31	-2.098942e-013
21.34	-2.088484e-013
21.38	-2.097839e-013
21.41	-2.110474e-013
21.44	-2.105969e-013
21.47	-2.084684e-013
21.50	-2.061618e-013
21.53	-2.036548e-013
21.56	-1.985663e-013
21.59	-1.896721e-013
21.63	-1.797740e-013
21.66	-1.727025e-013
21.69	-1.691701e-013
21.72	-1.674705e-013
21.75	-1.658645e-013
21.78	-1.633481e-013
21.81	-1.595207e-013
21.84	-1.537942e-013
21.88	-1.463392e-013
21.91	-1.402253e-013
21.94	-1.389789e-013
21.97	-1.422824e-013
22.00	-1.464885e-013
22.03	-1.484007e-013
22.06	-1.484857e-013
22.09	-1.498376e-013
22.13	-1.533870e-013
22.16	-1.576761e-013
22.19	-1.629951e-013
22.22	-1.705887e-013
22.25	-1.792017e-013
22.28	-1.858719e-013
22.31	-1.884667e-013
22.34	-1.871538e-013
22.38	-1.849130e-013
22.41	-1.850869e-013
22.44	-1.883134e-013
22.47	-1.934840e-013
22.50	-1.993191e-013
22.53	-2.041512e-013
22.56	-2.073007e-013
22.59	-2.097648e-013
22.63	-2.117628e-013
22.66	-2.123432e-013
22.69	-2.112741e-013
22.72	-2.092992e-013
22.75	-2.080395e-013
22.78	-2.086851e-013
22.81	-2.100545e-013
22.84	-2.109750e-013
22.88	-2.130100e-013
22.91	-2.171690e-013
22.94	-2.200717e-013
22.97	-2.172100e-013
23.00	-2.093566e-013
23.03	-2.021879e-013
23.06	-1.995447e-013
23.09	-2.006083e-013
23.13	-2.036317e-013
23.16	-2.082164e-013
23.19	-2.132432e-013
23.22	-2.165848e-013
23.25	-2.175658e-013
23.28	-2.171333e-013
23.31	-2.159597e-013
23.34	-2.136888e-013
23.38	-2.101871e-013
23.41	-2.069454e-013
23.44	-2.056132e-013
23.47	-2.055132e-013
23.50	-2.043537e-013
23.53	-2.009615e-013
23.56	-1.963966e-013
23.59	-1.928648e-013
23.63	-1.916385e-013
23.66	-1.921082e-013
23.69	-1.930247e-013
23.72	-1.936086e-013
23.75	-1.932274e-013
23.78	-1.918385e-013
23.81	-1.909012e-013
23.84	-1.919779e-013
23.88	-1.952008e-013
23.91	-2.000556e-013
23.94	-2.056678e-013
23.97	-2.103498e-013
24.00	-2.128446e-013
24.03	-2.129787e-013
24.06	-2.103657e-013
24.09	-2.053890e-013
24.13	-2.015001e-013
24.16	-2.026534e-013
24.19	-2.087033e-013
24.22	-2.157688e-013
24.25	-2.194861e-013
24.28	-2.174472e-013
24.31	-2.112962e-013
24.34	-2.058814e-013
24.38	-2.042796e-013
24.41	-2.053860e-013
24.44	-2.073438e-013
24.47	-2.104241e-013
24.50	-2.148329e-013
24.53	-2.184652e-013
24.56	-2.192306e-013
24.59	-2.170939e-013
24.63	-2.127037e-013
24.66	-2.064592e-013
24.69	-1.992101e-013
24.72	-1.929397e-013
24.75	-1.898625e-013
24.78	-1.904658e-013
24.81	-1.933158e-013
24.84	-1.962401e-013
24.88	-1.969592e-013
24.91	-1.938964e-013
24.94	-1.875215e-013
24.97	-1.804954e-013
25.00	-1.762360e-013
25.03	-1.776173e-013
25.06	-1.854507e-013
25.09	-1.962206e-013
25.13	-2.037862e-013
25.16	-2.060195e-013
25.19	-2.059167e-013
25.22	-2.052504e-013
25.25	-2.035574e-013
25.28	-2.021850e-013
25.31	-2.030202e-013
25.34	-2.054828e-013
25.38	-2.083255e-013
25.41	-2.114306e-013
25.44	-2.138931e-013
25.47	-2.136291e-013
25.50	-2.103519e-013
25.53	-2.057664e-013
25.56	-1.996719e-013
25.59	-1.897204e-013
25.63	-1.767060e-013
25.66	-1.652762e-013
25.69	-1.577095e-013
25.72	-1.517000e-013
25.75	-1.444813e-013
25.78	-1.358551e-013
25.81	-1.276852e-013
25.84	-1.216666e-013
25.88	-1.178466e-013
25.91	-1.155632e-013
25.94	-1.146579e-013
25.97	-1.149150e-013
26.00	-1.161456e-013
26.03	-1.188931e-013
26.06	-1.226913e-013
26.09	-1.253717e-013
26.13	-1.260357e-013
26.16	-1.265648e-013
26.19	-1.295956e-013
26.22	-1.351677e-013
26.25	-1.396530e-013
26.28	-1.403946e-013
26.31	-1.397484e-013
26.34	-1.414910e-013
26.38	-1.465106e-013
26.41	-1.537007e-013
26.44	-1.612525e-013
26.47	-1.674592e-013
26.50	-1.727213e-013
26.53	-1.780722e-013
26.56	-1.810691e-013
26.59	-1.774289e-013
26.63	-1.667755e-013
26.66	-1.529875e-013
26.69	-1.389444e-013
26.72	-1.248046e-013
26.75	-1.119776e-013
26.78	-1.034739e-013
26.81	-9.904910e-014
26.84	-9.476843e-014
26.88	-8.735336e-014
26.91	-7.623442e-014
26.94	-6.271894e-014
26.97	-4.806809e-014
27.00	-3.159375e-014
27.03	-1.197382e-014
27.06	1.024647e-014
27.09	3.493041e-014
27.13	6.524601e-014
27.16	1.046575e-013
27.19	1.538367e-013
27.22	2.135186e-013
27.25	2.882167e-013
27.28	3.884058e-013
27.31	5.335801e-013
27.34	7.547350e-013
27.38	1.111337e-012
27.41	1.807571e-012
27.44	3.672833e-012
27.47	9.437004e-012
27.50	2.557484e-011
27.53	6.251502e-011
27.56	1.303292e-010
27.59	2.310422e-010
27.63	3.541144e-010
27.66	4.807524e-010
27.69	5.941922e-010
27.72	6.865362e-010
27.75	7.576225e-010
27.78	8.105359e-010
27.81	8.489178e-010
27.84	8.761287e-010
27.88	8.946732e-010
27.91	9.059175e-010
27.94	9.106497e-010
27.97	9.098882e-010
28.00	9.047663e-010
28.03	8.956315e-010
28.06	8.819126e-010
28.09	8.630624e-010
28.13	8.387455e-010
28.16	8.076806e-010
28.19	7.679246e-010
28.22	7.209003e-010
28.25	6.743103e-010
28.28	6.364171e-010
28.31	6.068328e-010
28.34	5.765831e-010
28.38	5.365055e-010
28.41	4.827799e-010
28.44	4.156072e-010
28.47	3.359369e-010
28.50	2.466986e-010
28.53	1.577751e-010
28.56	8.466034e-011
28.59	3.773126e-011
28.63	1.503150e-011
28.66	7.073924e-012
28.69	5.344083e-012
28.72	5.456129e-012
28.75	5.887949e-012
28.78	6.267595e-012
28.81	6.547363e-012
28.84	6.744820e-012
28.88	6.878053e-012
28.91	6.955822e-012
28.94	6.983570e-012
28.97	6.968078e-012
29.00	6.916384e-012
29.03	6.833391e-012
29.06	6.720308e-012
29.09	6.574491e-012
29.13	6.388077e-012
29.16	6.143762e-012
29.19	5.825214e-012
29.22	5.451330e-012
29.25	5.088067e-012
29.28	4.796887e-012
29.31	4.573961e-012
29.34	4.356410e-012
29.38	4.077086e-012
29.41	3.700679e-012
29.44	3.227116e-012
29.47	2.694670e-012
29.50	2.200049e-012
29.53	1.910397e-012
29.56	2.013140e-012
29.59	2.596548e-012
29.63	3.566156e-012
29.66	4.701919e-012
29.69	5.796468e-012
29.72	6.731823e-012
29.75	7.467543e-012
29.78	8.009192e-012
29.81	8.387571e-012
29.84	8.640567e-012
29.88	8.799969e-012
29.91	8.887207e-012
29.94	8.915709e-012
29.97	8.895656e-012
30.00	8.833665e-012
30.03	8.729200e-012
30.06	8.578893e-012
30.09	8.383128e-012
30.13	8.139381e-012
30.16	7.830758e-012
30.19	7.437355e-012
30.22	6.976679e-012
30.25	6.521643e-012
30.28	6.144609e-012
30.31	5.843778e-012
30.34	5.547084e-012
30.38	5.176009e-012
30.41	4.685103e-012
30.44	4.055264e-012
30.47	3.283386e-012
30.50	2.404608e-012
30.53	1.522086e-012
30.56	7.796771e-013
30.59	2.764770e-013
30.63	9.079342e-015
30.66	-1.007725e-013
30.69	-1.353337e-013
30.72	-1.413025e-013
30.75	-1.380889e-013
30.78	-1.355529e-013
30.81	-1.369577e-013
30.84	-1.391914e-013
30.88	-1.385447e-013
30.91	-1.342658e-013
30.94	-1.277303e-013
30.97	-1.211072e-013
31.00	-1.164956e-013
31.03	-1.146223e-013
31.06	-1.134912e-013
31.09	-1.100000e-013
31.13	-1.033817e-013
31.16	-9.501158e-014
31.19	-8.498052e-014
31.22	-7.012000e-014
31.25	-4.582460e-014
31.28	-9.322639e-015
31.31	4.093447e-014
31.34	1.098019e-013
31.38	2.138128e-013
31.41	4.229989e-013
31.44	1.029459e-012
31.47	2.940817e-012
31.50	8.069006e-012
31.53	1.891896e-011
31.56	3.696898e-011
31.59	6.111310e-011
31.63	8.789241e-011
31.66	1.133682e-010
31.69	1.349571e-010
31.72	1.519444e-010
31.75	1.647874e-010
31.78	1.742317e-010
31.81	1.809019e-010
31.84	1.852875e-010
31.88	1.878160e-010
31.91	1.888543e-010
31.94	1.887015e-010
31.97	1.875913e-010
32.00	1.856151e-010
32.03	1.827097e-010
32.06	1.788628e-010
32.09	1.741828e-010
32.13	1.685426e-010
32.16	1.613388e-010
32.19	1.522072e-010
32.22	1.421828e-010
32.25	1.333123e-010
32.28	1.265413e-010
32.31	1.206836e-010
32.34	1.137490e-010
32.38	1.045406e-010
32.41	9.284963e-011
32.44	7.880076e-011
32.47	6.250276e-011
32.50	4.466787e-011
32.53	2.751127e-011
32.56	1.402793e-011
32.59	5.760230e-012
32.63	1.872235e-012
32.66	4.642232e-013
32.69	6.664743e-014
32.72	-1.909733e-014
32.75	-3.023956e-014
32.78	-2.874795e-014
32.81	-2.585627e-014
32.84	-2.235855e-014
32.88	-1.897575e-014
32.91	-1.576801e-014
32.94	-1.214840e-014
32.97	-8.728491e-015
33.00	-7.065810e-015
33.03	-9.144018e-015
33.06	-1.580328e-014
33.09	-2.532550e-014
33.13	-3.658179e-014
33.16	-5.011530e-014
33.19	-6.389973e-014
33.22	-7.323797e-014
33.25	-7.594558e-014
33.28	-7.486636e-014
33.31	-7.522150e-014
33.34	-7.993968e-014
33.38	-8.794979e-014
33.41	-9.718358e-014
33.44	-1.073100e-013
33.47	-1.177870e-013
33.50	-1.234680e-013
33.53	-1.126922e-013
33.56	-7.221595e-014
33.59	2.422842e-015
33.63	1.014902e-013
33.66	2.073085e-013
33.69	3.046304e-013
33.72	3.852067e-013
33.75	4.473070e-013
33.78	4.935395e-013
33.81	5.277550e-013
33.84	5.533601e-013
33.88	5.720353e-013
33.91	5.823301e-013
33.94	5.825248e-013
33.97	5.742908e-013
34.00	5.610580e-013
34.03	5.454445e-013
34.06	5.292092e-013
34.09	5.127457e-013
34.13	4.943129e-013
34.16	4.712184e-013
34.19	4.422053e-013
34.22	4.087745e-013
34.25	3.741879e-013
34.28	3.416361e-013
34.31	3.125181e-013
34.34	2.845784e-013
34.38	2.525870e-013
34.41	2.119826e-013
34.44	1.603644e-013
34.47	9.650708e-014
34.50	2.217229e-014
34.53	-5.460664e-014
34.56	-1.208822e-013
34.59	-1.655132e-013
34.63	-1.859865e-013
34.66	-1.892086e-013
34.69	-1.853987e-013
34.72	-1.820582e-013
34.75	-1.826745e-013
34.78	-1.866569e-013
34.81	-1.911296e-013
34.84	-1.953168e-013
34.88	-1.997340e-013
34.91	-2.018260e-013
34.94	-1.982114e-013
34.97	-1.902023e-013
35.00	-1.829073e-013
35.03	-1.796238e-013
35.06	-1.793278e-013
35.09	-1.796939e-013
35.13	-1.807732e-013
35.16	-1.839742e-013
35.19	-1.888499e-013
35.22	-1.932290e-013
35.25	-1.953171e-013
35.28	-1.945663e-013
35.31	-1.922941e-013
35.34	-1.913612e-013
35.38	-1.935160e-013
35.41	-1.973915e-013
35.44	-1.997223e-013
35.47	-1.982263e-013
35.50	-1.924507e-013
35.53	-1.813483e-013
35.56	-1.622293e-013
35.59	-1.340485e-013
35.63	-9.973901e-014
35.66	-6.390174e-014
35.69	-3.091510e-014
35.72	-5.041045e-015
35.75	1.162917e-014
35.78	2.051159e-014
35.81	2.435503e-014
35.84	2.591585e-014
35.88	2.800406e-014
35.91	3.215610e-014
35.94	3.753272e-014
35.97	4.194571e-014
36.00	4.373897e-014
36.03	4.264033e-014
36.06	3.869065e-014
36.09	3.131507e-014
36.13	2.044030e-014
36.16	7.372865e-015
36.19	-5.755430e-015
36.22	-1.676439e-014
36.25	-2.519697e-014
36.28	-3.354292e-014
36.31	-4.463150e-014
36.34	-5.912171e-014
36.38	-7.598798e-014
36.41	-9.276684e-014
36.44	-1.072229e-013
36.47	-1.205722e-013
36.50	-1.360378e-013
36.53	-1.546229e-013
36.56	-1.744692e-013
36.59	-1.921079e-013
36.63	-2.034383e-013
36.66	-2.061396e-013
36.69	-2.018771e-013
36.72	-1.945391e-013
36.75	-1.866350e-013
36.78	-1.791981e-013
36.81	-1.739614e-013
36.84	-1.732247e-013
36.88	-1.775994e-013
36.91	-1.849281e-013
36.94	-1.917470e-013
36.97	-1.954695e-013
37.00	-1.955163e-013
37.03	-1.936129e-013
37.06	-1.924898e-013
37.09	-1.930364e-013
37.13	-1.937459e-013
37.16	-1.930508e-013
37.19	-1.904103e-013
37.22	-1.862228e-013
37.25	-1.824260e-013
37.28	-1.816190e-013
37.31	-1.846478e-013
37.34	-1.897486e-013
37.38	-1.937730e-013
37.41	-1.942284e-013
37.44	-1.907967e-013
37.47	-1.852804e-013
37.50	-1.804159e-013
37.53	-1.782967e-013
37.56	-1.785836e-013
37.59	-1.784527e-013
37.63	-1.756293e-013
37.66	-1.707735e-013
37.69	-1.660233e-013
37.72	-1.621115e-013
37.75	-1.578160e-013
37.78	-1.528156e-013
37.81	-1.494872e-013
37.84	-1.495113e-013
37.88	-1.508182e-013
37.91	-1.499773e-013
37.94	-1.459275e-013
37.97	-1.410607e-013
38.00	-1.393486e-013
38.03	-1.428365e-013
38.06	-1.500371e-013
38.09	-1.573937e-013
38.13	-1.613747e-013
38.16	-1.606034e-013
38.19	-1.570772e-013
38.22	-1.543218e-013
38.25	-1.545809e-013
38.28	-1.576050e-013
38.31	-1.608474e-013
38.34	-1.622512e-013
38.38	-1.632313e-013
38.41	-1.663696e-013
38.44	-1.720177e-013
38.47	-1.797749e-013
38.50	-1.889267e-013
38.53	-1.957304e-013
38.56	-1.957156e-013
38.59	-1.886632e-013
38.63	-1.783364e-013
38.66	-1.699197e-013
38.69	-1.674932e-013
38.72	-1.706473e-013
38.75	-1.748899e-013
38.78	-1.762373e-013
38.81	-1.741404e-013
38.84	-1.712516e-013
38.88	-1.706150e-013
38.91	-1.713453e-013
38.94	-1.693330e-013
38.97	-1.642654e-013
39.00	-1.608112e-013
39.03	-1.606649e-013
39.06	-1.594254e-013
39.09	-1.531853e-013
39.13	-1.433776e-013
39.16	-1.331483e-013
39.19	-1.225278e-013
39.22	-1.095923e-013
39.25	-9.310579e-014
39.28	-7.179946e-014
39.31	-4.314410e-014
39.34	-2.096658e-015
39.38	6.261538e-014
39.41	1.843367e-013
39.44	4.830068e-013
39.47	1.312306e-012
39.50	3.406264e-012
39.53	7.748732e-012
39.56	1.494696e-011
39.59	2.449329e-011
39.63	3.479100e-011
39.66	4.412529e-011
39.69	5.160316e-011
39.72	5.722882e-011
39.75	6.138466e-011
39.78	6.440461e-011
39.81	6.648265e-011
39.84	6.775248e-011
39.88	6.835210e-011
39.91	6.842662e-011
39.94	6.811119e-011
39.97	6.750694e-011
40.00	6.664622e-011
40.03	6.550409e-011
40.06	6.405827e-011
40.09	6.227483e-011
40.13	6.000887e-011
40.16	5.705909e-011
40.19	5.351796e-011
40.22	4.999453e-011
40.25	4.715669e-011
40.28	4.501988e-011
40.31	4.293788e-011
40.34	4.021204e-011
40.38	3.651638e-011
40.41	3.188022e-011
40.44	2.644644e-011
40.47	2.034819e-011
40.50	1.397697e-011
40.53	8.218169e-012
40.56	3.990943e-012
40.59	1.539763e-012
40.63	4.149157e-013
40.66	-3.104472e-016
40.69	-1.262147e-013
40.72	-1.584809e-013
40.75	-1.656459e-013
40.78	-1.659662e-013
40.81	-1.621879e-013
40.84	-1.546620e-013
40.88	-1.451914e-013
40.91	-1.371584e-013
40.94	-1.346274e-013
40.97	-1.399464e-013
41.00	-1.515187e-013
41.03	-1.638067e-013
41.06	-1.705306e-013
41.09	-1.700803e-013
41.13	-1.663343e-013
41.16	-1.629489e-013
41.19	-1.603998e-013
41.22	-1.590952e-013
41.25	-1.607524e-013
41.28	-1.656945e-013
41.31	-1.714841e-013
41.34	-1.747649e-013
41.38	-1.741383e-013
41.41	-1.711755e-013
41.44	-1.680208e-013
41.47	-1.656864e-013
41.50	-1.658172e-013
41.53	-1.706591e-013
41.56	-1.796309e-013
41.59	-1.885565e-013
41.63	-1.931063e-013
41.66	-1.919802e-013
41.69	-1.868930e-013
41.72	-1.808925e-013
41.75	-1.774544e-013
41.78	-1.790990e-013
41.81	-1.850935e-013
41.84	-1.917969e-013
41.88	-1.953476e-013
41.91	-1.934943e-013
41.94	-1.871900e-013
41.97	-1.808066e-013
42.00	-1.778698e-013
42.03	-1.777403e-013
42.06	-1.788710e-013
42.09	-1.813137e-013
42.13	-1.843806e-013
42.16	-1.862828e-013
42.19	-1.864428e-013
42.22	-1.859439e-013
42.25	-1.859919e-013
42.28	-1.864086e-013
42.31	-1.860064e-013
42.34	-1.846711e-013
42.38	-1.839069e-013
42.41	-1.848651e-013
42.44	-1.873623e-013
42.47	-1.908113e-013
42.50	-1.941891e-013
42.53	-1.954644e-013
42.56	-1.926543e-013
42.59	-1.863133e-013
42.63	-1.807839e-013
42.66	-1.805358e-013
42.69	-1.845205e-013
42.72	-1.873299e-013
42.75	-1.860605e-013
42.78	-1.828940e-013
42.81	-1.819431e-013
42.84	-1.851753e-013
42.88	-1.903607e-013
42.91	-1.931943e-013
42.94	-1.915049e-013
42.97	-1.862240e-013
43.00	-1.796826e-013
43.03	-1.752161e-013
43.06	-1.760025e-013
43.09	-1.815530e-013
43.13	-1.869609e-013
43.16	-1.877659e-013
43.19	-1.849173e-013
43.22	-1.826558e-013
43.25	-1.825987e-013
43.28	-1.830003e-013
43.31	-1.820096e-013
43.34	-1.789352e-013
43.38	-1.740435e-013
43.41	-1.676784e-013
43.44	-1.575008e-013
43.47	-1.341562e-013
43.50	-7.298474e-014
43.53	7.528170e-014
43.56	3.748383e-013
43.59	8.678887e-013
43.63	1.540947e-012
43.66	2.322812e-012
43.69	3.109328e-012
43.72	3.804982e-012
43.75	4.363519e-012
43.78	4.791343e-012
43.81	5.113211e-012
43.84	5.345594e-012
43.88	5.498918e-012
43.91	5.586363e-012
43.94	5.621664e-012
43.97	5.614582e-012
44.00	5.572980e-012
44.03	5.505171e-012
44.06	5.417620e-012
44.09	5.312304e-012
44.13	5.185396e-012
44.16	5.026180e-012
44.19	4.819426e-012
44.22	4.558260e-012
44.25	4.264389e-012
44.28	3.985925e-012
44.31	3.756414e-012
44.34	3.559333e-012
44.38	3.344018e-012
44.41	3.069778e-012
44.44	2.727791e-012
44.47	2.326967e-012
44.50	1.869976e-012
44.53	1.358959e-012
44.56	8.333629e-013
44.59	3.795214e-013
44.63	7.287150e-014
44.66	-8.157820e-014
44.69	-1.357241e-013
44.72	-1.442381e-013
44.75	-1.370809e-013
44.78	-1.264787e-013
44.81	-1.197158e-013
44.84	-1.199371e-013
44.88	-1.233779e-013
44.91	-1.248861e-013
44.94	-1.234189e-013
44.97	-1.201690e-013
45.00	-1.169006e-013
45.03	-1.162292e-013
45.06	-1.195379e-013
45.09	-1.255077e-013
45.13	-1.318008e-013
45.16	-1.373641e-013
45.19	-1.428147e-013
45.22	-1.480839e-013
45.25	-1.509951e-013
45.28	-1.501289e-013
45.31	-1.473858e-013
45.34	-1.466907e-013
45.38	-1.511471e-013
45.41	-1.598291e-013
45.44	-1.683062e-013
45.47	-1.741136e-013
45.50	-1.782370e-013
45.53	-1.816334e-013
45.56	-1.840886e-013
45.59	-1.850089e-013
45.63	-1.838995e-013
45.66	-1.815759e-013
45.69	-1.803255e-013
45.72	-1.812710e-013
45.75	-1.830161e-013
45.78	-1.843265e-013
45.81	-1.861378e-013
45.84	-1.892751e-013
45.88	-1.915004e-013
45.91	-1.895288e-013
45.94	-1.841999e-013
45.97	-1.800476e-013
46.00	-1.798198e-013
46.03	-1.826933e-013
46.06	-1.867473e-013
46.09	-1.904780e-013
46.13	-1.920873e-013
46.16	-1.895262e-013
46.19	-1.834718e-013
46.22	-1.792212e-013
46.25	-1.818707e-013
46.28	-1.899185e-013
46.31	-1.972071e-013
46.34	-1.999463e-013
46.38	-1.987936e-013
46.41	-1.955030e-013
46.44	-1.905604e-013
46.47	-1.849591e-013
46.50	-1.820111e-013
46.53	-1.845575e-013
46.56	-1.911222e-013
46.59	-1.970878e-013
46.63	-1.994461e-013
46.66	-1.989367e-013
46.69	-1.977501e-013
46.72	-1.968324e-013
46.75	-1.961295e-013
46.78	-1.962442e-013
46.81	-1.980884e-013
46.84	-2.006660e-013
46.88	-2.010699e-013
46.91	-1.982986e-013
46.94	-1.953439e-013
46.97	-1.956614e-013
47.00	-1.992279e-013
47.03	-2.028543e-013
47.06	-2.036605e-013
47.09	-2.020964e-013
47.13	-2.003340e-013
47.16	-1.987203e-013
47.19	-1.965489e-013
47.22	-1.948425e-013
47.25	-1.951899e-013
47.28	-1.966711e-013
47.31	-1.966020e-013
47.34	-1.940582e-013
47.38	-1.913003e-013
47.41	-1.910956e-013
47.44	-1.940419e-013
47.47	-1.996071e-013
47.50	-2.064201e-013
47.53	-2.111687e-013
47.56	-2.108764e-013
47.59	-2.056583e-013
47.63	-1.982924e-013
47.66	-1.925229e-013
47.69	-1.907608e-013
47.72	-1.922814e-013
47.75	-1.940296e-013
47.78	-1.930566e-013
47.81	-1.891402e-013
47.84	-1.853268e-013
47.88	-1.842438e-013
47.91	-1.848202e-013
47.94	-1.847935e-013
47.97	-1.846674e-013
48.00	-1.869394e-013
48.03	-1.925456e-013
48.06	-1.995362e-013
48.09	-2.049477e-013
48.13	-2.074245e-013
48.16	-2.079214e-013
48.19	-2.078193e-013
48.22	-2.068160e-013
48.25	-2.033078e-013
48.28	-1.967643e-013
48.31	-1.896487e-013
48.34	-1.854977e-013
48.38	-1.838517e-013
48.41	-1.809383e-013
48.44	-1.769627e-013
48.47	-1.761490e-013
48.50	-1.792192e-013
48.53	-1.834252e-013
48.56	-1.878490e-013
48.59	-1.926700e-013
48.63	-1.966501e-013
48.66	-1.984548e-013
48.69	-1.983923e-013
48.72	-1.979188e-013
48.75	-1.974760e-013
48.78	-1.960600e-013
48.81	-1.941891e-013
48.84	-1.947225e-013
48.88	-1.989093e-013
48.91	-2.041859e-013
48.94	-2.070642e-013
48.97	-2.063054e-013
49.00	-2.032158e-013
49.03	-2.002851e-013
49.06	-1.990874e-013
49.09	-1.990075e-013
49.13	-1.985363e-013
49.16	-1.975759e-013
49.19	-1.974940e-013
49.22	-1.982206e-013
49.25	-1.972633e-013
49.28	-1.938283e-013
49.31	-1.908460e-013
49.34	-1.905219e-013
49.38	-1.918968e-013
49.41	-1.934904e-013
49.44	-1.945153e-013
49.47	-1.945581e-013
49.50	-1.938654e-013
49.53	-1.931134e-013
49.56	-1.932504e-013
49.59	-1.946860e-013
49.63	-1.959520e-013
49.66	-1.955972e-013
49.69	-1.947682e-013
49.72	-1.950999e-013
49.75	-1.961082e-013
49.78	-1.967653e-013
49.81	-1.973085e-013
49.84	-1.982648e-013
49.88	-1.993502e-013
49.91	-1.997345e-013
49.94	-1.986551e-013
49.97	-1.961446e-013