% Langmuir characteristic curve

% U (Volt)	I (A)
-12.000000	-3.656605E-7
-11.993000	-1.923181E-7
-11.986000	-4.164176E-7
-11.979000	-2.938323E-7
-11.972000	-3.487803E-7
-11.965000	-4.883623E-7
-11.958000	-3.360910E-7
-11.951000	-3.022142E-7
-11.944000	-3.699679E-7
-11.937000	-3.360910E-7
-11.930000	-3.826572E-7
-11.923000	-4.459871E-7
-11.916000	-4.883623E-7
-11.909000	-5.855691E-7
-11.902000	-3.953464E-7
-11.895000	-5.559996E-7
-11.888000	-3.445894E-7
-11.881000	-4.376052E-7
-11.874000	-3.699679E-7
-11.867000	-2.938323E-7
-11.860000	-3.402820E-7
-11.853000	-2.938323E-7
-11.846000	-1.373701E-7
-11.839000	-3.487803E-7
-11.832000	-3.402820E-7
-11.825000	-3.149034E-7
-11.818000	-3.868481E-7
-11.811000	-4.249159E-7
-11.804000	-4.417961E-7
-11.797000	-2.387678E-7
-11.790000	-2.007000E-7
-11.783000	-4.713656E-7
-11.776000	-3.360910E-7
-11.769000	-3.319001E-7
-11.762000	-3.868481E-7
-11.755000	-3.445894E-7
-11.748000	-2.514571E-7
-11.741000	-3.275927E-7
-11.734000	-1.415610E-7
-11.727000	-3.995374E-7
-11.720000	-3.910391E-7
-11.713000	-2.133893E-7
-11.706000	-5.898764E-7
-11.699000	-3.614696E-7
-11.692000	-4.925532E-7
-11.685000	-3.445894E-7
-11.678000	-4.756730E-7
-11.671000	-4.671747E-7
-11.664000	-4.417961E-7
-11.657000	-1.457520E-7
-11.650000	-2.726447E-7
-11.643000	-3.868481E-7
-11.636000	-2.726447E-7
-11.629000	-2.599554E-7
-11.622000	-3.360910E-7
-11.615000	-3.868481E-7
-11.608000	-4.249159E-7
-11.601000	-3.445894E-7
-11.594000	-4.629837E-7
-11.587000	-3.572786E-7
-11.580000	-1.753215E-7
-11.573000	-3.783498E-7
-11.566000	-3.826572E-7
-11.559000	-2.430752E-7
-11.552000	-4.080357E-7
-11.545000	-3.319001E-7
-11.538000	-4.629837E-7
-11.531000	-4.502945E-7
-11.523500	-4.080357E-7
-11.516500	-4.122267E-7
-11.509500	-3.783498E-7
-11.502500	-4.249159E-7
-11.495500	-3.910391E-7
-11.488500	-4.459871E-7
-11.481500	-5.728798E-7
-11.474500	-4.080357E-7
-11.467500	-4.332978E-7
-11.460500	-3.910391E-7
-11.453500	-1.626322E-7
-11.446500	-4.291069E-7
-11.439500	-5.306210E-7
-11.432500	-2.768356E-7
-11.425500	-3.319001E-7
-11.418500	-3.699679E-7
-11.411500	-3.192108E-7
-11.404500	-3.783498E-7
-11.397500	-3.656605E-7
-11.390500	-5.813781E-7
-11.383500	-4.671747E-7
-11.376500	-4.459871E-7
-11.369500	-3.783498E-7
-11.362500	-4.629837E-7
-11.355500	-3.572786E-7
-11.348500	-4.037283E-7
-11.341500	-4.883623E-7
-11.334500	-3.741588E-7
-11.327500	-3.656605E-7
-11.320500	-3.953464E-7
-11.313500	-3.529713E-7
-11.306500	-1.203734E-7
-11.299500	-4.376052E-7
-11.292500	-4.502945E-7
-11.285500	-3.741588E-7
-11.278500	-4.037283E-7
-11.271500	-4.332978E-7
-11.264500	-4.206086E-7
-11.257500	-2.218876E-7
-11.250500	-1.796288E-7
-11.243500	-3.487803E-7
-11.236500	-3.529713E-7
-11.229500	-1.923181E-7
-11.222500	-2.726447E-7
-11.215500	-3.445894E-7
-11.208500	-4.037283E-7
-11.201500	-4.206086E-7
-11.194500	-1.499429E-7
-11.187500	-3.234018E-7
-11.180500	-4.332978E-7
-11.173500	-4.502945E-7
-11.166500	-5.771872E-7
-11.159500	-4.249159E-7
-11.152500	-3.149034E-7
-11.145500	-3.360910E-7
-11.138500	-3.741588E-7
-11.131500	-3.656605E-7
-11.124500	-5.221227E-7
-11.117500	-1.288718E-7
-11.110500	-3.783498E-7
-11.103500	-4.756730E-7
-11.096500	-4.671747E-7
-11.089500	-2.938323E-7
-11.082500	-5.728798E-7
-11.075500	-3.487803E-7
-11.068500	-3.572786E-7
-11.061500	-3.402820E-7
-11.054500	-5.391194E-7
-11.047500	-3.402820E-7
-11.040500	-1.669396E-7
-11.033500	-5.052425E-7
-11.026500	-3.741588E-7
-11.019500	-3.953464E-7
-11.012500	-3.783498E-7
-11.005500	-2.895249E-7
-10.998500	-3.402820E-7
-10.991500	-3.319001E-7
-10.984500	-3.868481E-7
-10.977500	-3.572786E-7
-10.970500	-4.080357E-7
-10.963500	-3.487803E-7
-10.956500	-4.629837E-7
-10.949500	-4.206086E-7
-10.942500	-3.741588E-7
-10.935500	-1.838198E-7
-10.928500	-3.319001E-7
-10.921500	-2.007000E-7
-10.914500	-2.980232E-7
-10.907500	-3.741588E-7
-10.900500	-3.022142E-7
-10.893500	-4.967442E-7
-10.886500	-5.137408E-7
-10.879500	-3.910391E-7
-10.872500	-3.022142E-7
-10.865500	-2.938323E-7
-10.858500	-3.445894E-7
-10.851500	-3.656605E-7
-10.844500	-4.037283E-7
-10.837500	-7.336494E-7
-10.830500	-5.518086E-7
-10.823500	-4.080357E-7
-10.816500	-3.656605E-7
-10.809500	-3.529713E-7
-10.802500	-4.840549E-7
-10.795500	-3.699679E-7
-10.788500	-2.472661E-7
-10.781500	-3.656605E-7
-10.774500	-2.980232E-7
-10.767500	-3.445894E-7
-10.760500	-5.264301E-7
-10.753500	-4.376052E-7
-10.746500	-1.923181E-7
-10.739500	-4.586764E-7
-10.732500	-5.559996E-7
-10.725500	-3.275927E-7
-10.718500	-4.332978E-7
-10.711500	-2.980232E-7
-10.704500	-4.967442E-7
-10.697500	-5.433103E-7
-10.690500	-9.499490E-8
-10.683500	-4.332978E-7
-10.676500	-3.614696E-7
-10.669500	-2.938323E-7
-10.662500	-6.617047E-7
-10.655500	-4.206086E-7
-10.648500	-5.010515E-7
-10.641500	-4.164176E-7
-10.634500	-1.880107E-7
-10.627500	-3.445894E-7
-10.620500	-4.080357E-7
-10.613500	-3.149034E-7
-10.606500	-3.192108E-7
-10.599000	-5.137408E-7
-10.592000	-2.557645E-7
-10.585000	-4.502945E-7
-10.578000	-3.022142E-7
-10.571000	-3.487803E-7
-10.564000	-2.811430E-7
-10.557000	-4.249159E-7
-10.550000	-4.080357E-7
-10.543000	-4.544854E-7
-10.536000	-1.838198E-7
-10.529000	-4.417961E-7
-10.522000	-3.995374E-7
-10.515000	-4.080357E-7
-10.508000	-4.925532E-7
-10.501000	-4.164176E-7
-10.494000	-3.022142E-7
-10.487000	-2.684537E-7
-10.480000	-1.161825E-7
-10.473000	-2.260786E-7
-10.466000	-4.206086E-7
-10.459000	-4.122267E-7
-10.452000	-2.895249E-7
-10.445000	-3.275927E-7
-10.438000	-3.953464E-7
-10.431000	-4.502945E-7
-10.424000	-5.644979E-7
-10.417000	-2.980232E-7
-10.410000	-4.291069E-7
-10.403000	-5.094334E-7
-10.396000	-3.868481E-7
-10.389000	-3.826572E-7
-10.382000	-3.529713E-7
-10.375000	-2.684537E-7
-10.368000	-1.965091E-7
-10.361000	-2.938323E-7
-10.354000	-1.246808E-7
-10.347000	-4.756730E-7
-10.340000	-4.756730E-7
-10.333000	-3.445894E-7
-10.326000	-4.332978E-7
-10.319000	-5.348120E-7
-10.312000	-4.376052E-7
-10.305000	-4.332978E-7
-10.298000	-3.826572E-7
-10.291000	-3.995374E-7
-10.284000	-3.234018E-7
-10.277000	-5.179318E-7
-10.270000	-3.656605E-7
-10.263000	-3.275927E-7
-10.256000	-3.656605E-7
-10.249000	-3.445894E-7
-10.242000	-4.798640E-7
-10.235000	-3.953464E-7
-10.228000	-2.684537E-7
-10.221000	-5.221227E-7
-10.214000	-2.387678E-7
-10.207000	-1.753215E-7
-10.200000	-3.868481E-7
-10.193000	-3.149034E-7
-10.186000	-3.360910E-7
-10.179000	-2.853340E-7
-10.172000	-2.853340E-7
-10.165000	-3.319001E-7
-10.158000	-2.514571E-7
-10.151000	-1.076842E-7
-10.144000	-6.109476E-7
-10.137000	-3.529713E-7
-10.130000	-3.360910E-7
-10.123000	-4.459871E-7
-10.116000	-2.980232E-7
-10.109000	-3.234018E-7
-10.102000	-3.614696E-7
-10.095000	-1.838198E-7
-10.088000	-5.221227E-7
-10.081000	-5.644979E-7
-10.074000	-3.192108E-7
-10.067000	-4.713656E-7
-10.060000	-3.910391E-7
-10.053000	-4.883623E-7
-10.046000	-3.699679E-7
-10.039000	-2.853340E-7
-10.032000	-4.840549E-7
-10.025000	-6.617047E-7
-10.018000	-3.868481E-7
-10.011000	-4.249159E-7
-10.004000	-4.037283E-7
-9.997000	-1.796288E-7
-9.990000	-4.206086E-7
-9.983000	-4.376052E-7
-9.976000	-3.107125E-7
-9.969000	-2.768356E-7
-9.962000	-3.699679E-7
-9.955000	-2.557645E-7
-9.948000	-4.291069E-7
-9.941000	-1.034932E-7
-9.934000	-3.149034E-7
-9.927000	-2.853340E-7
-9.920000	-3.741588E-7
-9.913000	-2.895249E-7
-9.906000	-3.868481E-7
-9.899000	-6.912742E-7
-9.892000	-3.360910E-7
-9.885000	-3.402820E-7
-9.878000	-3.234018E-7
-9.871000	-2.811430E-7
-9.864000	-5.728798E-7
-9.857000	-3.529713E-7
-9.850000	-2.557645E-7
-9.843000	-3.445894E-7
-9.836000	-3.572786E-7
-9.829000	-3.275927E-7
-9.822000	-2.853340E-7
-9.815000	-3.234018E-7
-9.808000	-3.107125E-7
-9.801000	-5.391194E-7
-9.794000	-1.753215E-7
-9.787000	-3.192108E-7
-9.780000	-5.137408E-7
-9.773000	-5.559996E-7
-9.766000	-3.360910E-7
-9.759000	-3.360910E-7
-9.752000	-3.699679E-7
-9.745000	-3.022142E-7
-9.738000	-4.671747E-7
-9.731000	-3.402820E-7
-9.724000	-3.234018E-7
-9.717000	-1.076842E-7
-9.710000	-3.699679E-7
-9.703000	-3.022142E-7
-9.696000	-5.306210E-7
-9.689000	-4.883623E-7
-9.681500	-3.319001E-7
-9.674500	-5.137408E-7
-9.667500	-5.728798E-7
-9.660500	-1.542503E-7
-9.653500	-2.811430E-7
-9.646500	-5.221227E-7
-9.639500	-2.895249E-7
-9.632500	-2.853340E-7
-9.625500	-3.741588E-7
-9.618500	-2.557645E-7
-9.611500	-3.192108E-7
-9.604500	-3.234018E-7
-9.597500	-3.783498E-7
-9.590500	-3.868481E-7
-9.583500	-5.559996E-7
-9.576500	-3.995374E-7
-9.569500	-4.376052E-7
-9.562500	-3.953464E-7
-9.555500	-3.107125E-7
-9.548500	-3.868481E-7
-9.541500	-3.234018E-7
-9.534500	-1.542503E-7
-9.527500	-2.514571E-7
-9.520500	-2.430752E-7
-9.513500	-2.811430E-7
-9.506500	-2.853340E-7
-9.499500	-4.629837E-7
-9.492500	-3.699679E-7
-9.485500	-4.206086E-7
-9.478500	-4.206086E-7
-9.471500	-3.445894E-7
-9.464500	-3.572786E-7
-9.457500	-5.010515E-7
-9.450500	-3.192108E-7
-9.443500	-6.236369E-7
-9.436500	-2.895249E-7
-9.429500	-4.164176E-7
-9.422500	-3.741588E-7
-9.415500	-2.599554E-7
-9.408500	-3.699679E-7
-9.401500	-2.557645E-7
-9.394500	-2.684537E-7
-9.387500	-3.868481E-7
-9.380500	-3.487803E-7
-9.373500	-3.614696E-7
-9.366500	-5.306210E-7
-9.359500	-4.080357E-7
-9.352500	-3.699679E-7
-9.345500	-1.373701E-7
-9.338500	-4.164176E-7
-9.331500	-4.840549E-7
-9.324500	-1.161825E-7
-9.317500	-3.149034E-7
-9.310500	-3.022142E-7
-9.303500	-4.544854E-7
-9.296500	-2.853340E-7
-9.289500	-6.109476E-7
-9.282500	-3.783498E-7
-9.275500	-3.868481E-7
-9.268500	-3.826572E-7
-9.261500	-3.614696E-7
-9.254500	-5.094334E-7
-9.247500	-4.332978E-7
-9.240500	-4.840549E-7
-9.233500	-3.572786E-7
-9.226500	-3.149034E-7
-9.219500	-3.699679E-7
-9.212500	-9.930227E-8
-9.205500	-2.303859E-7
-9.198500	-4.122267E-7
-9.191500	-2.641464E-7
-9.184500	-2.938323E-7
-9.177500	-1.161825E-7
-9.170500	-3.275927E-7
-9.163500	-4.122267E-7
-9.156500	-5.433103E-7
-9.149500	-3.656605E-7
-9.142500	-3.319001E-7
-9.135500	-4.249159E-7
-9.128500	-3.699679E-7
-9.121500	-1.330627E-7
-9.114500	-2.176967E-7
-9.107500	-3.319001E-7
-9.100500	-6.123446E-8
-9.093500	-4.586764E-7
-9.086500	-2.218876E-7
-9.079500	-3.360910E-7
-9.072500	-2.684537E-7
-9.065500	-5.306210E-7
-9.058500	-3.402820E-7
-9.051500	-3.107125E-7
-9.044500	-4.925532E-7
-9.037500	-3.319001E-7
-9.030500	-2.938323E-7
-9.023500	-3.065215E-7
-9.016500	-3.910391E-7
-9.009500	-3.275927E-7
-9.002500	-2.641464E-7
-8.995500	-3.614696E-7
-8.988500	-2.387678E-7
-8.981500	-2.345769E-7
-8.974500	-4.671747E-7
-8.967500	-4.249159E-7
-8.960500	-4.713656E-7
-8.953500	-4.122267E-7
-8.946500	-3.953464E-7
-8.939500	-4.417961E-7
-8.932500	-3.275927E-7
-8.925500	-3.783498E-7
-8.918500	-2.768356E-7
-8.911500	-4.925532E-7
-8.904500	-3.699679E-7
-8.897500	-4.798640E-7
-8.890500	-2.514571E-7
-8.883500	-2.303859E-7
-8.876500	-3.826572E-7
-8.869500	-4.925532E-7
-8.862500	-3.826572E-7
-8.855500	-3.402820E-7
-8.848500	-2.641464E-7
-8.841500	-1.796288E-7
-8.834500	-3.065215E-7
-8.827500	-5.010515E-7
-8.820500	-3.741588E-7
-8.813500	-2.853340E-7
-8.806500	-1.246808E-7
-8.799500	-4.883623E-7
-8.792500	-4.713656E-7
-8.785500	-8.230563E-8
-8.778500	-2.557645E-7
-8.771500	-2.387678E-7
-8.764500	-4.671747E-7
-8.757000	-2.514571E-7
-8.750000	-2.684537E-7
-8.743000	-3.868481E-7
-8.736000	-3.910391E-7
-8.729000	-2.938323E-7
-8.722000	-3.910391E-7
-8.715000	-3.741588E-7
-8.708000	-3.656605E-7
-8.701000	-3.868481E-7
-8.694000	-4.840549E-7
-8.687000	-2.726447E-7
-8.680000	-4.586764E-7
-8.673000	-8.230563E-8
-8.666000	-2.387678E-7
-8.659000	-3.149034E-7
-8.652000	-3.783498E-7
-8.645000	-2.557645E-7
-8.638000	-3.741588E-7
-8.631000	-3.487803E-7
-8.624000	-5.306210E-7
-8.617000	-4.332978E-7
-8.610000	-4.291069E-7
-8.603000	-2.007000E-7
-8.596000	-1.246808E-7
-8.589000	-3.445894E-7
-8.582000	-3.234018E-7
-8.575000	-4.291069E-7
-8.568000	-2.895249E-7
-8.561000	-3.868481E-7
-8.554000	-2.641464E-7
-8.547000	-2.472661E-7
-8.540000	-9.930227E-8
-8.533000	-2.726447E-7
-8.526000	-3.953464E-7
-8.519000	-4.249159E-7
-8.512000	-2.557645E-7
-8.505000	-3.529713E-7
-8.498000	-2.938323E-7
-8.491000	-3.234018E-7
-8.484000	-3.445894E-7
-8.477000	-3.614696E-7
-8.470000	-3.022142E-7
-8.463000	-9.080395E-8
-8.456000	-2.133893E-7
-8.449000	-2.726447E-7
-8.442000	-3.149034E-7
-8.435000	-2.895249E-7
-8.428000	-2.726447E-7
-8.421000	-2.895249E-7
-8.414000	-3.319001E-7
-8.407000	-3.529713E-7
-8.400000	-3.402820E-7
-8.393000	-3.445894E-7
-8.386000	-1.034932E-7
-8.379000	-3.614696E-7
-8.372000	-2.303859E-7
-8.365000	-3.149034E-7
-8.358000	-2.980232E-7
-8.351000	-4.291069E-7
-8.344000	-2.980232E-7
-8.337000	-3.275927E-7
-8.330000	-8.661300E-8
-8.323000	-3.360910E-7
-8.316000	-2.726447E-7
-8.309000	-3.572786E-7
-8.302000	-1.796288E-7
-8.295000	-2.853340E-7
-8.288000	-3.192108E-7
-8.281000	-4.544854E-7
-8.274000	-3.107125E-7
-8.267000	-2.430752E-7
-8.260000	-1.965091E-7
-8.253000	-2.811430E-7
-8.246000	-4.544854E-7
-8.239000	-4.376052E-7
-8.232000	-2.726447E-7
-8.225000	-3.065215E-7
-8.218000	-3.275927E-7
-8.211000	-2.726447E-7
-8.204000	-1.161825E-7
-8.197000	-2.641464E-7
-8.190000	-2.768356E-7
-8.183000	-3.445894E-7
-8.176000	-2.726447E-7
-8.169000	-3.614696E-7
-8.162000	-4.671747E-7
-8.155000	-3.107125E-7
-8.148000	-3.487803E-7
-8.141000	-3.995374E-7
-8.134000	-2.176967E-7
-8.127000	-2.811430E-7
-8.120000	-1.880107E-7
-8.113000	-3.614696E-7
-8.106000	-2.768356E-7
-8.099000	-3.234018E-7
-8.092000	-6.321352E-7
-8.085000	-2.853340E-7
-8.078000	-3.614696E-7
-8.071000	-2.599554E-7
-8.064000	-4.544854E-7
-8.057000	-3.614696E-7
-8.050000	-3.022142E-7
-8.043000	-1.923181E-7
-8.036000	-2.218876E-7
-8.029000	-2.007000E-7
-8.022000	-3.699679E-7
-8.015000	-2.345769E-7
-8.008000	-6.194459E-7
-8.001000	-2.895249E-7
-7.994000	-2.303859E-7
-7.987000	-2.853340E-7
-7.980000	-1.330627E-7
-7.973000	-4.544854E-7
-7.966000	-3.445894E-7
-7.959000	-2.641464E-7
-7.952000	-2.514571E-7
-7.945000	-3.275927E-7
-7.938000	-1.965091E-7
-7.931000	-2.050074E-7
-7.924000	-2.726447E-7
-7.917000	-2.641464E-7
-7.910000	-2.726447E-7
-7.903000	-6.961636E-8
-7.896000	-3.614696E-7
-7.889000	-2.599554E-7
-7.882000	-2.218876E-7
-7.875000	-3.107125E-7
-7.868000	-2.641464E-7
-7.861000	-4.502945E-7
-7.854000	-3.656605E-7
-7.847000	-3.192108E-7
-7.840000	-2.176967E-7
-7.833000	-2.514571E-7
-7.826000	-3.154855E-8
-7.819000	-2.684537E-7
-7.812000	-3.234018E-7
-7.804500	-2.007000E-7
-7.797500	-2.980232E-7
-7.790500	-2.684537E-7
-7.783500	-4.291069E-7
-7.776500	-3.572786E-7
-7.769500	-2.938323E-7
-7.762500	-2.938323E-7
-7.755500	-4.122267E-7
-7.748500	-7.811468E-8
-7.741500	-2.599554E-7
-7.734500	-2.641464E-7
-7.727500	-2.345769E-7
-7.720500	-2.091983E-7
-7.713500	-2.641464E-7
-7.706500	-2.007000E-7
-7.699500	-2.599554E-7
-7.692500	-2.514571E-7
-7.685500	-2.303859E-7
-7.678500	-4.713656E-7
-7.671500	-3.234018E-7
-7.664500	-3.699679E-7
-7.657500	-2.557645E-7
-7.650500	-2.938323E-7
-7.643500	-7.811468E-8
-7.636500	-1.796288E-7
-7.629500	-1.161825E-7
-7.622500	-2.768356E-7
-7.615500	-2.260786E-7
-7.608500	-1.796288E-7
-7.601500	-2.345769E-7
-7.594500	-3.234018E-7
-7.587500	-2.768356E-7
-7.580500	-2.260786E-7
-7.573500	-3.192108E-7
-7.566500	-2.303859E-7
-7.559500	-4.332978E-7
-7.552500	-2.430752E-7
-7.545500	-3.445894E-7
-7.538500	-2.726447E-7
-7.531500	-3.953464E-7
-7.524500	-2.557645E-7
-7.517500	-2.218876E-7
-7.510500	-2.345769E-7
-7.503500	-1.923181E-7
-7.496500	-2.007000E-7
-7.489500	-2.895249E-7
-7.482500	-1.753215E-7
-7.475500	-1.796288E-7
-7.468500	-3.910391E-7
-7.461500	-2.176967E-7
-7.454500	-3.360910E-7
-7.447500	-3.572786E-7
-7.440500	-2.895249E-7
-7.433500	-4.332978E-7
-7.426500	-2.260786E-7
-7.419500	-2.260786E-7
-7.412500	-2.557645E-7
-7.405500	-2.430752E-7
-7.398500	-2.218876E-7
-7.391500	-1.330627E-7
-7.384500	-1.880107E-7
-7.377500	-1.457520E-7
-7.370500	-1.838198E-7
-7.363500	-4.037283E-7
-7.356500	-1.711305E-7
-7.349500	-2.260786E-7
-7.342500	-1.753215E-7
-7.335500	-2.684537E-7
-7.328500	-1.753215E-7
-7.321500	-4.037283E-7
-7.314500	-2.514571E-7
-7.307500	-1.499429E-7
-7.300500	-1.203734E-7
-7.293500	-2.811430E-7
-7.286500	4.458707E-8
-7.279500	-1.034932E-7
-7.272500	-1.711305E-7
-7.265500	-3.529713E-7
-7.258500	-1.584413E-7
-7.251500	-2.050074E-7
-7.244500	-1.246808E-7
-7.237500	-2.684537E-7
-7.230500	-3.614696E-7
-7.223500	-3.275927E-7
-7.216500	-3.402820E-7
-7.209500	3.608875E-8
-7.202500	-9.499490E-8
-7.195500	1.920853E-8
-7.188500	-1.330627E-7
-7.181500	-1.203734E-7
-7.174500	8.265488E-8
-7.167500	-2.811430E-7
-7.160500	1.490116E-8
-7.153500	-1.119915E-7
-7.146500	-3.192108E-7
-7.139500	-1.838198E-7
-7.132500	-1.415610E-7
-7.125500	-1.457520E-7
-7.118500	-1.923181E-7
-7.111500	-1.711305E-7
-7.104500	-1.203734E-7
-7.097500	-7.392373E-8
-7.090500	-9.499490E-8
-7.083500	1.920853E-8
-7.076500	-2.472661E-7
-7.069500	-2.218876E-7
-7.062500	1.376029E-7
-7.055500	-2.303859E-7
-7.048500	-5.273614E-8
-7.041500	-2.472661E-7
-7.034500	-7.392373E-8
-7.027500	-6.123446E-8
-7.020500	-1.880107E-7
-7.013500	-7.392373E-8
-7.006500	1.122244E-7
-6.999500	-7.392373E-8
-6.992500	-6.542541E-8
-6.985500	-4.423782E-8
-6.978500	7.834751E-8
-6.971500	2.211891E-9
-6.964500	2.759043E-8
-6.957500	-1.885928E-8
-6.950500	-7.811468E-8
-6.943500	-1.246808E-7
-6.936500	-6.961636E-8
-6.929500	1.629815E-7
-6.922500	-7.811468E-8
-6.915500	-1.584413E-7
-6.908500	4.027970E-8
-6.901500	1.920853E-8
-6.894500	5.296897E-8
-6.887500	4.027970E-8
-6.880500	2.306188E-7
-6.873500	3.608875E-8
-6.866500	7.415656E-8
-6.859500	1.164153E-7
-6.852500	2.855668E-7
-6.845500	2.601882E-7
-6.838500	-1.415610E-7
-6.831500	1.920853E-8
-6.824500	-6.542541E-8
-6.817500	1.490116E-8
-6.810500	1.417939E-7
-6.803500	-1.034932E-7
-6.796500	-9.080395E-8
-6.789500	1.713634E-7
-6.782500	-4.004687E-8
-6.775500	3.617024E-7
-6.768500	2.264278E-7
-6.761500	2.391171E-7
-6.754500	2.264278E-7
-6.747000	1.671724E-7
-6.740000	2.474990E-7
-6.733000	1.671724E-7
-6.726000	1.629815E-7
-6.719000	1.079170E-7
-6.712000	1.671724E-7
-6.705000	2.052402E-7
-6.698000	2.518063E-7
-6.691000	2.813758E-7
-6.684000	2.052402E-7
-6.677000	2.094312E-7
-6.670000	2.897577E-7
-6.663000	4.208414E-7
-6.656000	3.828900E-7
-6.649000	3.405148E-7
-6.642000	3.490131E-7
-6.635000	3.743917E-7
-6.628000	4.800968E-7
-6.621000	1.840526E-7
-6.614000	3.024470E-7
-6.607000	4.335307E-7
-6.600000	4.039612E-7
-6.593000	2.306188E-7
-6.586000	4.842877E-7
-6.579000	4.208414E-7
-6.572000	5.096663E-7
-6.565000	4.462199E-7
-6.558000	5.604234E-7
-6.551000	5.858019E-7
-6.544000	7.845229E-7
-6.537000	6.280607E-7
-6.530000	6.323680E-7
-6.523000	6.238697E-7
-6.516000	6.238697E-7
-6.509000	6.365590E-7
-6.502000	5.689217E-7
-6.495000	6.788177E-7
-6.488000	5.520415E-7
-6.481000	7.634517E-7
-6.474000	7.507624E-7
-6.467000	6.788177E-7
-6.460000	7.295748E-7
-6.453000	7.803319E-7
-6.446000	1.017121E-6
-6.439000	8.352799E-7
-6.432000	8.860370E-7
-6.425000	1.034117E-6
-6.418000	8.733477E-7
-6.411000	7.718336E-7
-6.404000	9.917421E-7
-6.397000	7.930212E-7
-6.390000	9.072246E-7
-6.383000	1.025619E-6
-6.376000	9.282958E-7
-6.369000	9.579817E-7
-6.362000	1.152512E-6
-6.355000	1.127133E-6
-6.348000	1.317356E-6
-6.341000	1.258217E-6
-6.334000	1.224340E-6
-6.327000	1.152512E-6
-6.320000	1.351233E-6
-6.313000	1.355424E-6
-6.306000	1.287786E-6
-6.299000	1.211651E-6
-6.292000	1.351233E-6
-6.285000	1.482316E-6
-6.278000	1.291977E-6
-6.271000	1.368113E-6
-6.264000	1.507695E-6
-6.257000	1.566834E-6
-6.250000	1.647277E-6
-6.243000	1.875567E-6
-6.236000	1.676846E-6
-6.229000	1.706416E-6
-6.222000	1.841807E-6
-6.215000	1.875567E-6
-6.208000	1.841807E-6
-6.201000	1.833308E-6
-6.194000	1.731794E-6
-6.187000	2.002460E-6
-6.180000	1.926324E-6
-6.173000	2.192683E-6
-6.166000	2.294197E-6
-6.159000	2.180110E-6
-6.152000	2.150424E-6
-6.145000	2.471847E-6
-6.138000	2.315384E-6
-6.131000	2.226559E-6
-6.124000	2.416898E-6
-6.117000	2.539484E-6
-6.110000	2.564862E-6
-6.103000	2.552173E-6
-6.096000	2.628309E-6
-6.089000	2.746703E-6
-6.082000	2.780580E-6
-6.075000	2.772082E-6
-6.068000	2.695946E-6
-6.061000	3.101886E-6
-6.054000	2.924353E-6
-6.047000	2.996181E-6
-6.040000	3.127265E-6
-6.033000	3.051129E-6
-6.026000	3.309106E-6
-6.019000	3.389432E-6
-6.012000	3.474066E-6
-6.005000	3.567082E-6
-5.998000	3.575580E-6
-5.991000	3.452878E-6
-5.984000	3.516325E-6
-5.977000	3.723544E-6
-5.970000	3.736233E-6
-5.963000	3.926572E-6
-5.956000	4.049158E-6
-5.949000	3.913883E-6
-5.942000	4.133675E-6
-5.935000	4.146365E-6
-5.928000	4.078727E-6
-5.921000	4.493166E-6
-5.914000	4.759524E-6
-5.907000	4.645437E-6
-5.900000	4.565110E-6
-5.893000	4.822970E-6
-5.886000	4.911795E-6
-5.879000	5.042879E-6
-5.872000	4.907604E-6
-5.865000	5.004811E-6
-5.858000	5.478505E-6
-5.851000	5.313545E-6
-5.844000	5.482696E-6
-5.837000	5.617971E-6
-5.830000	5.757553E-6
-5.823000	5.909824E-6
-5.816000	5.888636E-6
-5.809000	6.104354E-6
-5.802000	6.442657E-6
-5.795000	6.383401E-6
-5.788000	6.303075E-6
-5.781000	6.421469E-6
-5.774000	6.662565E-6
-5.767000	6.878166E-6
-5.760000	6.751274E-6
-5.753000	6.920425E-6
-5.746000	7.127644E-6
-5.739000	7.542083E-6
-5.732000	7.554772E-6
-5.725000	7.694354E-6
-5.718000	7.846509E-6
-5.711000	8.002971E-6
-5.704000	7.926952E-6
-5.697000	8.277944E-6
-5.689500	8.540112E-6
-5.682500	8.417410E-6
-5.675500	8.628820E-6
-5.668500	8.984120E-6
-5.661500	8.891104E-6
-5.654500	9.204028E-6
-5.647500	9.394251E-6
-5.640500	9.660725E-6
-5.633500	9.791809E-6
-5.626500	1.009624E-5
-5.619500	1.016818E-5
-5.612500	1.051067E-5
-5.605500	1.046841E-5
-5.598500	1.053605E-5
-5.591500	1.096737E-5
-5.584500	1.108996E-5
-5.577500	1.131417E-5
-5.570500	1.155096E-5
-5.563500	1.154665E-5
-5.556500	1.212186E-5
-5.549500	1.228671E-5
-5.542500	1.224864E-5
-5.535500	1.260813E-5
-5.528500	1.276040E-5
-5.521500	1.303945E-5
-5.514500	1.304795E-5
-5.507500	1.348346E-5
-5.500500	1.370755E-5
-5.493500	1.404167E-5
-5.486500	1.443073E-5
-5.479500	1.420663E-5
-5.472500	1.457869E-5
-5.465500	1.487473E-5
-5.458500	1.523411E-5
-5.451500	1.548789E-5
-5.444500	1.564436E-5
-5.437500	1.602911E-5
-5.430500	1.628289E-5
-5.423500	1.675647E-5
-5.416500	1.683680E-5
-5.409500	1.696369E-5
-5.402500	1.738663E-5
-5.395500	1.764030E-5
-5.388500	1.807162E-5
-5.381500	1.830840E-5
-5.374500	1.865521E-5
-5.367500	1.895544E-5
-5.360500	1.931062E-5
-5.353500	1.969119E-5
-5.346500	1.977582E-5
-5.339500	2.034241E-5
-5.332500	2.040167E-5
-5.325500	2.100633E-5
-5.318500	2.121355E-5
-5.311500	2.145034E-5
-5.304500	2.195360E-5
-5.297500	2.218201E-5
-5.290500	2.276979E-5
-5.283500	2.324756E-5
-5.276500	2.345478E-5
-5.269500	2.373813E-5
-5.262500	2.423709E-5
-5.255500	2.473185E-5
-5.248500	2.505747E-5
-5.241500	2.534501E-5
-5.234500	2.570869E-5
-5.227500	2.619077E-5
-5.220500	2.661371E-5
-5.213500	2.706610E-5
-5.206500	2.748054E-5
-5.199500	2.786540E-5
-5.192500	2.825016E-5
-5.185500	2.888031E-5
-5.178500	2.912560E-5
-5.171500	2.975564E-5
-5.164500	3.020384E-5
-5.157500	3.054645E-5
-5.150500	3.132876E-5
-5.143500	3.185309E-5
-5.136500	3.200537E-5
-5.129500	3.267347E-5
-5.122500	3.307941E-5
-5.115500	3.362494E-5
-5.108500	3.395055E-5
-5.101500	3.465253E-5
-5.094500	3.501191E-5
-5.087500	3.572658E-5
-5.080500	3.647513E-5
-5.073500	3.685988E-5
-5.066500	3.735046E-5
-5.059500	3.803975E-5
-5.052500	3.855990E-5
-5.045500	3.909273E-5
-5.038500	3.977353E-5
-5.031500	4.028098E-5
-5.024500	4.080951E-5
-5.017500	4.150311E-5
-5.010500	4.215422E-5
-5.003500	4.275050E-5
-4.996500	4.326226E-5
-4.989500	4.394306E-5
-4.982500	4.458160E-5
-4.975500	4.533434E-5
-4.968500	4.599825E-5
-4.961500	4.652678E-5
-4.954500	4.735566E-5
-4.947500	4.787580E-5
-4.940500	4.848896E-5
-4.933500	4.952494E-5
-4.926500	5.011703E-5
-4.919500	5.093741E-5
-4.912500	5.147862E-5
-4.905500	5.232019E-5
-4.898500	5.295873E-5
-4.891500	5.381287E-5
-4.884500	5.457830E-5
-4.877500	5.553826E-5
-4.870500	5.609216E-5
-4.863500	5.677296E-5
-4.856500	5.769066E-5
-4.849500	5.863793E-5
-4.842500	5.939486E-5
-4.835500	6.020255E-5
-4.828500	6.098906E-5
-4.821500	6.197859E-5
-4.814500	6.285391E-5
-4.807500	6.368279E-5
-4.800500	6.456662E-5
-4.793500	6.537850E-5
-4.786500	6.638071E-5
-4.779500	6.735325E-5
-4.772500	6.809761E-5
-4.765500	6.915478E-5
-4.758500	6.996666E-5
-4.751500	7.085048E-5
-4.744500	7.194572E-5
-4.737500	7.289718E-5
-4.730500	7.388671E-5
-4.723500	7.466483E-5
-4.716500	7.598416E-5
-4.709500	7.691444E-5
-4.702500	7.809850E-5
-4.695500	7.910491E-5
-4.688500	8.014101E-5
-4.681500	8.108397E-5
-4.674500	8.227653E-5
-4.667500	8.328294E-5
-4.660500	8.443743E-5
-4.653500	8.559611E-5
-4.646500	8.657295E-5
-4.639500	8.773583E-5
-4.632000	8.905097E-5
-4.625000	9.029836E-5
-4.618000	9.149092E-5
-4.611000	9.261572E-5
-4.604000	9.383366E-5
-4.597000	9.512762E-5
-4.590000	9.642588E-5
-4.583000	9.754649E-5
-4.576000	9.877281E-5
-4.569000	0.000100
-4.562000	0.000101
-4.555000	0.000102
-4.548000	0.000104
-4.541000	0.000105
-4.534000	0.000107
-4.527000	0.000108
-4.520000	0.000109
-4.513000	0.000111
-4.506000	0.000112
-4.499000	0.000114
-4.492000	0.000115
-4.485000	0.000116
-4.478000	0.000118
-4.471000	0.000119
-4.464000	0.000121
-4.457000	0.000122
-4.450000	0.000124
-4.443000	0.000125
-4.436000	0.000127
-4.429000	0.000128
-4.422000	0.000130
-4.415000	0.000131
-4.408000	0.000133
-4.401000	0.000135
-4.394000	0.000136
-4.387000	0.000138
-4.380000	0.000140
-4.373000	0.000141
-4.366000	0.000143
-4.359000	0.000145
-4.352000	0.000146
-4.345000	0.000148
-4.338000	0.000150
-4.331000	0.000151
-4.324000	0.000153
-4.317000	0.000155
-4.310000	0.000157
-4.303000	0.000159
-4.296000	0.000160
-4.289000	0.000162
-4.282000	0.000164
-4.275000	0.000166
-4.268000	0.000168
-4.261000	0.000170
-4.254000	0.000171
-4.247000	0.000173
-4.240000	0.000175
-4.233000	0.000177
-4.226000	0.000179
-4.219000	0.000181
-4.212000	0.000182
-4.205000	0.000184
-4.198000	0.000186
-4.191000	0.000188
-4.184000	0.000190
-4.177000	0.000192
-4.170000	0.000194
-4.163000	0.000195
-4.156000	0.000197
-4.149000	0.000199
-4.142000	0.000201
-4.135000	0.000203
-4.128000	0.000205
-4.121000	0.000206
-4.114000	0.000208
-4.107000	0.000210
-4.100000	0.000212
-4.093000	0.000213
-4.086000	0.000215
-4.079000	0.000217
-4.072000	0.000219
-4.065000	0.000220
-4.058000	0.000222
-4.051000	0.000223
-4.044000	0.000225
-4.037000	0.000227
-4.030000	0.000228
-4.023000	0.000230
-4.016000	0.000231
-4.009000	0.000233
-4.002000	0.000234
-3.995000	0.000235
-3.988000	0.000237
-3.981000	0.000238
-3.974000	0.000240
-3.967000	0.000241
-3.960000	0.000242
-3.953000	0.000243
-3.946000	0.000244
-3.939000	0.000245
-3.932000	0.000247
-3.925000	0.000248
-3.918000	0.000249
-3.911000	0.000250
-3.904000	0.000250
-3.897000	0.000251
-3.890000	0.000252
-3.883000	0.000253
-3.876000	0.000254
-3.869000	0.000255
-3.862000	0.000256
-3.855000	0.000256
-3.848000	0.000257
-3.841000	0.000258
-3.834000	0.000259
-3.827000	0.000259
-3.820000	0.000260
-3.813000	0.000261
-3.806000	0.000261
-3.799000	0.000262
-3.792000	0.000263
-3.785000	0.000263
-3.778000	0.000264
-3.771000	0.000265
-3.764000	0.000265
-3.757000	0.000266
-3.750000	0.000266
-3.743000	0.000267
-3.736000	0.000268
-3.729000	0.000268
-3.722000	0.000269
-3.715000	0.000269
-3.708000	0.000270
-3.701000	0.000270
-3.694000	0.000271
-3.687000	0.000271
-3.680000	0.000272
-3.673000	0.000272
-3.666000	0.000273
-3.659000	0.000273
-3.652000	0.000274
-3.645000	0.000275
-3.638000	0.000275
-3.631000	0.000276
-3.624000	0.000276
-3.617000	0.000276
-3.610000	0.000277
-3.602500	0.000278
-3.595500	0.000278
-3.588500	0.000278
-3.581500	0.000279
-3.574500	0.000279
-3.567500	0.000280
-3.560500	0.000280
-3.553500	0.000281
-3.546500	0.000281
-3.539500	0.000282
-3.532500	0.000282
-3.525500	0.000283
-3.518500	0.000283
-3.511500	0.000284
-3.504500	0.000284
-3.497500	0.000284
-3.490500	0.000285
-3.483500	0.000285
-3.476500	0.000286
-3.469500	0.000286
-3.462500	0.000287
-3.455500	0.000287
-3.448500	0.000287
-3.441500	0.000288
-3.434500	0.000288
-3.427500	0.000289
-3.420500	0.000289
-3.413500	0.000290
-3.406500	0.000290
-3.399500	0.000290
-3.392500	0.000291
-3.385500	0.000291
-3.378500	0.000291
-3.371500	0.000292
-3.364500	0.000292
-3.357500	0.000293
-3.350500	0.000293
-3.343500	0.000293
-3.336500	0.000294
-3.329500	0.000294
-3.322500	0.000295
-3.315500	0.000295
-3.308500	0.000295
-3.301500	0.000296
-3.294500	0.000296
-3.287500	0.000296
-3.280500	0.000297
-3.273500	0.000297
-3.266500	0.000298
-3.259500	0.000298
-3.252500	0.000298
-3.245500	0.000299
-3.238500	0.000299
-3.231500	0.000299
-3.224500	0.000300
-3.217500	0.000300
-3.210500	0.000300
-3.203500	0.000301
-3.196500	0.000301
-3.189500	0.000301
-3.182500	0.000302
-3.175500	0.000302
-3.168500	0.000302
-3.161500	0.000303
-3.154500	0.000303
-3.147500	0.000303
-3.140500	0.000304
-3.133500	0.000304
-3.126500	0.000304
-3.119500	0.000305
-3.112500	0.000305
-3.105500	0.000305
-3.098500	0.000306
-3.091500	0.000306
-3.084500	0.000306
-3.077500	0.000306
-3.070500	0.000307
-3.063500	0.000307
-3.056500	0.000307
-3.049500	0.000308
-3.042500	0.000308
-3.035500	0.000308
-3.028500	0.000309
-3.021500	0.000309
-3.014500	0.000309
-3.007500	0.000309
-3.000500	0.000310
-2.993500	0.000310
-2.986500	0.000310
-2.979500	0.000311
-2.972500	0.000311
-2.965500	0.000311
-2.958500	0.000311
-2.951500	0.000312
-2.944500	0.000312
-2.937500	0.000312
-2.930500	0.000313
-2.923500	0.000313
-2.916500	0.000313
-2.909500	0.000313
-2.902500	0.000314
-2.895500	0.000314
-2.888500	0.000314
-2.881500	0.000315
-2.874500	0.000315
-2.867500	0.000315
-2.860500	0.000315
-2.853500	0.000316
-2.846500	0.000316
-2.839500	0.000316
-2.832500	0.000316
-2.825500	0.000317
-2.818500	0.000317
-2.811500	0.000317
-2.804500	0.000317
-2.797500	0.000318
-2.790500	0.000318
-2.783500	0.000318
-2.776500	0.000318
-2.769500	0.000319
-2.762500	0.000319
-2.755500	0.000319
-2.748500	0.000319
-2.741500	0.000320
-2.734500	0.000320
-2.727500	0.000320
-2.720500	0.000320
-2.713500	0.000321
-2.706500	0.000321
-2.699500	0.000321
-2.692500	0.000321
-2.685500	0.000321
-2.678500	0.000322
-2.671500	0.000322
-2.664500	0.000322
-2.657500	0.000322
-2.650500	0.000323
-2.643500	0.000323
-2.636500	0.000323
-2.629500	0.000323
-2.622500	0.000323
-2.615000	0.000324
-2.608000	0.000324
-2.601000	0.000324
-2.594000	0.000324
-2.587000	0.000325
-2.580000	0.000325
-2.573000	0.000325
-2.566000	0.000325
-2.559000	0.000325
-2.552000	0.000326
-2.545000	0.000326
-2.538000	0.000326
-2.531000	0.000326
-2.524000	0.000327
-2.517000	0.000327
-2.510000	0.000327
-2.503000	0.000327
-2.496000	0.000327
-2.489000	0.000327
-2.482000	0.000328
-2.475000	0.000328
-2.468000	0.000328
-2.461000	0.000328
-2.454000	0.000329
-2.447000	0.000329
-2.440000	0.000329
-2.433000	0.000329
-2.426000	0.000329
-2.419000	0.000329
-2.412000	0.000330
-2.405000	0.000330
-2.398000	0.000330
-2.391000	0.000330
-2.384000	0.000330
-2.377000	0.000331
-2.370000	0.000331
-2.363000	0.000331
-2.356000	0.000331
-2.349000	0.000331
-2.342000	0.000332
-2.335000	0.000332
-2.328000	0.000332
-2.321000	0.000332
-2.314000	0.000332
-2.307000	0.000332
-2.300000	0.000333
-2.293000	0.000333
-2.286000	0.000333
-2.279000	0.000333
-2.272000	0.000333
-2.265000	0.000334
-2.258000	0.000334
-2.251000	0.000334
-2.244000	0.000334
-2.237000	0.000334
-2.230000	0.000334
-2.223000	0.000335
-2.216000	0.000335
-2.209000	0.000335
-2.202000	0.000335
-2.195000	0.000335
-2.188000	0.000335
-2.181000	0.000336
-2.174000	0.000336
-2.167000	0.000336
-2.160000	0.000336
-2.153000	0.000336
-2.146000	0.000336
-2.139000	0.000337
-2.132000	0.000337
-2.125000	0.000337
-2.118000	0.000337
-2.111000	0.000337
-2.104000	0.000337
-2.097000	0.000338
-2.090000	0.000338
-2.083000	0.000338
-2.076000	0.000338
-2.069000	0.000338
-2.062000	0.000338
-2.055000	0.000339
-2.048000	0.000339
-2.041000	0.000339
-2.034000	0.000339
-2.027000	0.000339
-2.020000	0.000339
-2.013000	0.000340
-2.006000	0.000340
-1.999000	0.000340
-1.992000	0.000340
-1.985000	0.000340
-1.978000	0.000340
-1.971000	0.000340
-1.964000	0.000341
-1.957000	0.000341
-1.950000	0.000341
-1.943000	0.000341
-1.936000	0.000341
-1.929000	0.000341
-1.922000	0.000342
-1.915000	0.000342
-1.908000	0.000342
-1.901000	0.000342
-1.894000	0.000342
-1.887000	0.000342
-1.880000	0.000342
-1.873000	0.000342
-1.866000	0.000343
-1.859000	0.000343
-1.852000	0.000343
-1.845000	0.000343
-1.838000	0.000343
-1.831000	0.000343
-1.824000	0.000344
-1.817000	0.000344
-1.810000	0.000344
-1.803000	0.000344
-1.796000	0.000344
-1.789000	0.000344
-1.782000	0.000344
-1.775000	0.000344
-1.768000	0.000345
-1.761000	0.000345
-1.754000	0.000345
-1.747000	0.000345
-1.740000	0.000345
-1.733000	0.000345
-1.726000	0.000345
-1.719000	0.000346
-1.712000	0.000346
-1.705000	0.000346
-1.698000	0.000346
-1.691000	0.000346
-1.684000	0.000346
-1.677000	0.000346
-1.670000	0.000347
-1.663000	0.000347
-1.656000	0.000347
-1.649000	0.000347
-1.642000	0.000347
-1.635000	0.000347
-1.627500	0.000347
-1.620500	0.000347
-1.613500	0.000347
-1.606500	0.000348
-1.599500	0.000348
-1.592500	0.000348
-1.585500	0.000348
-1.578500	0.000348
-1.571500	0.000348
-1.564500	0.000348
-1.557500	0.000348
-1.550500	0.000349
-1.543500	0.000349
-1.536500	0.000349
-1.529500	0.000349
-1.522500	0.000349
-1.515500	0.000349
-1.508500	0.000349
-1.501500	0.000349
-1.494500	0.000350
-1.487500	0.000350
-1.480500	0.000350
-1.473500	0.000350
-1.466500	0.000350
-1.459500	0.000350
-1.452500	0.000350
-1.445500	0.000350
-1.438500	0.000350
-1.431500	0.000351
-1.424500	0.000351
-1.417500	0.000351
-1.410500	0.000351
-1.403500	0.000351
-1.396500	0.000351
-1.389500	0.000351
-1.382500	0.000351
-1.375500	0.000352
-1.368500	0.000352
-1.361500	0.000352
-1.354500	0.000352
-1.347500	0.000352
-1.340500	0.000352
-1.333500	0.000352
-1.326500	0.000352
-1.319500	0.000353
-1.312500	0.000353
-1.305500	0.000353
-1.298500	0.000353
-1.291500	0.000353
-1.284500	0.000353
-1.277500	0.000353
-1.270500	0.000353
-1.263500	0.000353
-1.256500	0.000354
-1.249500	0.000354
-1.242500	0.000354
-1.235500	0.000354
-1.228500	0.000354
-1.221500	0.000354
-1.214500	0.000354
-1.207500	0.000354
-1.200500	0.000354
-1.193500	0.000354
-1.186500	0.000355
-1.179500	0.000355
-1.172500	0.000355
-1.165500	0.000355
-1.158500	0.000355
-1.151500	0.000355
-1.144500	0.000355
-1.137500	0.000355
-1.130500	0.000355
-1.123500	0.000355
-1.116500	0.000356
-1.109500	0.000355
-1.102500	0.000356
-1.095500	0.000356
-1.088500	0.000356
-1.081500	0.000356
-1.074500	0.000356
-1.067500	0.000356
-1.060500	0.000356
-1.053500	0.000356
-1.046500	0.000357
-1.039500	0.000357
-1.032500	0.000357
-1.025500	0.000357
-1.018500	0.000357
-1.011500	0.000357
-1.004500	0.000357
-0.997500	0.000357
-0.990500	0.000357
-0.983500	0.000357
-0.976500	0.000357
-0.969500	0.000357
-0.962500	0.000358
-0.955500	0.000358
-0.948500	0.000358
-0.941500	0.000358
-0.934500	0.000358
-0.927500	0.000358
-0.920500	0.000358
-0.913500	0.000358
-0.906500	0.000358
-0.899500	0.000358
-0.892500	0.000359
-0.885500	0.000359
-0.878500	0.000359
-0.871500	0.000359
-0.864500	0.000359
-0.857500	0.000359
-0.850500	0.000359
-0.843500	0.000359
-0.836500	0.000359
-0.829500	0.000359
-0.822500	0.000359
-0.815500	0.000359
-0.808500	0.000360
-0.801500	0.000360
-0.794500	0.000360
-0.787500	0.000360
-0.780500	0.000360
-0.773500	0.000360
-0.766500	0.000360
-0.759500	0.000360
-0.752500	0.000360
-0.745500	0.000360
-0.738500	0.000360
-0.731500	0.000361
-0.724500	0.000361
-0.717500	0.000361
-0.710500	0.000361
-0.703500	0.000361
-0.696500	0.000361
-0.689500	0.000361
-0.682500	0.000361
-0.675500	0.000361
-0.668500	0.000361
-0.661500	0.000361
-0.654500	0.000361
-0.647500	0.000361
-0.640500	0.000362
-0.633000	0.000362
-0.626000	0.000362
-0.619000	0.000362
-0.612000	0.000362
-0.605000	0.000362
-0.598000	0.000362
-0.591000	0.000362
-0.584000	0.000362
-0.577000	0.000362
-0.570000	0.000362
-0.563000	0.000362
-0.556000	0.000363
-0.549000	0.000363
-0.542000	0.000363
-0.535000	0.000363
-0.528000	0.000363
-0.521000	0.000363
-0.514000	0.000363
-0.507000	0.000363
-0.500000	0.000363
-0.493000	0.000363
-0.486000	0.000363
-0.479000	0.000363
-0.472000	0.000363
-0.465000	0.000363
-0.458000	0.000363
-0.451000	0.000364
-0.444000	0.000364
-0.437000	0.000364
-0.430000	0.000364
-0.423000	0.000364
-0.416000	0.000364
-0.409000	0.000364
-0.402000	0.000364
-0.395000	0.000364
-0.388000	0.000364
-0.381000	0.000364
-0.374000	0.000364
-0.367000	0.000364
-0.360000	0.000365
-0.353000	0.000365
-0.346000	0.000365
-0.339000	0.000365
-0.332000	0.000365
-0.325000	0.000365
-0.318000	0.000365
-0.311000	0.000365
-0.304000	0.000365
-0.297000	0.000365
-0.290000	0.000365
-0.283000	0.000365
-0.276000	0.000365
-0.269000	0.000365
-0.262000	0.000365
-0.255000	0.000366
-0.248000	0.000366
-0.241000	0.000366
-0.234000	0.000366
-0.227000	0.000366
-0.220000	0.000366
-0.213000	0.000366
-0.206000	0.000366
-0.199000	0.000366
-0.192000	0.000366
-0.185000	0.000366
-0.178000	0.000366
-0.171000	0.000366
-0.164000	0.000366
-0.157000	0.000366
-0.150000	0.000367
-0.143000	0.000366
-0.136000	0.000367
-0.129000	0.000367
-0.122000	0.000367
-0.115000	0.000367
-0.108000	0.000367
-0.101000	0.000367
-0.094000	0.000367
-0.087000	0.000367
-0.080000	0.000367
-0.073000	0.000367
-0.066000	0.000367
-0.059000	0.000367
-0.052000	0.000367
-0.045000	0.000367
-0.038000	0.000367
-0.031000	0.000368
-0.024000	0.000368
-0.017000	0.000368
-0.010000	0.000368
-0.003000	0.000368
0.004000	0.000368
0.011000	0.000368
0.018000	0.000368
0.025000	0.000368
0.032000	0.000368
0.039000	0.000368
0.046000	0.000368
0.053000	0.000368
0.060000	0.000368
0.067000	0.000368
0.074000	0.000368
0.081000	0.000368
0.088000	0.000369
0.095000	0.000369
0.102000	0.000369
0.109000	0.000369
0.116000	0.000369
0.123000	0.000369
0.130000	0.000369
0.137000	0.000369
0.144000	0.000369
0.151000	0.000369
0.158000	0.000369
0.165000	0.000369
0.172000	0.000369
0.179000	0.000369
0.186000	0.000369
0.193000	0.000369
0.200000	0.000369
0.207000	0.000369
0.214000	0.000370
0.221000	0.000370
0.228000	0.000370
0.235000	0.000370
0.242000	0.000370
0.249000	0.000370
0.256000	0.000370
0.263000	0.000370
0.270000	0.000370
0.277000	0.000370
0.284000	0.000370
0.291000	0.000370
0.298000	0.000370
0.305000	0.000370
0.312000	0.000370
0.319000	0.000370
0.326000	0.000370
0.333000	0.000370
0.340000	0.000371
0.347000	0.000371
0.354000	0.000371
0.361000	0.000371
0.368500	0.000371
0.375500	0.000371
0.382500	0.000371
0.389500	0.000371
0.396500	0.000371
0.403500	0.000371
0.410500	0.000371
0.417500	0.000371
0.424500	0.000371
0.431500	0.000371
0.438500	0.000371
0.445500	0.000371
0.452500	0.000371
0.459500	0.000371
0.466500	0.000371
0.473500	0.000371
0.480500	0.000371
0.487500	0.000371
0.494500	0.000371
0.501500	0.000372
0.508500	0.000372
0.515500	0.000372
0.522500	0.000372
0.529500	0.000372
0.536500	0.000372
0.543500	0.000372
0.550500	0.000372
0.557500	0.000372
0.564500	0.000372
0.571500	0.000372
0.578500	0.000372
0.585500	0.000372
0.592500	0.000372
0.599500	0.000372
0.606500	0.000372
0.613500	0.000372
0.620500	0.000372
0.627500	0.000372
0.634500	0.000373
0.641500	0.000372
0.648500	0.000373
0.655500	0.000373
0.662500	0.000373
0.669500	0.000373
0.676500	0.000373
0.683500	0.000373
0.690500	0.000373
0.697500	0.000373
0.704500	0.000373
0.711500	0.000373
0.718500	0.000373
0.725500	0.000373
0.732500	0.000373
0.739500	0.000373
0.746500	0.000373
0.753500	0.000373
0.760500	0.000373
0.767500	0.000373
0.774500	0.000373
0.781500	0.000373
0.788500	0.000373
0.795500	0.000374
0.802500	0.000373
0.809500	0.000373
0.816500	0.000374
0.823500	0.000374
0.830500	0.000374
0.837500	0.000374
0.844500	0.000374
0.851500	0.000374
0.858500	0.000374
0.865500	0.000374
0.872500	0.000374
0.879500	0.000374
0.886500	0.000374
0.893500	0.000374
0.900500	0.000374
0.907500	0.000374
0.914500	0.000374
0.921500	0.000374
0.928500	0.000374
0.935500	0.000374
0.942500	0.000374
0.949500	0.000374
0.956500	0.000374
0.963500	0.000374
0.970500	0.000374
0.977500	0.000375
0.984500	0.000375
0.991500	0.000375
0.998500	0.000375
1.005500	0.000375
1.012500	0.000375
1.019500	0.000375
1.026500	0.000375
1.033500	0.000375
1.040500	0.000375
1.047500	0.000375
1.054500	0.000375
1.061500	0.000375
1.068500	0.000375
1.075500	0.000375
1.082500	0.000375
1.089500	0.000375
1.096500	0.000375
1.103500	0.000375
1.110500	0.000375
1.117500	0.000375
1.124500	0.000375
1.131500	0.000375
1.138500	0.000375
1.145500	0.000375
1.152500	0.000375
1.159500	0.000375
1.166500	0.000376
1.173500	0.000376
1.180500	0.000376
1.187500	0.000376
1.194500	0.000376
1.201500	0.000376
1.208500	0.000376
1.215500	0.000376
1.222500	0.000376
1.229500	0.000376
1.236500	0.000376
1.243500	0.000376
1.250500	0.000376
1.257500	0.000376
1.264500	0.000376
1.271500	0.000376
1.278500	0.000376
1.285500	0.000376
1.292500	0.000376
1.299500	0.000376
1.306500	0.000376
1.313500	0.000376
1.320500	0.000376
1.327500	0.000376
1.334500	0.000376
1.341500	0.000376
1.348500	0.000376
1.355500	0.000376
1.363000	0.000376
1.370000	0.000376
1.377000	0.000377
1.384000	0.000377
1.391000	0.000377
1.398000	0.000377
1.405000	0.000377
1.412000	0.000377
1.419000	0.000377
1.426000	0.000377
1.433000	0.000377
1.440000	0.000377
1.447000	0.000377
1.454000	0.000377
1.461000	0.000377
1.468000	0.000377
1.475000	0.000377
1.482000	0.000377
1.489000	0.000377
1.496000	0.000377
1.503000	0.000377
1.510000	0.000377
1.517000	0.000377
1.524000	0.000377
1.531000	0.000377
1.538000	0.000377
1.545000	0.000377
1.552000	0.000377
1.559000	0.000377
1.566000	0.000377
1.573000	0.000377
1.580000	0.000377
1.587000	0.000377
1.594000	0.000377
1.601000	0.000378
1.608000	0.000377
1.615000	0.000378
1.622000	0.000378
1.629000	0.000378
1.636000	0.000378
1.643000	0.000378
1.650000	0.000378
1.657000	0.000378
1.664000	0.000378
1.671000	0.000378
1.678000	0.000378
1.685000	0.000378
1.692000	0.000378
1.699000	0.000378
1.706000	0.000378
1.713000	0.000378
1.720000	0.000378
1.727000	0.000378
1.734000	0.000378
1.741000	0.000378
1.748000	0.000378
1.755000	0.000378
1.762000	0.000378
1.769000	0.000378
1.776000	0.000378
1.783000	0.000378
1.790000	0.000378
1.797000	0.000378
1.804000	0.000378
1.811000	0.000378
1.818000	0.000378
1.825000	0.000378
1.832000	0.000378
1.839000	0.000378
1.846000	0.000378
1.853000	0.000379
1.860000	0.000379
1.867000	0.000379
1.874000	0.000379
1.881000	0.000379
1.888000	0.000379
1.895000	0.000379
1.902000	0.000379
1.909000	0.000379
1.916000	0.000379
1.923000	0.000379
1.930000	0.000379
1.937000	0.000379
1.944000	0.000379
1.951000	0.000379
1.958000	0.000379
1.965000	0.000379
1.972000	0.000379
1.979000	0.000379
1.986000	0.000379
1.993000	0.000379
2.000000	0.000379
