# ValvePos 	 Flow
1 2.0400e-06
2 2.0585e-06
3 2.1517e-06
4 2.2769e-06
5 2.3887e-06
6 2.5376e-06
7 2.7200e-06
8 2.8705e-06
9 3.0444e-06
10 3.2351e-06
11 3.4160e-06
12 3.5845e-06
13 3.7792e-06
14 4.0050e-06
15 4.2554e-06
16 4.5092e-06
17 4.7600e-06
18 5.0175e-06
19 5.2862e-06
20 5.5750e-06
21 5.8800e-06
22 6.2600e-06
23 6.6200e-06
24 6.9986e-06
25 7.4473e-06
26 7.9340e-06
27 8.4094e-06
28 8.8565e-06
29 9.4608e-06
30 9.8692e-06
31 1.0277e-05
32 1.0867e-05
33 1.1533e-05
34 1.2200e-05
35 1.2960e-05
36 1.3720e-05
37 1.4504e-05
38 1.5312e-05
39 1.6119e-05
40 1.6996e-05
41 1.7881e-05
42 1.8800e-05
43 1.9800e-05
44 2.0800e-05
45 2.1877e-05
46 2.3006e-05
47 2.4135e-05
48 2.5419e-05
49 2.6856e-05
50 2.8294e-05
51 2.9786e-05
52 3.1407e-05
53 3.3028e-05
54 3.4712e-05
55 3.6494e-05
56 3.8275e-05
57 4.0171e-05
58 4.2529e-05
59 4.4886e-05
60 4.7287e-05
61 4.9756e-05
62 5.2225e-05
63 5.4724e-05
64 5.7346e-05
65 5.9968e-05
66 6.2589e-05
67 6.5621e-05
68 6.9062e-05
69 7.2503e-05
70 7.5974e-05
71 7.9718e-05
72 8.3462e-05
73 8.7205e-05
74 9.1167e-05
75 9.6265e-05
76 1.0154e-04
77 1.0681e-04
78 1.1209e-04
79 1.1736e-04
80 1.2328e-04
81 1.2984e-04
82 1.3641e-04
83 1.4321e-04
84 1.5056e-04
85 1.5791e-04
86 1.6526e-04
87 1.7330e-04
88 1.8141e-04
89 1.8951e-04
90 1.9813e-04
91 2.0942e-04
92 2.2071e-04
93 2.3200e-04
94 2.4075e-04
95 2.4950e-04
96 2.5825e-04
97 2.6700e-04
98 2.7891e-04
99 3.0345e-04
100 3.2800e-04
101 3.4833e-04
102 3.6867e-04
103 3.8900e-04
104 4.0725e-04
105 4.2550e-04
106 4.4375e-04
107 4.6200e-04
108 4.8375e-04
109 5.0550e-04
110 5.2725e-04
111 5.4900e-04
112 5.7800e-04
113 6.0500e-04
114 6.3200e-04
115 6.5900e-04
116 6.9150e-04
117 7.2400e-04
118 7.5650e-04
119 7.8900e-04
120 8.2950e-04
121 8.7000e-04
122 9.1050e-04
123 9.5100e-04
124 1.0048e-03
125 1.0586e-03
126 1.1124e-03
127 1.1662e-03
128 1.2200e-03
129 1.2800e-03
130 1.3400e-03
131 1.4000e-03
132 1.4600e-03
133 1.5400e-03
134 1.6200e-03
135 1.7000e-03
136 1.7800e-03
137 1.8675e-03
138 1.9550e-03
139 2.0425e-03
140 2.1300e-03
141 2.1700e-03
142 2.2650e-03
143 2.3600e-03
144 2.4550e-03
145 2.5500e-03
146 2.7200e-03
147 2.8300e-03
148 2.9400e-03
149 3.0500e-03
150 3.0800e-03
151 3.2300e-03
152 3.3800e-03
153 3.5300e-03
154 3.6800e-03
155 3.8750e-03
156 4.0700e-03
157 4.2650e-03
158 4.4600e-03
159 4.7225e-03
160 4.9450e-03
161 5.1675e-03
162 5.3900e-03
163 5.6525e-03
164 5.9150e-03
165 6.1775e-03
166 6.4400e-03
167 6.5300e-03
168 6.8450e-03
169 7.1600e-03
170 7.4750e-03
171 7.7900e-03
172 8.1020e-03
173 8.4140e-03
174 8.7260e-03
175 9.0380e-03
176 9.3500e-03
177 9.7600e-03
178 1.0170e-02
179 1.0580e-02
180 1.0990e-02
181 1.1400e-02
182 1.2000e-02
183 1.2400e-02
184 1.2800e-02
185 1.3200e-02
186 1.3600e-02
187 1.3900e-02
188 1.4900e-02
189 1.5300e-02
190 1.6400e-02
191 1.6800e-02
192 1.7750e-02
193 1.8300e-02
194 1.8950e-02
195 1.9600e-02
196 2.0200e-02
197 2.1150e-02
198 2.1800e-02
199 2.2333e-02
200 2.2867e-02
201 2.3400e-02
202 2.4500e-02
203 2.6300e-02
204 2.7300e-02
205 2.8300e-02
206 2.9000e-02
207 2.9700e-02
208 3.1800e-02
209 3.2650e-02
210 3.3500e-02
211 3.4400e-02
212 3.6350e-02
213 3.7600e-02
214 3.8850e-02
215 4.0100e-02
216 4.1750e-02
217 4.2700e-02
218 4.4150e-02
219 4.5600e-02
220 4.8000e-02
221 4.8700e-02
222 5.0700e-02
223 5.2700e-02
224 5.4700e-02
225 5.6900e-02
226 5.9000e-02
227 5.9900e-02
228 6.2450e-02
229 6.5000e-02
230 6.6550e-02
231 6.8100e-02
232 6.9900e-02
233 7.2000e-02
234 7.5000e-02
235 7.8000e-02
236 8.0750e-02
237 8.3500e-02
238 8.5200e-02
239 8.7060e-02
240 8.8920e-02
241 9.0780e-02
242 9.2640e-02
243 9.4500e-02
244 9.9900e-02
245 1.0100e-01
246 1.0500e-01
247 1.0900e-01
248 1.1300e-01
249 1.1900e-01
250 1.2000e-01
251 1.2350e-01
252 1.2700e-01
253 1.3050e-01
254 1.3400e-01
255 1.3750e-01
256 1.4100e-01
257 1.4850e-01
258 1.5500e-01
259 1.6150e-01
260 1.6800e-01
261 1.7000e-01
262 1.7457e-01
263 1.7914e-01
264 1.8371e-01
265 1.8829e-01
266 1.9286e-01
267 1.9743e-01
268 2.0200e-01
269 2.0450e-01
270 2.0700e-01
271 2.1575e-01
272 2.2450e-01
273 2.3325e-01
274 2.4200e-01
275 2.5067e-01
276 2.5533e-01
277 2.6000e-01
278 2.6467e-01
279 2.6933e-01
280 2.7400e-01
281 2.7867e-01
282 2.8333e-01
283 2.8800e-01
284 2.9300e-01
285 2.9800e-01
286 3.1075e-01
287 3.2350e-01
288 3.3625e-01
289 3.4900e-01
290 3.5300e-01
291 3.5850e-01
292 3.6400e-01
293 3.7267e-01
294 3.8133e-01
295 3.9000e-01
296 3.9867e-01
297 4.0733e-01
298 4.1600e-01
299 4.3100e-01
300 4.4186e-01
301 4.5271e-01
302 4.6357e-01
303 4.7443e-01
304 4.8529e-01
305 4.9614e-01
306 5.0700e-01
307 5.2000e-01
308 5.3257e-01
309 5.4514e-01
310 5.5771e-01
311 5.7029e-01
312 5.8286e-01
313 5.9543e-01
314 6.0800e-01
315 6.2500e-01
316 6.4200e-01
317 6.5900e-01
318 6.7600e-01
319 6.9300e-01
320 7.1000e-01
321 7.2700e-01
322 7.3800e-01
323 7.4900e-01
324 7.6000e-01
325 7.7700e-01
326 7.9400e-01
327 8.1100e-01
328 8.2800e-01
329 8.4500e-01
330 8.6200e-01
331 8.7900e-01
332 9.2280e-01
333 9.4460e-01
334 9.6640e-01
335 9.8820e-01
336 1.0100e+00
337 1.0200e+00
338 1.0300e+00
339 1.0500e+00
340 1.0700e+00
341 1.1040e+00
342 1.1380e+00
343 1.1720e+00
344 1.2060e+00
345 1.2400e+00
346 1.2475e+00
347 1.2550e+00
348 1.2625e+00
349 1.2700e+00
350 1.3283e+00
351 1.3667e+00
352 1.4050e+00
353 1.4433e+00
354 1.4817e+00
355 1.5200e+00
356 1.5450e+00
357 1.5700e+00
358 1.6117e+00
359 1.6533e+00
360 1.6950e+00
361 1.7367e+00
362 1.7783e+00
363 1.8200e+00
364 1.8500e+00
365 1.8800e+00
366 1.9100e+00
367 1.9486e+00
368 1.9871e+00
369 2.0257e+00
370 2.0643e+00
371 2.1029e+00
372 2.1414e+00
373 2.1800e+00
374 2.2250e+00
375 2.2700e+00
376 2.3200e+00
377 2.3700e+00
378 2.4200e+00
379 2.4700e+00
380 2.5200e+00
381 2.5700e+00
382 2.6200e+00
383 2.6575e+00
384 2.6950e+00
385 2.7325e+00
386 2.7700e+00
387 2.9200e+00
388 2.9800e+00
389 3.0400e+00
390 3.1000e+00
391 3.1933e+00
392 3.2467e+00
393 3.3000e+00
394 3.4000e+00
395 3.5000e+00
396 3.5317e+00
397 3.5633e+00
398 3.5950e+00
399 3.6267e+00
400 3.6583e+00
401 3.6900e+00
402 3.7950e+00
403 3.9000e+00
404 3.9670e+00
405 4.0340e+00
406 4.1010e+00
407 4.1680e+00
408 4.2350e+00
409 4.3020e+00
410 4.3690e+00
411 4.4360e+00
412 4.5030e+00
413 4.5700e+00
414 4.6400e+00
415 4.7467e+00
416 4.8533e+00
417 4.9600e+00
418 5.0667e+00
419 5.1733e+00
420 5.2800e+00
421 5.3867e+00
422 5.4933e+00
423 5.6000e+00
424 5.6982e+00
425 5.7964e+00
426 5.8945e+00
427 5.9927e+00
428 6.0909e+00
429 6.1891e+00
430 6.2873e+00
431 6.3855e+00
432 6.4836e+00
433 6.5818e+00
434 6.6800e+00
435 6.7982e+00
436 6.9164e+00
437 7.0345e+00
438 7.1527e+00
439 7.2709e+00
440 7.3891e+00
441 7.5073e+00
442 7.6255e+00
443 7.7436e+00
444 7.8618e+00
445 7.9800e+00
446 7.9800e+00
447 8.1340e+00
448 8.2880e+00
449 8.4420e+00
450 8.5960e+00
451 8.7500e+00
452 8.9040e+00
453 9.0580e+00
454 9.2120e+00
455 9.3660e+00
456 9.5200e+00
457 9.6818e+00
458 9.8436e+00
459 1.0005e+01
460 1.0167e+01
461 1.0329e+01
462 1.0491e+01
463 1.0653e+01
464 1.0815e+01
465 1.0976e+01
466 1.1138e+01
467 1.1300e+01
468 1.1467e+01
469 1.1633e+01
470 1.1800e+01
471 1.1980e+01
472 1.2160e+01
473 1.2340e+01
474 1.2520e+01
475 1.2700e+01
476 1.2880e+01
477 1.3060e+01
478 1.3240e+01
479 1.3420e+01
480 1.3600e+01
481 1.3900e+01
482 1.4200e+01
483 1.4410e+01
484 1.4620e+01
485 1.4830e+01
486 1.5040e+01
487 1.5250e+01
488 1.5460e+01
489 1.5670e+01
490 1.5880e+01
491 1.6090e+01
492 1.6300e+01
493 1.6567e+01
494 1.6833e+01
495 1.7100e+01
496 1.7378e+01
497 1.7656e+01
498 1.7933e+01
499 1.8211e+01
500 1.8489e+01
501 1.8767e+01
502 1.9044e+01
503 1.9322e+01
504 1.9600e+01
505 2.0500e+01
506 2.0837e+01
507 2.1175e+01
508 2.1512e+01
509 2.1850e+01
510 2.2188e+01
511 2.2525e+01
512 2.2863e+01
513 2.3200e+01
514 2.3420e+01
515 2.3640e+01
516 2.3860e+01
517 2.4080e+01
518 2.4300e+01
519 2.4689e+01
520 2.5078e+01
521 2.5467e+01
522 2.5856e+01
523 2.6244e+01
524 2.6633e+01
525 2.7022e+01
526 2.7411e+01
527 2.7800e+01
528 2.8150e+01
529 2.8500e+01
530 2.8850e+01
531 2.9200e+01
532 2.9729e+01
533 3.0257e+01
534 3.0786e+01
535 3.1314e+01
536 3.1843e+01
537 3.2371e+01
538 3.2900e+01
539 3.3400e+01
540 3.3900e+01
541 3.4400e+01
542 3.4900e+01
543 3.5250e+01
544 3.5600e+01
545 3.5950e+01
546 3.6300e+01
547 3.6650e+01
548 3.7000e+01
549 3.7350e+01
550 3.7700e+01
551 3.8050e+01
552 3.8400e+01
553 3.8750e+01
554 3.9100e+01
555 3.9675e+01
556 4.0250e+01
557 4.0825e+01
558 4.1400e+01
559 4.2100e+01
560 4.2800e+01
561 4.3500e+01
562 4.4200e+01
563 4.4900e+01
564 4.5600e+01
565 4.6300e+01
566 4.7000e+01
567 4.7733e+01
568 4.8467e+01
569 4.9200e+01
570 4.9930e+01
571 5.0660e+01
572 5.1390e+01
573 5.2120e+01
574 5.2850e+01
575 5.3580e+01
576 5.4310e+01
577 5.5040e+01
578 5.5770e+01
579 5.6500e+01
580 5.7186e+01
581 5.7871e+01
582 5.8557e+01
583 5.9243e+01
584 5.9929e+01
585 6.0614e+01
586 6.1300e+01
587 6.2188e+01
588 6.3075e+01
589 6.3962e+01
590 6.4850e+01
591 6.5737e+01
592 6.6625e+01
593 6.7513e+01
594 6.8400e+01
595 6.9300e+01
596 7.0200e+01
597 7.1100e+01
598 7.2000e+01
599 7.2900e+01
600 7.3800e+01
601 7.4700e+01
602 7.5600e+01
603 7.6500e+01
604 7.7400e+01
605 7.8300e+01
606 7.9200e+01
607 8.0100e+01
608 8.1000e+01
609 8.1971e+01
610 8.2943e+01
611 8.3914e+01
612 8.4886e+01
613 8.5857e+01
614 8.6829e+01
615 8.7800e+01
616 8.9900e+01
617 9.2000e+01
618 9.4100e+01
619 9.6200e+01
620 9.7125e+01
621 9.8050e+01
622 9.8975e+01
623 9.9900e+01
624 1.0049e+02
625 1.0107e+02
626 1.0166e+02
627 1.0224e+02
628 1.0283e+02
629 1.0341e+02
630 1.0400e+02
631 1.0600e+02
632 1.0800e+02
633 1.1000e+02
634 1.1200e+02
635 1.1400e+02
636 1.1533e+02
637 1.1667e+02
638 1.1800e+02
639 1.1950e+02
640 1.2100e+02
641 1.2250e+02
642 1.2400e+02
643 1.2543e+02
644 1.2686e+02
645 1.2829e+02
646 1.2971e+02
647 1.3114e+02
648 1.3257e+02
649 1.3400e+02
650 1.3520e+02
651 1.3640e+02
652 1.3760e+02
653 1.3880e+02
654 1.4000e+02
655 1.4100e+02
656 1.4550e+02
657 1.5000e+02
658 1.5090e+02
659 1.5180e+02
660 1.5270e+02
661 1.5360e+02
662 1.5450e+02
663 1.5540e+02
664 1.5630e+02
665 1.5720e+02
666 1.5810e+02
667 1.5900e+02
668 1.6200e+02
669 1.6500e+02
670 1.6800e+02
671 1.7008e+02
672 1.7217e+02
673 1.7425e+02
674 1.7633e+02
675 1.7842e+02
676 1.8050e+02
677 1.8258e+02
678 1.8467e+02
679 1.8675e+02
680 1.8883e+02
681 1.9092e+02
682 1.9300e+02
683 1.9500e+02
684 1.9700e+02
685 1.9900e+02
686 2.0100e+02
687 2.0300e+02
688 2.0527e+02
689 2.0755e+02
690 2.0982e+02
691 2.1209e+02
692 2.1436e+02
693 2.1664e+02
694 2.1891e+02
695 2.2118e+02
696 2.2345e+02
697 2.2573e+02
698 2.2800e+02
699 2.3043e+02
700 2.3286e+02
701 2.3529e+02
702 2.3771e+02
703 2.4014e+02
704 2.4257e+02
705 2.4500e+02
706 2.4733e+02
707 2.4967e+02
708 2.5200e+02
709 2.5433e+02
710 2.5667e+02
711 2.5900e+02
712 2.6133e+02
713 2.6367e+02
714 2.6600e+02
715 2.6833e+02
716 2.7067e+02
717 2.7300e+02
718 2.7612e+02
719 2.7925e+02
720 2.8238e+02
721 2.8550e+02
722 2.8862e+02
723 2.9175e+02
724 2.9488e+02
725 2.9800e+02
726 3.0144e+02
727 3.0489e+02
728 3.0833e+02
729 3.1178e+02
730 3.1522e+02
731 3.1867e+02
732 3.2211e+02
733 3.2556e+02
734 3.2900e+02
735 3.3225e+02
736 3.3550e+02
737 3.3875e+02
738 3.4200e+02
739 3.4525e+02
740 3.4850e+02
741 3.5175e+02
742 3.5500e+02
743 3.5840e+02
744 3.6180e+02
745 3.6520e+02
746 3.6860e+02
747 3.7200e+02
748 3.7540e+02
749 3.7880e+02
750 3.8220e+02
751 3.8560e+02
752 3.8900e+02
753 3.9256e+02
754 3.9611e+02
755 3.9967e+02
756 4.0322e+02
757 4.0678e+02
758 4.1033e+02
759 4.1389e+02
760 4.1744e+02
761 4.2100e+02
762 4.2640e+02
763 4.3180e+02
764 4.3720e+02
765 4.4260e+02
766 4.4800e+02
767 4.5340e+02
768 4.5880e+02
769 4.6420e+02
770 4.6960e+02
771 4.7500e+02
772 4.7843e+02
773 4.8186e+02
774 4.8529e+02
775 4.8871e+02
776 4.9214e+02
777 4.9557e+02
778 4.9900e+02
779 5.0423e+02
780 5.0946e+02
781 5.1469e+02
782 5.1992e+02
783 5.2515e+02
784 5.3038e+02
785 5.3562e+02
786 5.4085e+02
787 5.4608e+02
788 5.5131e+02
789 5.5654e+02
790 5.6177e+02
791 5.6700e+02
792 5.7420e+02
793 5.8140e+02
794 5.8860e+02
795 5.9580e+02
796 6.0300e+02
797 6.0823e+02
798 6.1346e+02
799 6.1869e+02
800 6.2392e+02
801 6.2915e+02
802 6.3438e+02
803 6.3962e+02
804 6.4485e+02
805 6.5008e+02
806 6.5531e+02
807 6.6054e+02
808 6.6577e+02
809 6.7100e+02
810 6.7838e+02
811 6.8575e+02
812 6.9312e+02
813 7.0050e+02
814 7.0788e+02
815 7.1525e+02
816 7.2262e+02
817 7.3000e+02
818 7.3600e+02
819 7.4200e+02
820 7.4800e+02
821 7.5400e+02
822 7.6000e+02
823 7.6600e+02
824 7.7200e+02
825 7.7800e+02
826 7.8400e+02
827 7.9000e+02
828 7.9600e+02
829 8.0200e+02
830 8.0800e+02
831 8.1533e+02
832 8.2267e+02
833 8.3000e+02
834 8.3733e+02
835 8.4467e+02
836 8.5200e+02
837 8.5933e+02
838 8.6667e+02
839 8.7400e+02
840 8.8657e+02
841 8.9914e+02
842 9.1171e+02
843 9.2429e+02
844 9.3686e+02
845 9.4943e+02
846 9.6200e+02
847 9.7314e+02
848 9.8429e+02
849 9.9543e+02
850 1.0066e+03
851 1.0177e+03
852 1.0289e+03
853 1.0400e+03
854 1.0507e+03
855 1.0613e+03
856 1.0720e+03
857 1.0827e+03
858 1.0933e+03
859 1.1040e+03
860 1.1147e+03
861 1.1253e+03
862 1.1360e+03
863 1.1467e+03
864 1.1573e+03
865 1.1680e+03
866 1.1787e+03
867 1.1893e+03
868 1.2000e+03
869 1.2062e+03
870 1.2125e+03
871 1.2188e+03
872 1.2250e+03
873 1.2312e+03
874 1.2375e+03
875 1.2438e+03
876 1.2500e+03
877 1.2620e+03
878 1.2740e+03
879 1.2860e+03
880 1.2980e+03
881 1.3100e+03
882 1.3220e+03
883 1.3340e+03
884 1.3460e+03
885 1.3580e+03
886 1.3700e+03
887 1.3820e+03
888 1.3940e+03
889 1.4060e+03
890 1.4180e+03
891 1.4300e+03
892 1.4375e+03
893 1.4450e+03
894 1.4525e+03
895 1.4600e+03
896 1.4675e+03
897 1.4750e+03
898 1.4825e+03
899 1.4900e+03
900 1.5085e+03
901 1.5269e+03
902 1.5454e+03
903 1.5638e+03
904 1.5823e+03
905 1.6008e+03
906 1.6192e+03
907 1.6377e+03
908 1.6562e+03
909 1.6746e+03
910 1.6931e+03
911 1.7115e+03
912 1.7300e+03
913 1.7550e+03
914 1.7800e+03
915 1.8050e+03
916 1.8300e+03
917 1.8550e+03
918 1.8800e+03
919 1.8920e+03
920 1.9040e+03
921 1.9160e+03
922 1.9280e+03
923 1.9400e+03
924 1.9520e+03
925 1.9640e+03
926 1.9760e+03
927 1.9880e+03
928 2.0000e+03
929 2.0120e+03
930 2.0240e+03
931 2.0360e+03
932 2.0480e+03
933 2.0600e+03
934 2.0720e+03
935 2.0840e+03
936 2.0960e+03
937 2.1080e+03
938 2.1200e+03
939 2.1320e+03
940 2.1440e+03
941 2.1560e+03
942 2.1680e+03
943 2.1800e+03
944 2.1778e+03
945 2.1756e+03
946 2.1733e+03
947 2.1711e+03
948 2.1689e+03
949 2.1667e+03
950 2.1644e+03
951 2.1622e+03
952 2.1600e+03
953 2.1907e+03
954 2.2213e+03
955 2.2520e+03
956 2.2827e+03
957 2.3133e+03
958 2.3440e+03
959 2.3747e+03
960 2.4053e+03
961 2.4360e+03
962 2.4667e+03
963 2.4973e+03
964 2.5280e+03
965 2.5587e+03
966 2.5893e+03
967 2.6200e+03
968 2.6150e+03
969 2.6100e+03
970 2.6656e+03
971 2.7211e+03
972 2.7767e+03
973 2.8322e+03
974 2.8878e+03
975 2.9433e+03
976 2.9989e+03
977 3.0544e+03
978 3.1100e+03
979 3.1656e+03
980 3.2211e+03
981 3.2767e+03
982 3.3322e+03
983 3.3878e+03
984 3.4433e+03
985 3.4989e+03
986 3.5544e+03
987 3.6100e+03
988 3.6656e+03
989 3.7211e+03
990 3.7767e+03
991 3.8322e+03
992 3.8878e+03
993 3.9433e+03
994 3.9989e+03
995 4.0544e+03
996 4.1100e+03
997 4.1656e+03
998 4.2211e+03
999 4.2767e+03
