10.000	0.466
20.000	0.465
30.000	0.466
40.000	0.463
50.000	0.461
60.000	0.460
70.000	0.459
80.000	0.462
90.000	0.462
100.000	0.460
110.000	0.460
120.000	0.456
130.000	0.461
140.000	0.462
150.000	0.460
160.000	0.470
170.000	0.464
180.000	0.464
190.000	0.461
200.000	0.461
210.000	0.463
220.000	0.461
230.000	0.457
240.000	0.458
250.000	0.458
260.000	0.457
270.000	0.463
280.000	0.462
290.000	0.457
300.000	0.457
310.000	0.460
320.000	0.464
330.000	0.464
340.000	0.455
350.000	0.453
360.000	0.456
370.000	0.455
380.000	0.457
390.000	0.452
400.000	0.452
410.000	0.452
420.000	0.459
430.000	0.468
440.000	0.462
450.000	0.457
460.000	0.456
470.000	0.461
480.000	0.461
490.000	0.463
500.000	0.461
510.000	0.465
520.000	0.460
530.000	0.456
540.000	0.462
550.000	0.460
560.000	0.463
570.000	0.460
580.000	0.460
590.000	0.456
600.000	0.453
610.000	0.454
620.000	0.461
630.000	0.464
640.000	0.462
650.000	0.464
660.000	0.461
670.000	0.462
680.000	0.461
690.000	0.466
700.000	0.468
710.000	0.472
720.000	0.466
730.000	0.469
740.000	0.467
750.000	0.466
760.000	0.463
770.000	0.462
780.000	0.459
790.000	0.458
800.000	0.464
810.000	0.466
820.000	0.471
830.000	0.474
840.000	0.468
850.000	0.467
860.000	0.467
870.000	0.465
880.000	0.471
890.000	0.469
900.000	0.470
910.000	0.471
920.000	0.468
930.000	0.469
940.000	0.467
950.000	0.466
960.000	0.463
970.000	0.466
980.000	0.463
990.000	0.463
1000.000	0.461
1010.000	0.459
1020.000	0.463
1030.000	0.462
1040.000	0.465
1050.000	0.468
1060.000	0.466
1070.000	0.467
1080.000	0.475
1090.000	0.475
1100.000	0.476
1110.000	0.474
1120.000	0.470
1130.000	0.472
1140.000	0.464
1150.000	0.463
1160.000	0.462
1170.000	0.463
1180.000	0.463
1190.000	0.470
1200.000	0.467
1210.000	0.469
1220.000	0.474
1230.000	0.470
1240.000	0.468
1250.000	0.469
1260.000	0.471
1270.000	0.466
1280.000	0.474
1290.000	0.470
1300.000	0.469
1310.000	0.463
1320.000	0.464
1330.000	0.467
1340.000	0.471
1350.000	0.466
1360.000	0.462
1370.000	0.464
1380.000	0.463
1390.000	0.462
1400.000	0.462
1410.000	0.458
1420.000	0.456
1430.000	0.458
1440.000	0.462
1450.000	0.463
1460.000	0.461
1470.000	0.471
1480.000	0.470
1490.000	0.467
1500.000	0.468
1510.000	0.466
1520.000	0.467
1530.000	0.462
1540.000	0.460
1550.000	0.466
1560.000	0.471
1570.000	0.471
1580.000	0.467
1590.000	0.472
1600.000	0.465
1610.000	0.474
1620.000	0.475
1630.000	0.473
1640.000	0.470
1650.000	0.468
1660.000	0.477
1670.000	0.470
1680.000	0.469
1690.000	0.472
1700.000	0.469
1710.000	0.468
1720.000	0.465
1730.000	0.469
1740.000	0.469
1750.000	0.466
1760.000	0.470
1770.000	0.465
1780.000	0.468
1790.000	0.469
1800.000	0.472
1810.000	0.469
1820.000	0.469
1830.000	0.472
1840.000	0.468
1850.000	0.468
1860.000	0.468
1870.000	0.464
1880.000	0.467
1890.000	0.470
1900.000	0.467
1910.000	0.472
1920.000	0.471
1930.000	0.472
1940.000	0.471
1950.000	0.471
1960.000	0.472
1970.000	0.472
1980.000	0.472
1990.000	0.475
2000.000	0.471
2010.000	0.466
2020.000	0.462
2030.000	0.457
2040.000	0.464
2050.000	0.462
2060.000	0.463
2070.000	0.463
2080.000	0.464
2090.000	0.459
2100.000	0.468
2110.000	0.466
2120.000	0.464
2130.000	0.465
2140.000	0.466
2150.000	0.462
2160.000	0.460
2170.000	0.470
2180.000	0.472
2190.000	0.470
2200.000	0.468
2210.000	0.468
2220.000	0.474
2230.000	0.476
2240.000	0.474
2250.000	0.472
2260.000	0.475
2270.000	0.472
2280.000	0.472
2290.000	0.471
2300.000	0.474
2310.000	0.475
2320.000	0.475
2330.000	0.476
2340.000	0.472
2350.000	0.475
2360.000	0.470
2370.000	0.470
2380.000	0.468
2390.000	0.465
2400.000	0.466
2410.000	0.469
2420.000	0.472
2430.000	0.467
2440.000	0.471
2450.000	0.468
2460.000	0.474
2470.000	0.469
2480.000	0.472
2490.000	0.472
2500.000	0.478
2510.000	0.476
2520.000	0.475
2530.000	0.473
2540.000	0.470
2550.000	0.471
2560.000	0.470
2570.000	0.472
2580.000	0.476
2590.000	0.478
2600.000	0.477
2610.000	0.478
2620.000	0.475
2630.000	0.475
2640.000	0.476
2650.000	0.477
2660.000	0.476
2670.000	0.480
2680.000	0.477
2690.000	0.478
2700.000	0.469
2710.000	0.473
2720.000	0.469
2730.000	0.470
2740.000	0.483
2750.000	0.477
2760.000	0.477
2770.000	0.475
2780.000	0.475
2790.000	0.478
2800.000	0.475
2810.000	0.478
2820.000	0.480
2830.000	0.472
2840.000	0.480
2850.000	0.479
2860.000	0.482
2870.000	0.479
2880.000	0.479
2890.000	0.477
2900.000	0.483
2910.000	0.481
2920.000	0.482
2930.000	0.472
2940.000	0.472
2950.000	0.480
2960.000	0.481
2970.000	0.479
2980.000	0.479
2990.000	0.476
3000.000	0.472
3010.000	0.481
3020.000	0.474
3030.000	0.480
3040.000	0.481
3050.000	0.481
3060.000	0.480
3070.000	0.481
3080.000	0.478
3090.000	0.484
3100.000	0.485
3110.000	0.483
3120.000	0.482
3130.000	0.487
3140.000	0.488
3150.000	0.480
3160.000	0.484
3170.000	0.488
3180.000	0.486
3190.000	0.491
3200.000	0.483
3210.000	0.475
3220.000	0.485
3230.000	0.492
3240.000	0.485
3250.000	0.487
3260.000	0.493
3270.000	0.489
3280.000	0.486
3290.000	0.481
3300.000	0.479
3310.000	0.480
3320.000	0.487
3330.000	0.484
3340.000	0.476
3350.000	0.481
3360.000	0.485
3370.000	0.483
3380.000	0.482
3390.000	0.483
3400.000	0.484
3410.000	0.483
3420.000	0.482
3430.000	0.488
3440.000	0.480
3450.000	0.475
3460.000	0.480
3470.000	0.482
3480.000	0.483
3490.000	0.483
3500.000	0.472
3510.000	0.479
3520.000	0.484
3530.000	0.481
3540.000	0.475
3550.000	0.477
3560.000	0.482
3570.000	0.476
3580.000	0.483
3590.000	0.482
3600.000	0.486
3610.000	0.485
3620.000	0.488
3630.000	0.483
3640.000	0.484
3650.000	0.485
3660.000	0.483
3670.000	0.488
3680.000	0.479
3690.000	0.479
3700.000	0.478
3710.000	0.484
3720.000	0.480
3730.000	0.479
3740.000	0.481
3750.000	0.485
3760.000	0.483
3770.000	0.476
3780.000	0.486
3790.000	0.489
3800.000	0.482
3810.000	0.485
3820.000	0.479
3830.000	0.479
3840.000	0.481
3850.000	0.476
3860.000	0.477
3870.000	0.480
3880.000	0.485
3890.000	0.485
3900.000	0.483
3910.000	0.484
3920.000	0.483
3930.000	0.483
3940.000	0.486
3950.000	0.485
3960.000	0.485
3970.000	0.483
3980.000	0.488
3990.000	0.487
4000.000	0.483
4010.000	0.488
4020.000	0.487
4030.000	0.483
4040.000	0.484
4050.000	0.480
4060.000	0.476
4070.000	0.484
4080.000	0.485
4090.000	0.484
4100.000	0.481
4110.000	0.479
4120.000	0.482
4130.000	0.484
4140.000	0.485
4150.000	0.480
4160.000	0.484
4170.000	0.486
4180.000	0.482
4190.000	0.483
4200.000	0.488
4210.000	0.486
4220.000	0.483
4230.000	0.485
4240.000	0.484
4250.000	0.483
4260.000	0.486
4270.000	0.484
4280.000	0.483
4290.000	0.484
4300.000	0.478
4310.000	0.473
4320.000	0.478
4330.000	0.482
4340.000	0.480
4350.000	0.484
4360.000	0.494
4370.000	0.493
4380.000	0.485
4390.000	0.482
4400.000	0.489
4410.000	0.493
4420.000	0.492
4430.000	0.486
4440.000	0.488
4450.000	0.495
4460.000	0.512
4470.000	0.505
4480.000	0.496
4490.000	0.490
4500.000	0.492
4510.000	0.490
4520.000	0.488
4530.000	0.487
4540.000	0.485
4550.000	0.492
4560.000	0.493
4570.000	0.495
4580.000	0.489
4590.000	0.492
4600.000	0.488
4610.000	0.487
4620.000	0.485
4630.000	0.492
4640.000	0.487
4650.000	0.490
4660.000	0.489
4670.000	0.494
4680.000	0.490
4690.000	0.485
4700.000	0.484
4710.000	0.486
4720.000	0.491
4730.000	0.486
4740.000	0.489
4750.000	0.493
4760.000	0.492
4770.000	0.498
4780.000	0.495
4790.000	0.493
4800.000	0.490
4810.000	0.485
4820.000	0.479
4830.000	0.480
4840.000	0.487
4850.000	0.488
4860.000	0.487
4870.000	0.494
4880.000	0.486
4890.000	0.484
4900.000	0.486
4910.000	0.485
4920.000	0.485
4930.000	0.485
4940.000	0.489
4950.000	0.492
4960.000	0.491
4970.000	0.498
4980.000	0.495
4990.000	0.493
5000.000	0.487
5010.000	0.487
5020.000	0.494
5030.000	0.493
5040.000	0.489
5050.000	0.491
5060.000	0.492
5070.000	0.488
5080.000	0.490
5090.000	0.492
5100.000	0.498
5110.000	0.498
5120.000	0.497
5130.000	0.493
5140.000	0.489
5150.000	0.495
5160.000	0.490
5170.000	0.488
5180.000	0.486
5190.000	0.486
5200.000	0.485
5210.000	0.493
5220.000	0.496
5230.000	0.495
5240.000	0.497
5250.000	0.495
5260.000	0.496
5270.000	0.502
5280.000	0.498
5290.000	0.498
5300.000	0.496
5310.000	0.497
5320.000	0.494
5330.000	0.490
5340.000	0.487
5350.000	0.491
5360.000	0.490
5370.000	0.494
5380.000	0.493
5390.000	0.489
5400.000	0.493
5410.000	0.486
5420.000	0.494
5430.000	0.493
5440.000	0.492
5450.000	0.493
5460.000	0.493
5470.000	0.494
5480.000	0.501
5490.000	0.498
5500.000	0.496
5510.000	0.489
5520.000	0.503
5530.000	0.496
5540.000	0.493
5550.000	0.498
5560.000	0.503
5570.000	0.502
5580.000	0.500
5590.000	0.506
5600.000	0.504
5610.000	0.501
5620.000	0.498
5630.000	0.500
5640.000	0.495
5650.000	0.492
5660.000	0.497
5670.000	0.498
5680.000	0.497
5690.000	0.505
5700.000	0.502
5710.000	0.498
5720.000	0.499
5730.000	0.495
5740.000	0.495
5750.000	0.498
5760.000	0.498
5770.000	0.496
5780.000	0.495
5790.000	0.492
5800.000	0.492
5810.000	0.487
5820.000	0.491
5830.000	0.499
5840.000	0.506
5850.000	0.503
5860.000	0.501
5870.000	0.498
5880.000	0.501
5890.000	0.511
5900.000	0.506
5910.000	0.509
5920.000	0.506
5930.000	0.508
5940.000	0.505
5950.000	0.503
5960.000	0.504
5970.000	0.506
5980.000	0.504
5990.000	0.492
6000.000	0.497
6010.000	0.495
6020.000	0.500
6030.000	0.501
6040.000	0.500
6050.000	0.499
6060.000	0.498
6070.000	0.500
6080.000	0.504
6090.000	0.498
6100.000	0.503
6110.000	0.505
6120.000	0.509
6130.000	0.507
6140.000	0.501
6150.000	0.502
6160.000	0.509
6170.000	0.512
6180.000	0.513
6190.000	0.507
6200.000	0.503
6210.000	0.504
6220.000	0.500
6230.000	0.500
6240.000	0.500
6250.000	0.503
6260.000	0.504
6270.000	0.506
6280.000	0.502
6290.000	0.504
6300.000	0.498
6310.000	0.503
6320.000	0.497
6330.000	0.501
6340.000	0.501
6350.000	0.503
6360.000	0.506
6370.000	0.510
6380.000	0.509
6390.000	0.509
6400.000	0.505
6410.000	0.514
6420.000	0.513
6430.000	0.513
6440.000	0.506
6450.000	0.508
6460.000	0.506
6470.000	0.503
6480.000	0.504
6490.000	0.507
6500.000	0.505
6510.000	0.500
6520.000	0.507
6530.000	0.512
6540.000	0.517
6550.000	0.513
6560.000	0.515
6570.000	0.514
6580.000	0.511
6590.000	0.510
6600.000	0.509
6610.000	0.510
6620.000	0.508
6630.000	0.503
6640.000	0.500
6650.000	0.496
6660.000	0.502
6670.000	0.500
6680.000	0.504
6690.000	0.504
6700.000	0.507
6710.000	0.514
6720.000	0.514
6730.000	0.515
6740.000	0.511
6750.000	0.512
6760.000	0.511
6770.000	0.506
6780.000	0.510
6790.000	0.509
6800.000	0.512
6810.000	0.508
6820.000	0.512
6830.000	0.509
6840.000	0.516
6850.000	0.510
6860.000	0.508
6870.000	0.505
6880.000	0.507
6890.000	0.499
6900.000	0.505
6910.000	0.512
6920.000	0.508
6930.000	0.514
6940.000	0.513
6950.000	0.503
6960.000	0.511
6970.000	0.506
6980.000	0.509
6990.000	0.514
7000.000	0.509
7010.000	0.508
7020.000	0.506
7030.000	0.508
7040.000	0.515
7050.000	0.518
7060.000	0.522
7070.000	0.525
7080.000	0.518
7090.000	0.520
7100.000	0.512
7110.000	0.513
7120.000	0.516
7130.000	0.514
7140.000	0.515
7150.000	0.517
7160.000	0.510
7170.000	0.514
7180.000	0.513
7190.000	0.504
7200.000	0.507
7210.000	0.510
7220.000	0.514
7230.000	0.512
7240.000	0.504
7250.000	0.507
7260.000	0.511
7270.000	0.510
7280.000	0.508
7290.000	0.512
7300.000	0.513
7310.000	0.509
7320.000	0.508
7330.000	0.514
7340.000	0.511
7350.000	0.510
7360.000	0.510
7370.000	0.520
7380.000	0.519
7390.000	0.521
7400.000	0.519
7410.000	0.517
7420.000	0.518
7430.000	0.520
7440.000	0.531
7450.000	0.524
7460.000	0.516
7470.000	0.521
7480.000	0.522
7490.000	0.527
7500.000	0.522
7510.000	0.512
7520.000	0.518
7530.000	0.511
7540.000	0.518
7550.000	0.516
7560.000	0.518
7570.000	0.518
7580.000	0.519
7590.000	0.521
7600.000	0.524
7610.000	0.522
7620.000	0.516
7630.000	0.514
7640.000	0.515
7650.000	0.513
7660.000	0.521
7670.000	0.520
7680.000	0.519
7690.000	0.510
7700.000	0.509
7710.000	0.510
7720.000	0.512
7730.000	0.510
7740.000	0.505
7750.000	0.507
7760.000	0.509
7770.000	0.507
7780.000	0.506
7790.000	0.507
7800.000	0.508
7810.000	0.507
7820.000	0.516
7830.000	0.509
7840.000	0.507
7850.000	0.513
7860.000	0.511
7870.000	0.514
7880.000	0.517
7890.000	0.517
7900.000	0.525
7910.000	0.523
7920.000	0.522
7930.000	0.515
7940.000	0.522
7950.000	0.521
7960.000	0.532
7970.000	0.524
7980.000	0.525
7990.000	0.527
8000.000	0.523
8010.000	0.521
8020.000	0.516
8030.000	0.523
8040.000	0.525
8050.000	0.528
8060.000	0.528
8070.000	0.527
8080.000	0.524
8090.000	0.519
8100.000	0.521
8110.000	0.523
8120.000	0.529
8130.000	0.528
8140.000	0.523
8150.000	0.518
8160.000	0.513
8170.000	0.515
8180.000	0.516
8190.000	0.509
8200.000	0.522
8210.000	0.522
8220.000	0.526
8230.000	0.536
8240.000	0.529
8250.000	0.530
8260.000	0.531
8270.000	0.531
8280.000	0.525
8290.000	0.528
8300.000	0.521
8310.000	0.508
8320.000	0.506
8330.000	0.505
8340.000	0.508
8350.000	0.512
8360.000	0.512
8370.000	0.516
8380.000	0.515
8390.000	0.514
8400.000	0.518
8410.000	0.513
8420.000	0.522
8430.000	0.527
8440.000	0.525
8450.000	0.534
8460.000	0.531
8470.000	0.532
8480.000	0.528
8490.000	0.530
8500.000	0.528
8510.000	0.524
8520.000	0.534
8530.000	0.533
8540.000	0.533
8550.000	0.528
8560.000	0.531
8570.000	0.539
8580.000	0.544
8590.000	0.546
8600.000	0.545
8610.000	0.543
8620.000	0.546
8630.000	0.543
8640.000	0.545
8650.000	0.551
8660.000	0.548
8670.000	0.545
8680.000	0.541
8690.000	0.542
8700.000	0.546
8710.000	0.549
8720.000	0.555
8730.000	0.546
8740.000	0.537
8750.000	0.532
8760.000	0.521
8770.000	0.518
8780.000	0.519
8790.000	0.523
8800.000	0.521
8810.000	0.521
8820.000	0.526
8830.000	0.528
8840.000	0.527
8850.000	0.525
8860.000	0.521
8870.000	0.518
8880.000	0.516
8890.000	0.516
8900.000	0.518
8910.000	0.520
8920.000	0.526
8930.000	0.522
8940.000	0.524
8950.000	0.524
8960.000	0.527
8970.000	0.522
8980.000	0.519
8990.000	0.524
9000.000	0.522
9010.000	0.527
9020.000	0.524
9030.000	0.524
9040.000	0.523
9050.000	0.522
9060.000	0.514
9070.000	0.522
9080.000	0.519
9090.000	0.528
9100.000	0.523
9110.000	0.516
9120.000	0.517
9130.000	0.515
9140.000	0.516
9150.000	0.516
9160.000	0.523
9170.000	0.523
9180.000	0.531
9190.000	0.535
9200.000	0.534
9210.000	0.539
9220.000	0.534
9230.000	0.521
9240.000	0.525
9250.000	0.529
9260.000	0.535
9270.000	0.529
9280.000	0.533
9290.000	0.530
9300.000	0.528
9310.000	0.536
9320.000	0.544
9330.000	0.552
9340.000	0.545
9350.000	0.545
9360.000	0.554
9370.000	0.556
9380.000	0.566
9390.000	0.566
9400.000	0.575
9410.000	0.575
9420.000	0.580
9430.000	0.584
9440.000	0.593
9450.000	0.599
9460.000	0.596
9470.000	0.582
9480.000	0.583
9490.000	0.587
9500.000	0.591
9510.000	0.587
9520.000	0.571
9530.000	0.562
9540.000	0.550
9550.000	0.542
9560.000	0.540
9570.000	0.536
9580.000	0.531
9590.000	0.529
9600.000	0.526
9610.000	0.529
9620.000	0.527
9630.000	0.523
9640.000	0.519
9650.000	0.514
9660.000	0.513
9670.000	0.518
9680.000	0.515
9690.000	0.519
9700.000	0.512
9710.000	0.517
9720.000	0.518
9730.000	0.520
9740.000	0.523
9750.000	0.521
9760.000	0.522
9770.000	0.525
9780.000	0.526
9790.000	0.527
9800.000	0.524
9810.000	0.520
9820.000	0.521
9830.000	0.525
9840.000	0.525
9850.000	0.524
9860.000	0.518
9870.000	0.534
9880.000	0.533
9890.000	0.530
9900.000	0.529
9910.000	0.539
9920.000	0.530
9930.000	0.534
9940.000	0.530
9950.000	0.536
9960.000	0.535
9970.000	0.528
9980.000	0.529
9990.000	0.539
10000.000	0.532
10010.000	0.535
10020.000	0.522
10030.000	0.516
10040.000	0.524
10050.000	0.522
10060.000	0.535
10070.000	0.524
10080.000	0.517
10090.000	0.519
10100.000	0.519
10110.000	0.517
10120.000	0.515
10130.000	0.508
10140.000	0.506
10150.000	0.511
10160.000	0.513
10170.000	0.516
10180.000	0.517
10190.000	0.522
10200.000	0.529
10210.000	0.531
10220.000	0.533
10230.000	0.535
10240.000	0.528
10250.000	0.527
10260.000	0.526
10270.000	0.526
10280.000	0.534
10290.000	0.533
10300.000	0.528
10310.000	0.529
10320.000	0.537
10330.000	0.538
10340.000	0.534
10350.000	0.535
10360.000	0.550
10370.000	0.561
10380.000	0.574
10390.000	0.576
10400.000	0.593
10410.000	0.610
10420.000	0.631
10430.000	0.634
10440.000	0.642
10450.000	0.660
10460.000	0.671
10470.000	0.677
10480.000	0.678
10490.000	0.674
10500.000	0.658
10510.000	0.660
10520.000	0.646
10530.000	0.625
10540.000	0.610
10550.000	0.612
10560.000	0.605
10570.000	0.605
10580.000	0.602
10590.000	0.608
10600.000	0.606
10610.000	0.606
10620.000	0.610
10630.000	0.594
10640.000	0.581
10650.000	0.577
10660.000	0.570
10670.000	0.562
10680.000	0.550
10690.000	0.546
10700.000	0.544
10710.000	0.530
10720.000	0.523
10730.000	0.521
10740.000	0.524
10750.000	0.514
10760.000	0.506
10770.000	0.499
10780.000	0.510
10790.000	0.509
10800.000	0.508
10810.000	0.502
10820.000	0.505
10830.000	0.503
10840.000	0.503
10850.000	0.511
10860.000	0.510
10870.000	0.514
10880.000	0.510
10890.000	0.507
10900.000	0.501
10910.000	0.502
10920.000	0.500
10930.000	0.500
10940.000	0.494
10950.000	0.500
10960.000	0.493
10970.000	0.500
10980.000	0.500
10990.000	0.500
11000.000	0.504
11010.000	0.508
11020.000	0.502
11030.000	0.504
11040.000	0.503
11050.000	0.504
11060.000	0.498
11070.000	0.498
11080.000	0.496
11090.000	0.490
11100.000	0.499
11110.000	0.501
11120.000	0.507
11130.000	0.512
11140.000	0.512
11150.000	0.512
11160.000	0.510
11170.000	0.514
11180.000	0.518
11190.000	0.526
11200.000	0.523
11210.000	0.527
11220.000	0.523
11230.000	0.530
11240.000	0.537
11250.000	0.540
11260.000	0.540
11270.000	0.544
11280.000	0.543
11290.000	0.538
11300.000	0.556
11310.000	0.569
11320.000	0.584
11330.000	0.604
11340.000	0.611
11350.000	0.627
11360.000	0.644
11370.000	0.661
11380.000	0.678
11390.000	0.682
11400.000	0.688
11410.000	0.699
11420.000	0.690
11430.000	0.682
11440.000	0.677
11450.000	0.658
11460.000	0.640
11470.000	0.624
11480.000	0.609
11490.000	0.602
11500.000	0.580
11510.000	0.572
11520.000	0.552
11530.000	0.542
11540.000	0.537
11550.000	0.533
11560.000	0.525
11570.000	0.524
11580.000	0.521
11590.000	0.518
11600.000	0.519
11610.000	0.523
11620.000	0.533
11630.000	0.533
11640.000	0.537
11650.000	0.548
11660.000	0.560
11670.000	0.586
11680.000	0.619
11690.000	0.656
11700.000	0.701
11710.000	0.735
11720.000	0.753
11730.000	0.785
11740.000	0.789
11750.000	0.792
11760.000	0.795
11770.000	0.779
11780.000	0.742
11790.000	0.697
11800.000	0.671
11810.000	0.635
11820.000	0.610
11830.000	0.587
11840.000	0.569
11850.000	0.561
11860.000	0.550
11870.000	0.543
11880.000	0.541
11890.000	0.532
11900.000	0.525
11910.000	0.519
11920.000	0.507
11930.000	0.509
11940.000	0.519
11950.000	0.516
11960.000	0.509
11970.000	0.511
11980.000	0.510
11990.000	0.508
12000.000	0.507
12010.000	0.504
12020.000	0.499
12030.000	0.504
12040.000	0.504
12050.000	0.504
12060.000	0.508
12070.000	0.507
12080.000	0.514
12090.000	0.513
12100.000	0.516
12110.000	0.527
12120.000	0.530
12130.000	0.546
12140.000	0.543
12150.000	0.545
12160.000	0.545
12170.000	0.539
12180.000	0.532
12190.000	0.527
12200.000	0.525
12210.000	0.517
12220.000	0.516
12230.000	0.513
12240.000	0.515
12250.000	0.524
12260.000	0.537
12270.000	0.536
12280.000	0.549
12290.000	0.562
12300.000	0.581
12310.000	0.599
12320.000	0.630
12330.000	0.660
12340.000	0.694
12350.000	0.738
12360.000	0.763
12370.000	0.795
12380.000	0.800
12390.000	0.808
12400.000	0.801
12410.000	0.776
12420.000	0.746
12430.000	0.713
12440.000	0.676
12450.000	0.654
12460.000	0.622
12470.000	0.596
12480.000	0.572
12490.000	0.552
12500.000	0.550
12510.000	0.540
12520.000	0.530
12530.000	0.525
12540.000	0.515
12550.000	0.505
12560.000	0.502
12570.000	0.500
12580.000	0.496
12590.000	0.496
12600.000	0.495
12610.000	0.485
12620.000	0.477
12630.000	0.478
12640.000	0.473
12650.000	0.475
12660.000	0.478
12670.000	0.474
12680.000	0.482
12690.000	0.483
12700.000	0.480
12710.000	0.487
12720.000	0.485
12730.000	0.482
12740.000	0.485
12750.000	0.482
12760.000	0.479
12770.000	0.483
12780.000	0.479
12790.000	0.478
12800.000	0.477
12810.000	0.469
12820.000	0.470
12830.000	0.467
12840.000	0.461
12850.000	0.466
12860.000	0.467
12870.000	0.474
12880.000	0.475
12890.000	0.473
12900.000	0.475
12910.000	0.476
12920.000	0.474
12930.000	0.472
12940.000	0.472
12950.000	0.474
12960.000	0.474
12970.000	0.486
12980.000	0.502
12990.000	0.519
13000.000	0.516
13010.000	0.533
13020.000	0.541
13030.000	0.544
13040.000	0.542
13050.000	0.535
13060.000	0.521
13070.000	0.512
13080.000	0.501
13090.000	0.501
13100.000	0.489
13110.000	0.485
13120.000	0.485
13130.000	0.488
13140.000	0.484
13150.000	0.480
13160.000	0.476
13170.000	0.472
13180.000	0.480
13190.000	0.486
13200.000	0.485
13210.000	0.482
13220.000	0.486
13230.000	0.486
13240.000	0.487
13250.000	0.483
13260.000	0.488
13270.000	0.497
13280.000	0.511
13290.000	0.525
13300.000	0.534
13310.000	0.535
13320.000	0.568
13330.000	0.590
13340.000	0.621
13350.000	0.683
13360.000	0.735
13370.000	0.809
13380.000	0.871
13390.000	0.942
13400.000	1.010
13410.000	1.058
13420.000	1.071
13430.000	1.056
13440.000	0.986
13450.000	0.910
13460.000	0.836
13470.000	0.764
13480.000	0.702
13490.000	0.659
13500.000	0.641
13510.000	0.623
13520.000	0.615
13530.000	0.615
13540.000	0.621
13550.000	0.637
13560.000	0.669
13570.000	0.719
13580.000	0.789
13590.000	0.888
13600.000	1.000
13610.000	1.090
13620.000	1.150
13630.000	1.175
13640.000	1.156
13650.000	1.106
13660.000	1.028
13670.000	0.934
13680.000	0.872
13690.000	0.801
13700.000	0.747
13710.000	0.707
13720.000	0.673
13730.000	0.650
13740.000	0.622
13750.000	0.604
13760.000	0.584
13770.000	0.566
13780.000	0.555
13790.000	0.550
13800.000	0.541
13810.000	0.533
13820.000	0.525
13830.000	0.518
13840.000	0.516
13850.000	0.514
13860.000	0.510
13870.000	0.500
13880.000	0.500
13890.000	0.497
13900.000	0.500
13910.000	0.496
13920.000	0.493
13930.000	0.490
13940.000	0.488
13950.000	0.486
13960.000	0.487
13970.000	0.484
13980.000	0.482
13990.000	0.480
14000.000	0.483
14010.000	0.476
14020.000	0.473
14030.000	0.477
14040.000	0.476
14050.000	0.476
14060.000	0.482
14070.000	0.484
14080.000	0.487
14090.000	0.487
14100.000	0.486
14110.000	0.484
14120.000	0.483
14130.000	0.479
14140.000	0.480
14150.000	0.481
14160.000	0.484
14170.000	0.483
14180.000	0.476
14190.000	0.476
14200.000	0.470
14210.000	0.466
14220.000	0.460
14230.000	0.462
14240.000	0.462
14250.000	0.456
14260.000	0.452
14270.000	0.456
14280.000	0.458
14290.000	0.456
14300.000	0.461
14310.000	0.460
14320.000	0.465
14330.000	0.466
14340.000	0.460
14350.000	0.455
14360.000	0.455
14370.000	0.454
14380.000	0.452
14390.000	0.454
14400.000	0.456
14410.000	0.456
14420.000	0.456
14430.000	0.457
14440.000	0.450
14450.000	0.453
14460.000	0.459
14470.000	0.457
14480.000	0.458
14490.000	0.459
14500.000	0.449
14510.000	0.452
14520.000	0.453
14530.000	0.455
14540.000	0.452
14550.000	0.457
14560.000	0.462
14570.000	0.462
14580.000	0.465
14590.000	0.461
14600.000	0.457
14610.000	0.455
14620.000	0.455
14630.000	0.450
14640.000	0.459
14650.000	0.457
14660.000	0.458
14670.000	0.462
14680.000	0.461
14690.000	0.464
14700.000	0.465
14710.000	0.464
14720.000	0.460
14730.000	0.457
14740.000	0.460
14750.000	0.463
14760.000	0.465
14770.000	0.463
14780.000	0.463
14790.000	0.465
14800.000	0.472
14810.000	0.470
14820.000	0.478
14830.000	0.486
14840.000	0.501
14850.000	0.526
14860.000	0.564
14870.000	0.588
14880.000	0.613
14890.000	0.625
14900.000	0.630
14910.000	0.620
14920.000	0.594
14930.000	0.566
14940.000	0.549
14950.000	0.530
14960.000	0.517
14970.000	0.508
14980.000	0.497
14990.000	0.496
15000.000	0.490
15010.000	0.488
15020.000	0.488
15030.000	0.484
15040.000	0.493
15050.000	0.493
15060.000	0.496
15070.000	0.502
15080.000	0.523
15090.000	0.552
15100.000	0.575
15110.000	0.594
15120.000	0.635
15130.000	0.651
15140.000	0.651
15150.000	0.630
15160.000	0.620
15170.000	0.608
15180.000	0.614
15190.000	0.635
15200.000	0.696
15210.000	0.797
15220.000	0.933
15230.000	1.132
15240.000	1.362
15250.000	1.512
15260.000	1.651
15270.000	1.682
15280.000	1.582
15290.000	1.402
15300.000	1.197
15310.000	1.033
15320.000	0.908
15330.000	0.821
15340.000	0.754
15350.000	0.699
15360.000	0.663
15370.000	0.639
15380.000	0.618
15390.000	0.594
15400.000	0.574
15410.000	0.560
15420.000	0.553
15430.000	0.545
15440.000	0.536
15450.000	0.528
15460.000	0.529
15470.000	0.521
15480.000	0.513
15490.000	0.512
15500.000	0.506
15510.000	0.507
15520.000	0.502
15530.000	0.503
15540.000	0.506
15550.000	0.512
15560.000	0.519
15570.000	0.544
15580.000	0.587
15590.000	0.675
15600.000	0.795
15610.000	1.016
15620.000	1.258
15630.000	1.499
15640.000	1.594
15650.000	1.556
15660.000	1.398
15670.000	1.147
15680.000	0.950
15690.000	0.810
15700.000	0.735
15710.000	0.670
15720.000	0.636
15730.000	0.604
15740.000	0.582
15750.000	0.572
15760.000	0.556
15770.000	0.551
15780.000	0.539
15790.000	0.534
15800.000	0.524
15810.000	0.521
15820.000	0.510
15830.000	0.509
15840.000	0.503
15850.000	0.504
15860.000	0.499
15870.000	0.506
15880.000	0.501
15890.000	0.500
15900.000	0.493
15910.000	0.490
15920.000	0.486
15930.000	0.489
15940.000	0.486
15950.000	0.480
15960.000	0.476
15970.000	0.478
15980.000	0.476
15990.000	0.472
16000.000	0.469
16010.000	0.463
16020.000	0.464
16030.000	0.468
16040.000	0.468
16050.000	0.467
16060.000	0.469
16070.000	0.468
16080.000	0.463
16090.000	0.459
16100.000	0.459
16110.000	0.456
16120.000	0.460
16130.000	0.461
16140.000	0.464
16150.000	0.459
16160.000	0.457
16170.000	0.455
16180.000	0.454
16190.000	0.452
16200.000	0.451
16210.000	0.450
16220.000	0.449
16230.000	0.447
16240.000	0.449
16250.000	0.455
16260.000	0.454
16270.000	0.454
16280.000	0.455
16290.000	0.455
16300.000	0.451
16310.000	0.446
16320.000	0.450
16330.000	0.445
16340.000	0.447
16350.000	0.444
16360.000	0.451
16370.000	0.448
16380.000	0.445
16390.000	0.445
16400.000	0.444
16410.000	0.444
16420.000	0.450
16430.000	0.457
16440.000	0.454
16450.000	0.454
16460.000	0.455
16470.000	0.453
16480.000	0.458
16490.000	0.455
16500.000	0.453
16510.000	0.453
16520.000	0.450
16530.000	0.449
16540.000	0.452
16550.000	0.456
16560.000	0.456
16570.000	0.454
16580.000	0.450
16590.000	0.452
16600.000	0.454
16610.000	0.455
16620.000	0.462
16630.000	0.460
16640.000	0.454
16650.000	0.450
16660.000	0.452
16670.000	0.445
16680.000	0.454
16690.000	0.460
16700.000	0.463
16710.000	0.456
16720.000	0.446
16730.000	0.447
16740.000	0.447
16750.000	0.454
16760.000	0.457
16770.000	0.458
16780.000	0.456
16790.000	0.460
16800.000	0.456
16810.000	0.458
16820.000	0.459
16830.000	0.462
16840.000	0.453
16850.000	0.453
16860.000	0.460
16870.000	0.471
16880.000	0.485
16890.000	0.514
16900.000	0.572
16910.000	0.642
16920.000	0.706
16930.000	0.770
16940.000	0.792
16950.000	0.763
16960.000	0.707
16970.000	0.648
16980.000	0.601
16990.000	0.572
17000.000	0.554
17010.000	0.532
17020.000	0.516
17030.000	0.509
17040.000	0.500
17050.000	0.493
17060.000	0.484
17070.000	0.488
17080.000	0.485
17090.000	0.480
17100.000	0.472
17110.000	0.473
17120.000	0.472
17130.000	0.471
17140.000	0.466
17150.000	0.466
17160.000	0.465
17170.000	0.469
17180.000	0.461
17190.000	0.462
17200.000	0.458
17210.000	0.458
17220.000	0.461
17230.000	0.458
17240.000	0.457
17250.000	0.459
17260.000	0.465
17270.000	0.468
17280.000	0.468
17290.000	0.463
17300.000	0.468
17310.000	0.476
17320.000	0.479
17330.000	0.491
17340.000	0.500
17350.000	0.513
17360.000	0.537
17370.000	0.587
17380.000	0.688
17390.000	0.849
17400.000	1.152
17410.000	1.568
17420.000	2.064
17430.000	2.410
17440.000	2.592
17450.000	2.363
17460.000	1.966
17470.000	1.534
17480.000	1.236
17490.000	1.043
17500.000	0.911
17510.000	0.830
17520.000	0.769
17530.000	0.723
17540.000	0.692
17550.000	0.660
17560.000	0.640
17570.000	0.623
17580.000	0.599
17590.000	0.590
17600.000	0.575
17610.000	0.565
17620.000	0.554
17630.000	0.548
17640.000	0.544
17650.000	0.536
17660.000	0.531
17670.000	0.521
17680.000	0.517
17690.000	0.517
17700.000	0.513
17710.000	0.502
17720.000	0.499
17730.000	0.495
17740.000	0.498
17750.000	0.496
17760.000	0.493
17770.000	0.493
17780.000	0.490
17790.000	0.488
17800.000	0.497
17810.000	0.523
17820.000	0.568
17830.000	0.620
17840.000	0.680
17850.000	0.739
17860.000	0.750
17870.000	0.710
17880.000	0.641
17890.000	0.594
17900.000	0.571
17910.000	0.550
17920.000	0.545
17930.000	0.540
17940.000	0.546
17950.000	0.579
17960.000	0.635
17970.000	0.719
17980.000	0.799
17990.000	0.814
18000.000	0.766
18010.000	0.698
18020.000	0.640
18030.000	0.599
18040.000	0.571
18050.000	0.553
18060.000	0.542
18070.000	0.535
18080.000	0.525
18090.000	0.519
18100.000	0.513
18110.000	0.507
18120.000	0.505
18130.000	0.500
18140.000	0.493
18150.000	0.487
18160.000	0.492
18170.000	0.488
18180.000	0.484
18190.000	0.483
18200.000	0.481
18210.000	0.475
18220.000	0.477
18230.000	0.472
18240.000	0.470
18250.000	0.480
18260.000	0.474
18270.000	0.468
18280.000	0.471
18290.000	0.467
18300.000	0.469
18310.000	0.472
18320.000	0.467
18330.000	0.470
18340.000	0.473
18350.000	0.468
18360.000	0.463
18370.000	0.463
18380.000	0.467
18390.000	0.463
18400.000	0.462
18410.000	0.462
18420.000	0.456
18430.000	0.455
18440.000	0.457
18450.000	0.460
18460.000	0.457
18470.000	0.454
18480.000	0.455
18490.000	0.452
18500.000	0.446
18510.000	0.452
18520.000	0.450
18530.000	0.450
18540.000	0.455
18550.000	0.458
18560.000	0.457
18570.000	0.464
18580.000	0.472
18590.000	0.473
18600.000	0.471
18610.000	0.486
18620.000	0.510
18630.000	0.555
18640.000	0.648
18650.000	0.890
18660.000	1.317
18670.000	1.847
18680.000	2.344
18690.000	2.464
18700.000	2.105
18710.000	1.537
18720.000	1.189
18730.000	0.964
18740.000	0.847
18750.000	0.764
18760.000	0.707
18770.000	0.665
18780.000	0.637
18790.000	0.610
18800.000	0.596
18810.000	0.581
18820.000	0.572
18830.000	0.560
18840.000	0.554
18850.000	0.548
18860.000	0.544
18870.000	0.536
18880.000	0.532
18890.000	0.527
18900.000	0.520
18910.000	0.515
18920.000	0.510
18930.000	0.508
18940.000	0.501
18950.000	0.493
18960.000	0.493
18970.000	0.488
18980.000	0.489
18990.000	0.483
19000.000	0.481
19010.000	0.479
19020.000	0.479
19030.000	0.484
19040.000	0.482
19050.000	0.478
19060.000	0.476
19070.000	0.472
19080.000	0.468
19090.000	0.469
19100.000	0.465
19110.000	0.465
19120.000	0.461
19130.000	0.469
19140.000	0.464
19150.000	0.466
19160.000	0.461
19170.000	0.460
19180.000	0.464
19190.000	0.461
19200.000	0.466
19210.000	0.457
19220.000	0.454
19230.000	0.457
19240.000	0.483
19250.000	0.480
19260.000	0.477
19270.000	0.464
19280.000	0.455
19290.000	0.461
19300.000	0.462
19310.000	0.459
19320.000	0.458
19330.000	0.463
19340.000	0.461
19350.000	0.462
19360.000	0.458
19370.000	0.454
19380.000	0.463
19390.000	0.461
19400.000	0.467
19410.000	0.464
19420.000	0.460
19430.000	0.458
19440.000	0.458
19450.000	0.459
19460.000	0.456
19470.000	0.454
19480.000	0.455
19490.000	0.455
19500.000	0.446
19510.000	0.442
19520.000	0.446
19530.000	0.447
19540.000	0.452
19550.000	0.457
19560.000	0.452
19570.000	0.449
19580.000	0.453
19590.000	0.452
19600.000	0.451
19610.000	0.454
19620.000	0.454
19630.000	0.455
19640.000	0.454
19650.000	0.459
19660.000	0.472
19670.000	0.478
19680.000	0.498
19690.000	0.540
19700.000	0.663
19710.000	0.830
19720.000	0.982
19730.000	1.045
19740.000	0.976
19750.000	0.833
19760.000	0.733
19770.000	0.663
19780.000	0.611
19790.000	0.579
19800.000	0.553
19810.000	0.540
19820.000	0.529
19830.000	0.516
19840.000	0.510
19850.000	0.502
19860.000	0.494
19870.000	0.492
19880.000	0.491
19890.000	0.490
19900.000	0.485
19910.000	0.481
19920.000	0.479
19930.000	0.477
19940.000	0.475
19950.000	0.473
19960.000	0.477
19970.000	0.475
19980.000	0.468
19990.000	0.465
20000.000	0.466
20010.000	0.463
20020.000	0.467
20030.000	0.470
20040.000	0.467
20050.000	0.466
20060.000	0.465
20070.000	0.460
20080.000	0.463
20090.000	0.464
20100.000	0.466
20110.000	0.469
20120.000	0.464
20130.000	0.460
20140.000	0.461
20150.000	0.460
20160.000	0.458
20170.000	0.458
20180.000	0.454
20190.000	0.454
20200.000	0.459
20210.000	0.467
20220.000	0.469
20230.000	0.466
20240.000	0.464
20250.000	0.462
20260.000	0.466
20270.000	0.467
20280.000	0.470
20290.000	0.468
20300.000	0.471
20310.000	0.480
20320.000	0.493
20330.000	0.499
20340.000	0.519
20350.000	0.552
20360.000	0.637
20370.000	0.846
20380.000	1.318
20390.000	2.156
20400.000	3.250
20410.000	3.954
20420.000	3.823
20430.000	2.983
20440.000	2.059
20450.000	1.508
20460.000	1.192
20470.000	1.020
20480.000	0.899
20490.000	0.813
20500.000	0.757
20510.000	0.719
20520.000	0.692
20530.000	0.666
20540.000	0.645
20550.000	0.623
20560.000	0.608
20570.000	0.592
20580.000	0.579
20590.000	0.573
20600.000	0.565
20610.000	0.554
20620.000	0.551
20630.000	0.541
20640.000	0.534
20650.000	0.526
20660.000	0.530
20670.000	0.526
20680.000	0.521
20690.000	0.515
20700.000	0.511
20710.000	0.511
20720.000	0.505
20730.000	0.499
20740.000	0.492
20750.000	0.486
20760.000	0.492
20770.000	0.493
20780.000	0.490
20790.000	0.487
20800.000	0.482
20810.000	0.477
20820.000	0.474
20830.000	0.477
20840.000	0.478
20850.000	0.476
20860.000	0.476
20870.000	0.473
20880.000	0.467
20890.000	0.470
20900.000	0.461
20910.000	0.464
20920.000	0.468
20930.000	0.462
20940.000	0.463
20950.000	0.461
20960.000	0.458
20970.000	0.454
20980.000	0.458
20990.000	0.458
21000.000	0.456
21010.000	0.454
21020.000	0.458
21030.000	0.458
21040.000	0.459
21050.000	0.459
21060.000	0.459
21070.000	0.455
21080.000	0.454
21090.000	0.456
21100.000	0.452
21110.000	0.457
21120.000	0.451
21130.000	0.447
21140.000	0.448
21150.000	0.449
21160.000	0.450
21170.000	0.444
21180.000	0.447
21190.000	0.448
21200.000	0.446
21210.000	0.449
21220.000	0.447
21230.000	0.451
21240.000	0.450
21250.000	0.445
21260.000	0.442
21270.000	0.443
21280.000	0.446
21290.000	0.447
21300.000	0.443
21310.000	0.441
21320.000	0.441
21330.000	0.444
21340.000	0.444
21350.000	0.442
21360.000	0.443
21370.000	0.437
21380.000	0.436
21390.000	0.437
21400.000	0.438
21410.000	0.440
21420.000	0.438
21430.000	0.440
21440.000	0.443
21450.000	0.437
21460.000	0.439
21470.000	0.437
21480.000	0.434
21490.000	0.432
21500.000	0.436
21510.000	0.442
21520.000	0.438
21530.000	0.437
21540.000	0.435
21550.000	0.438
21560.000	0.446
21570.000	0.448
21580.000	0.447
21590.000	0.447
21600.000	0.450
21610.000	0.449
21620.000	0.449
21630.000	0.448
21640.000	0.445
21650.000	0.449
21660.000	0.448
21670.000	0.449
21680.000	0.444
21690.000	0.444
21700.000	0.444
21710.000	0.451
21720.000	0.446
21730.000	0.443
21740.000	0.439
21750.000	0.437
21760.000	0.437
21770.000	0.439
21780.000	0.440
21790.000	0.438
21800.000	0.443
21810.000	0.445
21820.000	0.444
21830.000	0.441
21840.000	0.440
21850.000	0.445
21860.000	0.445
21870.000	0.440
21880.000	0.441
21890.000	0.437
21900.000	0.438
21910.000	0.435
21920.000	0.436
21930.000	0.437
21940.000	0.441
21950.000	0.451
21960.000	0.495
21970.000	0.584
21980.000	0.726
21990.000	0.920
22000.000	1.002
22010.000	0.945
22020.000	0.809
22030.000	0.711
22040.000	0.641
22050.000	0.606
22060.000	0.573
22070.000	0.546
22080.000	0.529
22090.000	0.520
22100.000	0.509
22110.000	0.502
22120.000	0.496
22130.000	0.493
22140.000	0.488
22150.000	0.486
22160.000	0.483
22170.000	0.481
22180.000	0.480
22190.000	0.478
22200.000	0.469
22210.000	0.467
22220.000	0.465
22230.000	0.465
22240.000	0.463
22250.000	0.463
22260.000	0.455
22270.000	0.453
22280.000	0.452
22290.000	0.454
22300.000	0.453
22310.000	0.453
22320.000	0.456
22330.000	0.451
22340.000	0.452
22350.000	0.455
22360.000	0.454
22370.000	0.445
22380.000	0.443
22390.000	0.445
22400.000	0.442
22410.000	0.443
22420.000	0.444
22430.000	0.444
22440.000	0.452
22450.000	0.449
22460.000	0.450
22470.000	0.456
22480.000	0.443
22490.000	0.442
22500.000	0.451
22510.000	0.448
22520.000	0.445
22530.000	0.437
22540.000	0.441
22550.000	0.448
22560.000	0.446
22570.000	0.447
22580.000	0.443
22590.000	0.438
22600.000	0.436
22610.000	0.436
22620.000	0.435
22630.000	0.439
22640.000	0.441
22650.000	0.442
22660.000	0.448
22670.000	0.451
22680.000	0.445
22690.000	0.439
22700.000	0.442
22710.000	0.444
22720.000	0.449
22730.000	0.447
22740.000	0.443
22750.000	0.438
22760.000	0.442
22770.000	0.444
22780.000	0.450
22790.000	0.445
22800.000	0.439
22810.000	0.440
22820.000	0.446
22830.000	0.449
22840.000	0.445
22850.000	0.443
22860.000	0.449
22870.000	0.456
22880.000	0.463
22890.000	0.460
22900.000	0.462
22910.000	0.478
22920.000	0.510
22930.000	0.584
22940.000	0.754
22950.000	1.164
22960.000	1.913
22970.000	2.752
22980.000	3.266
22990.000	3.114
23000.000	2.396
23010.000	1.717
23020.000	1.294
23030.000	1.060
23040.000	0.919
23050.000	0.825
23060.000	0.764
23070.000	0.728
23080.000	0.696
23090.000	0.666
23100.000	0.644
23110.000	0.619
23120.000	0.605
23130.000	0.594
23140.000	0.588
23150.000	0.569
23160.000	0.560
23170.000	0.559
23180.000	0.548
23190.000	0.544
23200.000	0.538
23210.000	0.531
23220.000	0.522
23230.000	0.522
23240.000	0.516
23250.000	0.510
23260.000	0.505
23270.000	0.504
23280.000	0.499
23290.000	0.498
23300.000	0.496
23310.000	0.494
23320.000	0.487
23330.000	0.484
23340.000	0.488
23350.000	0.486
23360.000	0.479
23370.000	0.479
23380.000	0.477
23390.000	0.473
23400.000	0.473
23410.000	0.471
23420.000	0.468
23430.000	0.464
23440.000	0.467
23450.000	0.465
23460.000	0.460
23470.000	0.459
23480.000	0.456
23490.000	0.461
23500.000	0.458
23510.000	0.462
23520.000	0.464
23530.000	0.462
23540.000	0.464
23550.000	0.462
23560.000	0.460
23570.000	0.461
23580.000	0.461
23590.000	0.465
23600.000	0.476
23610.000	0.514
23620.000	0.612
23630.000	0.810
23640.000	1.056
23650.000	1.247
23660.000	1.272
23670.000	1.107
23680.000	0.923
23690.000	0.803
23700.000	0.719
23710.000	0.663
23720.000	0.625
23730.000	0.594
23740.000	0.573
23750.000	0.554
23760.000	0.541
23770.000	0.530
23780.000	0.525
23790.000	0.515
23800.000	0.506
23810.000	0.506
23820.000	0.500
23830.000	0.502
23840.000	0.492
23850.000	0.489
23860.000	0.483
23870.000	0.478
23880.000	0.476
23890.000	0.479
23900.000	0.479
23910.000	0.481
23920.000	0.479
23930.000	0.473
23940.000	0.468
23950.000	0.466
23960.000	0.464
23970.000	0.460
23980.000	0.460
23990.000	0.464
24000.000	0.466
24010.000	0.466
24020.000	0.458
24030.000	0.458
24040.000	0.455
24050.000	0.452
24060.000	0.446
24070.000	0.447
24080.000	0.449
24090.000	0.448
24100.000	0.451
24110.000	0.447
24120.000	0.447
24130.000	0.452
24140.000	0.451
24150.000	0.453
24160.000	0.454
24170.000	0.454
24180.000	0.451
24190.000	0.445
24200.000	0.446
24210.000	0.443
24220.000	0.442
24230.000	0.445
24240.000	0.447
24250.000	0.448
24260.000	0.449
24270.000	0.443
24280.000	0.445
24290.000	0.443
24300.000	0.444
24310.000	0.442
24320.000	0.442
24330.000	0.441
24340.000	0.447
24350.000	0.450
24360.000	0.448
24370.000	0.445
24380.000	0.447
24390.000	0.450
24400.000	0.454
24410.000	0.451
24420.000	0.444
24430.000	0.441
24440.000	0.442
24450.000	0.448
24460.000	0.444
24470.000	0.449
24480.000	0.452
24490.000	0.459
24500.000	0.465
24510.000	0.465
24520.000	0.478
24530.000	0.495
24540.000	0.528
24550.000	0.622
24560.000	0.836
24570.000	1.247
24580.000	2.069
24590.000	3.356
24600.000	4.310
24610.000	4.648
24620.000	4.041
24630.000	2.956
24640.000	1.987
24650.000	1.462
24660.000	1.162
24670.000	0.996
24680.000	0.887
24690.000	0.814
24700.000	0.759
24710.000	0.731
24720.000	0.698
24730.000	0.673
24740.000	0.647
24750.000	0.631
24760.000	0.620
24770.000	0.604
24780.000	0.597
24790.000	0.584
24800.000	0.570
24810.000	0.564
24820.000	0.550
24830.000	0.539
24840.000	0.538
24850.000	0.530
24860.000	0.527
24870.000	0.522
24880.000	0.521
24890.000	0.516
24900.000	0.510
24910.000	0.507
24920.000	0.508
24930.000	0.501
24940.000	0.496
24950.000	0.494
24960.000	0.486
24970.000	0.483
24980.000	0.481
24990.000	0.477
25000.000	0.476
25010.000	0.478
25020.000	0.478
25030.000	0.481
25040.000	0.474
25050.000	0.474
25060.000	0.469
25070.000	0.466
25080.000	0.464
25090.000	0.458
25100.000	0.455
25110.000	0.462
25120.000	0.460
25130.000	0.460
25140.000	0.457
25150.000	0.458
25160.000	0.456
25170.000	0.455
25180.000	0.453
25190.000	0.452
25200.000	0.456
25210.000	0.456
25220.000	0.458
25230.000	0.455
25240.000	0.455
25250.000	0.452
25260.000	0.454
25270.000	0.463
25280.000	0.469
25290.000	0.468
25300.000	0.468
25310.000	0.459
25320.000	0.454
25330.000	0.454
25340.000	0.447
25350.000	0.452
25360.000	0.446
25370.000	0.452
25380.000	0.451
25390.000	0.445
25400.000	0.449
25410.000	0.444
25420.000	0.448
25430.000	0.450
25440.000	0.454
25450.000	0.451
25460.000	0.451
25470.000	0.448
25480.000	0.448
25490.000	0.445
25500.000	0.447
25510.000	0.446
25520.000	0.437
25530.000	0.437
25540.000	0.440
25550.000	0.435
25560.000	0.435
25570.000	0.436
25580.000	0.431
25590.000	0.434
25600.000	0.435
25610.000	0.433
25620.000	0.438
25630.000	0.442
25640.000	0.438
25650.000	0.439
25660.000	0.439
25670.000	0.440
25680.000	0.437
25690.000	0.435
25700.000	0.431
25710.000	0.428
25720.000	0.430
25730.000	0.428
25740.000	0.432
25750.000	0.429
25760.000	0.432
25770.000	0.437
25780.000	0.434
25790.000	0.434
25800.000	0.431
25810.000	0.433
25820.000	0.429
25830.000	0.434
25840.000	0.432
25850.000	0.434
25860.000	0.438
25870.000	0.440
25880.000	0.435
25890.000	0.432
25900.000	0.427
25910.000	0.430
25920.000	0.433
25930.000	0.437
25940.000	0.437
25950.000	0.429
25960.000	0.431
25970.000	0.432
25980.000	0.428
25990.000	0.433
26000.000	0.429
26010.000	0.431
26020.000	0.426
26030.000	0.428
26040.000	0.435
26050.000	0.430
26060.000	0.430
26070.000	0.426
26080.000	0.417
26090.000	0.424
26100.000	0.425
26110.000	0.428
26120.000	0.430
26130.000	0.430
26140.000	0.427
26150.000	0.426
26160.000	0.429
26170.000	0.427
26180.000	0.435
26190.000	0.435
26200.000	0.436
26210.000	0.436
26220.000	0.435
26230.000	0.430
26240.000	0.429
26250.000	0.433
26260.000	0.428
26270.000	0.430
26280.000	0.437
26290.000	0.437
26300.000	0.439
26310.000	0.434
26320.000	0.434
26330.000	0.431
26340.000	0.429
26350.000	0.431
26360.000	0.430
26370.000	0.426
26380.000	0.427
26390.000	0.428
26400.000	0.430
26410.000	0.429
26420.000	0.428
26430.000	0.429
26440.000	0.424
26450.000	0.431
26460.000	0.431
26470.000	0.429
26480.000	0.431
26490.000	0.430
26500.000	0.435
26510.000	0.429
26520.000	0.429
26530.000	0.430
26540.000	0.435
26550.000	0.432
26560.000	0.431
26570.000	0.433
26580.000	0.432
26590.000	0.430
26600.000	0.429
26610.000	0.422
26620.000	0.428
26630.000	0.426
26640.000	0.429
26650.000	0.430
26660.000	0.429
26670.000	0.432
26680.000	0.426
26690.000	0.423
26700.000	0.426
26710.000	0.431
26720.000	0.427
26730.000	0.426
26740.000	0.421
26750.000	0.420
26760.000	0.422
26770.000	0.427
26780.000	0.427
26790.000	0.427
26800.000	0.428
26810.000	0.426
26820.000	0.425
26830.000	0.424
26840.000	0.426
26850.000	0.429
26860.000	0.425
26870.000	0.428
26880.000	0.431
26890.000	0.430
26900.000	0.428
26910.000	0.430
26920.000	0.426
26930.000	0.428
26940.000	0.426
26950.000	0.425
26960.000	0.427
26970.000	0.432
26980.000	0.430
26990.000	0.431
27000.000	0.429
27010.000	0.430
27020.000	0.430
27030.000	0.425
27040.000	0.421
27050.000	0.425
27060.000	0.424
27070.000	0.423
27080.000	0.426
27090.000	0.421
27100.000	0.430
27110.000	0.428
27120.000	0.424
27130.000	0.425
27140.000	0.428
27150.000	0.423
27160.000	0.425
27170.000	0.422
27180.000	0.421
27190.000	0.425
27200.000	0.424
27210.000	0.423
27220.000	0.420
27230.000	0.420
27240.000	0.420
27250.000	0.419
27260.000	0.423
27270.000	0.423
27280.000	0.427
27290.000	0.423
27300.000	0.423
27310.000	0.427
27320.000	0.430
27330.000	0.432
27340.000	0.426
27350.000	0.424
27360.000	0.427
27370.000	0.424
27380.000	0.422
27390.000	0.418
27400.000	0.417
27410.000	0.419
27420.000	0.417
27430.000	0.412
27440.000	0.412
27450.000	0.417
27460.000	0.421
27470.000	0.429
27480.000	0.430
27490.000	0.423
27500.000	0.423
27510.000	0.422
27520.000	0.423
27530.000	0.422
27540.000	0.422
27550.000	0.422
27560.000	0.423
27570.000	0.422
27580.000	0.422
27590.000	0.418
27600.000	0.414
27610.000	0.418
27620.000	0.421
27630.000	0.424
27640.000	0.424
27650.000	0.422
27660.000	0.418
27670.000	0.415
27680.000	0.416
27690.000	0.417
27700.000	0.421
27710.000	0.424
27720.000	0.426
27730.000	0.429
27740.000	0.433
27750.000	0.439
27760.000	0.442
27770.000	0.458
27780.000	0.488
27790.000	0.548
27800.000	0.615
27810.000	0.716
27820.000	0.853
27830.000	0.985
27840.000	0.992
27850.000	0.914
27860.000	0.791
27870.000	0.696
27880.000	0.630
27890.000	0.588
27900.000	0.557
27910.000	0.541
27920.000	0.529
27930.000	0.515
27940.000	0.496
27950.000	0.487
27960.000	0.483
27970.000	0.477
27980.000	0.472
27990.000	0.470
28000.000	0.468
28010.000	0.459
28020.000	0.455
28030.000	0.451
28040.000	0.448
28050.000	0.446
28060.000	0.445
28070.000	0.450
28080.000	0.450
28090.000	0.449
28100.000	0.444
28110.000	0.446
28120.000	0.444
28130.000	0.444
28140.000	0.441
28150.000	0.440
28160.000	0.438
28170.000	0.431
28180.000	0.430
28190.000	0.430
28200.000	0.430
28210.000	0.431
28220.000	0.427
28230.000	0.433
28240.000	0.430
28250.000	0.432
28260.000	0.432
28270.000	0.429
28280.000	0.430
28290.000	0.431
28300.000	0.434
28310.000	0.431
28320.000	0.437
28330.000	0.436
28340.000	0.433
28350.000	0.431
28360.000	0.430
28370.000	0.432
28380.000	0.432
28390.000	0.433
28400.000	0.426
28410.000	0.425
28420.000	0.426
28430.000	0.424
28440.000	0.424
28450.000	0.430
28460.000	0.427
28470.000	0.427
28480.000	0.435
28490.000	0.434
28500.000	0.431
28510.000	0.428
28520.000	0.433
28530.000	0.429
28540.000	0.430
28550.000	0.430
28560.000	0.427
28570.000	0.421
28580.000	0.419
28590.000	0.417
28600.000	0.421
28610.000	0.421
28620.000	0.419
28630.000	0.419
28640.000	0.426
28650.000	0.422
28660.000	0.418
28670.000	0.418
28680.000	0.420
28690.000	0.422
28700.000	0.426
28710.000	0.433
28720.000	0.427
28730.000	0.424
28740.000	0.427
28750.000	0.430
28760.000	0.428
28770.000	0.424
28780.000	0.420
28790.000	0.417
28800.000	0.420
28810.000	0.419
28820.000	0.424
28830.000	0.423
28840.000	0.424
28850.000	0.422
28860.000	0.417
28870.000	0.416
28880.000	0.420
28890.000	0.418
28900.000	0.417
28910.000	0.425
28920.000	0.421
28930.000	0.423
28940.000	0.422
28950.000	0.422
28960.000	0.423
28970.000	0.420
28980.000	0.425
28990.000	0.427
29000.000	0.427
29010.000	0.429
29020.000	0.432
29030.000	0.429
29040.000	0.432
29050.000	0.434
29060.000	0.434
29070.000	0.430
29080.000	0.430
29090.000	0.435
29100.000	0.434
29110.000	0.432
29120.000	0.433
29130.000	0.444
29140.000	0.447
29150.000	0.473
29160.000	0.519
29170.000	0.591
29180.000	0.745
29190.000	0.953
29200.000	1.225
29210.000	1.595
29220.000	2.031
29230.000	2.492
29240.000	2.734
29250.000	2.553
29260.000	1.932
29270.000	1.392
29280.000	1.085
29290.000	0.952
29300.000	0.913
29310.000	0.914
29320.000	1.002
29330.000	1.099
29340.000	1.199
29350.000	1.312
29360.000	1.392
29370.000	1.317
29380.000	1.145
29390.000	0.945
29400.000	0.812
29410.000	0.744
29420.000	0.692
29430.000	0.663
29440.000	0.637
29450.000	0.615
29460.000	0.600
29470.000	0.584
29480.000	0.576
29490.000	0.573
29500.000	0.564
29510.000	0.558
29520.000	0.552
29530.000	0.544
29540.000	0.536
29550.000	0.527
29560.000	0.519
29570.000	0.519
29580.000	0.506
29590.000	0.505
29600.000	0.503
29610.000	0.504
29620.000	0.500
29630.000	0.490
29640.000	0.486
29650.000	0.488
29660.000	0.483
29670.000	0.481
29680.000	0.477
29690.000	0.476
29700.000	0.477
29710.000	0.472
29720.000	0.471
29730.000	0.465
29740.000	0.464
29750.000	0.463
29760.000	0.462
29770.000	0.457
29780.000	0.455
29790.000	0.458
29800.000	0.460
29810.000	0.456
29820.000	0.461
29830.000	0.468
29840.000	0.459
29850.000	0.459
29860.000	0.458
29870.000	0.454
29880.000	0.456
29890.000	0.451
29900.000	0.452
29910.000	0.450
29920.000	0.450
29930.000	0.448
29940.000	0.446
29950.000	0.448
29960.000	0.444
29970.000	0.442
29980.000	0.444
29990.000	0.440
30000.000	0.438
30010.000	0.441
30020.000	0.443
30030.000	0.440
30040.000	0.438
30050.000	0.438
30060.000	0.434
30070.000	0.434
30080.000	0.437
30090.000	0.438
30100.000	0.439
30110.000	0.438
30120.000	0.441
30130.000	0.437
30140.000	0.436
30150.000	0.440
30160.000	0.441
30170.000	0.440
30180.000	0.440
30190.000	0.434
30200.000	0.432
30210.000	0.430
30220.000	0.427
30230.000	0.425
30240.000	0.426
30250.000	0.429
30260.000	0.434
30270.000	0.436
30280.000	0.434
30290.000	0.434
30300.000	0.426
30310.000	0.424
30320.000	0.428
30330.000	0.428
30340.000	0.432
30350.000	0.433
30360.000	0.434
30370.000	0.432
30380.000	0.430
30390.000	0.431
30400.000	0.428
30410.000	0.431
30420.000	0.437
30430.000	0.430
30440.000	0.432
30450.000	0.435
30460.000	0.433
30470.000	0.430
30480.000	0.437
30490.000	0.435
30500.000	0.437
30510.000	0.434
30520.000	0.433
30530.000	0.429
30540.000	0.431
30550.000	0.434
30560.000	0.439
30570.000	0.435
30580.000	0.440
30590.000	0.438
30600.000	0.441
30610.000	0.453
30620.000	0.478
30630.000	0.534
30640.000	0.616
30650.000	0.776
30660.000	1.007
30670.000	1.311
30680.000	1.706
30690.000	2.171
30700.000	2.688
30710.000	3.341
30720.000	3.725
30730.000	3.674
30740.000	3.149
30750.000	2.275
30760.000	1.615
30770.000	1.275
30780.000	1.067
30790.000	0.945
30800.000	0.864
30810.000	0.806
30820.000	0.762
30830.000	0.728
30840.000	0.699
30850.000	0.675
30860.000	0.653
30870.000	0.636
30880.000	0.624
30890.000	0.616
30900.000	0.601
30910.000	0.588
30920.000	0.574
30930.000	0.563
30940.000	0.556
30950.000	0.547
30960.000	0.540
30970.000	0.531
30980.000	0.526
30990.000	0.520
31000.000	0.519
31010.000	0.516
31020.000	0.513
31030.000	0.513
31040.000	0.507
31050.000	0.500
31060.000	0.497
31070.000	0.500
31080.000	0.498
31090.000	0.490
31100.000	0.483
31110.000	0.482
31120.000	0.484
31130.000	0.482
31140.000	0.485
31150.000	0.480
31160.000	0.481
31170.000	0.481
31180.000	0.476
31190.000	0.469
31200.000	0.466
31210.000	0.463
31220.000	0.466
31230.000	0.464
31240.000	0.462
31250.000	0.464
31260.000	0.459
31270.000	0.455
31280.000	0.458
31290.000	0.460
31300.000	0.458
31310.000	0.452
31320.000	0.454
31330.000	0.456
31340.000	0.455
31350.000	0.446
31360.000	0.452
31370.000	0.449
31380.000	0.453
31390.000	0.452
31400.000	0.448
31410.000	0.449
31420.000	0.446
31430.000	0.446
31440.000	0.442
31450.000	0.439
31460.000	0.435
31470.000	0.432
31480.000	0.436
31490.000	0.441
31500.000	0.440
31510.000	0.440
31520.000	0.445
31530.000	0.447
31540.000	0.444
31550.000	0.441
31560.000	0.443
31570.000	0.433
31580.000	0.436
31590.000	0.433
31600.000	0.433
31610.000	0.436
31620.000	0.436
31630.000	0.430
31640.000	0.426
31650.000	0.423
31660.000	0.422
31670.000	0.422
31680.000	0.423
31690.000	0.428
31700.000	0.431
31710.000	0.428
31720.000	0.420
31730.000	0.421
31740.000	0.425
31750.000	0.425
31760.000	0.428
31770.000	0.427
31780.000	0.424
31790.000	0.422
31800.000	0.422
31810.000	0.423
31820.000	0.423
31830.000	0.423
31840.000	0.429
31850.000	0.428
31860.000	0.423
31870.000	0.427
31880.000	0.426
31890.000	0.425
31900.000	0.423
31910.000	0.424
31920.000	0.420
31930.000	0.423
31940.000	0.420
31950.000	0.422
31960.000	0.429
31970.000	0.434
31980.000	0.429
31990.000	0.424
32000.000	0.420
32010.000	0.425
32020.000	0.431
32030.000	0.428
32040.000	0.428
32050.000	0.430
32060.000	0.427
32070.000	0.423
32080.000	0.423
32090.000	0.424
32100.000	0.417
32110.000	0.416
32120.000	0.419
32130.000	0.422
32140.000	0.419
32150.000	0.418
32160.000	0.425
32170.000	0.424
32180.000	0.421
32190.000	0.422
32200.000	0.419
32210.000	0.420
32220.000	0.413
32230.000	0.416
32240.000	0.416
32250.000	0.412
32260.000	0.414
32270.000	0.415
32280.000	0.420
32290.000	0.419
32300.000	0.419
32310.000	0.416
32320.000	0.413
32330.000	0.419
32340.000	0.414
32350.000	0.413
32360.000	0.417
32370.000	0.416
32380.000	0.417
32390.000	0.414
32400.000	0.416
32410.000	0.416
32420.000	0.417
32430.000	0.418
32440.000	0.423
32450.000	0.424
32460.000	0.419
32470.000	0.423
32480.000	0.419
32490.000	0.417
32500.000	0.419
32510.000	0.417
32520.000	0.418
32530.000	0.416
32540.000	0.414
32550.000	0.416
32560.000	0.415
32570.000	0.411
32580.000	0.413
32590.000	0.413
32600.000	0.417
32610.000	0.415
32620.000	0.416
32630.000	0.415
32640.000	0.418
32650.000	0.416
32660.000	0.414
32670.000	0.415
32680.000	0.416
32690.000	0.416
32700.000	0.415
32710.000	0.414
32720.000	0.414
32730.000	0.413
32740.000	0.415
32750.000	0.419
32760.000	0.420
32770.000	0.421
32780.000	0.424
32790.000	0.420
32800.000	0.418
32810.000	0.412
32820.000	0.414
32830.000	0.411
32840.000	0.410
32850.000	0.413
32860.000	0.415
32870.000	0.417
32880.000	0.415
32890.000	0.413
32900.000	0.412
32910.000	0.413
32920.000	0.417
32930.000	0.417
32940.000	0.417
32950.000	0.419
32960.000	0.417
32970.000	0.421
32980.000	0.420
32990.000	0.415
33000.000	0.416
33010.000	0.416
33020.000	0.417
33030.000	0.414
33040.000	0.413
33050.000	0.416
33060.000	0.413
33070.000	0.415
33080.000	0.416
33090.000	0.418
33100.000	0.414
33110.000	0.412
33120.000	0.415
33130.000	0.415
33140.000	0.418
33150.000	0.416
33160.000	0.420
33170.000	0.419
33180.000	0.418
33190.000	0.418
33200.000	0.416
33210.000	0.417
33220.000	0.415
33230.000	0.417
33240.000	0.417
33250.000	0.419
33260.000	0.416
33270.000	0.415
33280.000	0.415
33290.000	0.417
33300.000	0.411
33310.000	0.413
33320.000	0.420
33330.000	0.413
33340.000	0.413
33350.000	0.416
33360.000	0.411
33370.000	0.414
33380.000	0.412
33390.000	0.412
33400.000	0.409
33410.000	0.410
33420.000	0.409
33430.000	0.412
33440.000	0.412
33450.000	0.413
33460.000	0.413
33470.000	0.412
33480.000	0.414
33490.000	0.410
33500.000	0.412
33510.000	0.413
33520.000	0.412
33530.000	0.418
33540.000	0.415
33550.000	0.415
33560.000	0.415
33570.000	0.417
33580.000	0.416
33590.000	0.418
33600.000	0.426
33610.000	0.428
33620.000	0.435
33630.000	0.447
33640.000	0.466
33650.000	0.489
33660.000	0.512
33670.000	0.538
33680.000	0.576
33690.000	0.624
33700.000	0.684
33710.000	0.757
33720.000	0.796
33730.000	0.769
33740.000	0.712
33750.000	0.650
33760.000	0.618
33770.000	0.603
33780.000	0.610
33790.000	0.620
33800.000	0.628
33810.000	0.638
33820.000	0.640
33830.000	0.637
33840.000	0.596
33850.000	0.555
33860.000	0.525
33870.000	0.506
33880.000	0.493
33890.000	0.487
33900.000	0.482
33910.000	0.474
33920.000	0.468
33930.000	0.459
33940.000	0.454
33950.000	0.451
33960.000	0.451
33970.000	0.452
33980.000	0.448
33990.000	0.443
34000.000	0.442
34010.000	0.442
34020.000	0.437
34030.000	0.437
34040.000	0.430
34050.000	0.427
34060.000	0.434
34070.000	0.433
34080.000	0.430
34090.000	0.429
34100.000	0.425
34110.000	0.422
34120.000	0.422
34130.000	0.419
34140.000	0.421
34150.000	0.423
34160.000	0.418
34170.000	0.418
34180.000	0.416
34190.000	0.416
34200.000	0.416
34210.000	0.415
34220.000	0.418
34230.000	0.418
34240.000	0.418
34250.000	0.419
34260.000	0.417
34270.000	0.418
34280.000	0.419
34290.000	0.417
34300.000	0.415
34310.000	0.414
34320.000	0.412
34330.000	0.413
34340.000	0.417
34350.000	0.413
34360.000	0.411
34370.000	0.411
34380.000	0.412
34390.000	0.414
34400.000	0.414
34410.000	0.408
34420.000	0.408
34430.000	0.407
34440.000	0.406
34450.000	0.411
34460.000	0.412
34470.000	0.412
34480.000	0.412
34490.000	0.414
34500.000	0.410
34510.000	0.414
34520.000	0.412
34530.000	0.409
34540.000	0.407
34550.000	0.409
34560.000	0.410
34570.000	0.410
34580.000	0.408
34590.000	0.406
34600.000	0.408
34610.000	0.407
34620.000	0.406
34630.000	0.406
34640.000	0.410
34650.000	0.409
34660.000	0.407
34670.000	0.410
34680.000	0.409
34690.000	0.409
34700.000	0.410
34710.000	0.407
34720.000	0.406
34730.000	0.409
34740.000	0.410
34750.000	0.410
34760.000	0.408
34770.000	0.410
34780.000	0.406
34790.000	0.410
34800.000	0.411
34810.000	0.410
34820.000	0.408
34830.000	0.412
34840.000	0.409
34850.000	0.405
34860.000	0.407
34870.000	0.409
34880.000	0.406
34890.000	0.409
34900.000	0.407
34910.000	0.405
34920.000	0.405
34930.000	0.405
34940.000	0.404
34950.000	0.407
34960.000	0.406
34970.000	0.402
34980.000	0.406
34990.000	0.405
35000.000	0.411
35010.000	0.415
35020.000	0.414
35030.000	0.408
35040.000	0.410
35050.000	0.406
35060.000	0.403
35070.000	0.403
35080.000	0.408
35090.000	0.412
35100.000	0.412
35110.000	0.412
35120.000	0.409
35130.000	0.404
35140.000	0.406
35150.000	0.412
35160.000	0.411
35170.000	0.407
35180.000	0.412
35190.000	0.408
35200.000	0.407
35210.000	0.409
35220.000	0.413
35230.000	0.414
35240.000	0.409
35250.000	0.410
35260.000	0.404
35270.000	0.403
35280.000	0.411
35290.000	0.406
35300.000	0.402
35310.000	0.401
35320.000	0.402
35330.000	0.400
35340.000	0.407
35350.000	0.405
35360.000	0.405
35370.000	0.406
35380.000	0.411
35390.000	0.406
35400.000	0.403
35410.000	0.400
35420.000	0.403
35430.000	0.403
35440.000	0.403
35450.000	0.407
35460.000	0.405
35470.000	0.408
35480.000	0.407
35490.000	0.406
35500.000	0.403
35510.000	0.403
35520.000	0.405
35530.000	0.409
35540.000	0.408
35550.000	0.410
35560.000	0.408
35570.000	0.405
35580.000	0.403
35590.000	0.399
35600.000	0.397
35610.000	0.398
35620.000	0.397
35630.000	0.400
35640.000	0.401
35650.000	0.404
35660.000	0.403
35670.000	0.405
35680.000	0.408
35690.000	0.405
35700.000	0.405
35710.000	0.405
35720.000	0.409
35730.000	0.408
35740.000	0.409
35750.000	0.408
35760.000	0.406
35770.000	0.407
35780.000	0.405
35790.000	0.404
35800.000	0.402
35810.000	0.399
35820.000	0.399
35830.000	0.405
35840.000	0.400
35850.000	0.397
35860.000	0.398
35870.000	0.396
35880.000	0.400
35890.000	0.402
35900.000	0.402
35910.000	0.401
35920.000	0.402
35930.000	0.401
35940.000	0.406
35950.000	0.403
35960.000	0.401
35970.000	0.402
35980.000	0.401
35990.000	0.399
36000.000	0.406
36010.000	0.403
36020.000	0.400
36030.000	0.404
36040.000	0.408
36050.000	0.403
36060.000	0.402
36070.000	0.401
36080.000	0.399
36090.000	0.401
36100.000	0.404
36110.000	0.398
36120.000	0.399
36130.000	0.399
36140.000	0.401
36150.000	0.404
36160.000	0.400
36170.000	0.402
36180.000	0.403
36190.000	0.405
36200.000	0.404
36210.000	0.403
36220.000	0.403
36230.000	0.401
36240.000	0.397
36250.000	0.399
36260.000	0.397
36270.000	0.399
36280.000	0.402
36290.000	0.402
36300.000	0.398
36310.000	0.398
36320.000	0.399
36330.000	0.401
36340.000	0.403
36350.000	0.400
36360.000	0.397
36370.000	0.395
36380.000	0.398
36390.000	0.404
36400.000	0.403
36410.000	0.397
36420.000	0.394
36430.000	0.396
36440.000	0.397
36450.000	0.396
36460.000	0.398
36470.000	0.394
36480.000	0.393
36490.000	0.399
36500.000	0.401
36510.000	0.406
36520.000	0.402
36530.000	0.404
36540.000	0.407
36550.000	0.411
36560.000	0.416
36570.000	0.419
36580.000	0.419
36590.000	0.433
36600.000	0.444
36610.000	0.452
36620.000	0.469
36630.000	0.483
36640.000	0.498
36650.000	0.514
36660.000	0.517
36670.000	0.502
36680.000	0.480
36690.000	0.458
36700.000	0.449
36710.000	0.442
36720.000	0.437
36730.000	0.429
36740.000	0.426
36750.000	0.426
36760.000	0.429
36770.000	0.426
36780.000	0.418
36790.000	0.418
36800.000	0.420
36810.000	0.416
36820.000	0.414
36830.000	0.415
36840.000	0.410
36850.000	0.406
36860.000	0.407
36870.000	0.408
36880.000	0.408
36890.000	0.405
36900.000	0.402
36910.000	0.399
36920.000	0.397
36930.000	0.399
36940.000	0.404
36950.000	0.407
36960.000	0.407
36970.000	0.403
36980.000	0.401
36990.000	0.403
37000.000	0.406
37010.000	0.403
37020.000	0.400
37030.000	0.399
37040.000	0.398
37050.000	0.395
37060.000	0.397
37070.000	0.404
37080.000	0.401
37090.000	0.399
37100.000	0.398
37110.000	0.398
37120.000	0.398
37130.000	0.401
37140.000	0.399
37150.000	0.396
37160.000	0.397
37170.000	0.401
37180.000	0.401
37190.000	0.399
37200.000	0.403
37210.000	0.405
37220.000	0.401
37230.000	0.400
37240.000	0.401
37250.000	0.400
37260.000	0.406
37270.000	0.402
37280.000	0.399
37290.000	0.400
37300.000	0.405
37310.000	0.401
37320.000	0.400
37330.000	0.402
37340.000	0.403
37350.000	0.402
37360.000	0.399
37370.000	0.396
37380.000	0.394
37390.000	0.395
37400.000	0.398
37410.000	0.397
37420.000	0.398
37430.000	0.400
37440.000	0.399
37450.000	0.397
37460.000	0.393
37470.000	0.397
37480.000	0.396
37490.000	0.402
37500.000	0.402
37510.000	0.399
37520.000	0.397
37530.000	0.397
37540.000	0.399
37550.000	0.402
37560.000	0.402
37570.000	0.398
37580.000	0.395
37590.000	0.397
37600.000	0.397
37610.000	0.403
37620.000	0.406
37630.000	0.402
37640.000	0.401
37650.000	0.398
37660.000	0.399
37670.000	0.399
37680.000	0.393
37690.000	0.394
37700.000	0.402
37710.000	0.402
37720.000	0.402
37730.000	0.404
37740.000	0.408
37750.000	0.406
37760.000	0.406
37770.000	0.403
37780.000	0.403
37790.000	0.400
37800.000	0.398
37810.000	0.401
37820.000	0.406
37830.000	0.407
37840.000	0.406
37850.000	0.413
37860.000	0.417
37870.000	0.412
37880.000	0.419
37890.000	0.419
37900.000	0.421
37910.000	0.426
37920.000	0.427
37930.000	0.438
37940.000	0.455
37950.000	0.462
37960.000	0.477
37970.000	0.482
37980.000	0.497
37990.000	0.505
38000.000	0.494
38010.000	0.469
38020.000	0.456
38030.000	0.451
38040.000	0.436
38050.000	0.426
38060.000	0.424
38070.000	0.420
38080.000	0.417
38090.000	0.417
38100.000	0.416
38110.000	0.414
38120.000	0.409
38130.000	0.407
38140.000	0.407
38150.000	0.410
38160.000	0.407
38170.000	0.409
38180.000	0.409
38190.000	0.408
38200.000	0.409
38210.000	0.406
38220.000	0.404
38230.000	0.408
38240.000	0.407
38250.000	0.406
38260.000	0.406
38270.000	0.403
38280.000	0.401
38290.000	0.401
38300.000	0.401
38310.000	0.398
38320.000	0.397
38330.000	0.399
38340.000	0.402
38350.000	0.397
38360.000	0.398
38370.000	0.396
38380.000	0.395
38390.000	0.392
38400.000	0.391
38410.000	0.394
38420.000	0.397
38430.000	0.390
38440.000	0.393
38450.000	0.393
38460.000	0.394
38470.000	0.395
38480.000	0.395
38490.000	0.399
38500.000	0.400
38510.000	0.403
38520.000	0.406
38530.000	0.410
38540.000	0.410
38550.000	0.416
38560.000	0.428
38570.000	0.425
38580.000	0.436
38590.000	0.446
38600.000	0.454
38610.000	0.472
38620.000	0.486
38630.000	0.503
38640.000	0.532
38650.000	0.554
38660.000	0.565
38670.000	0.558
38680.000	0.536
38690.000	0.506
38700.000	0.487
38710.000	0.471
38720.000	0.458
38730.000	0.449
38740.000	0.438
38750.000	0.433
38760.000	0.425
38770.000	0.417
38780.000	0.420
38790.000	0.418
38800.000	0.415
38810.000	0.408
38820.000	0.408
38830.000	0.409
38840.000	0.410
38850.000	0.409
38860.000	0.408
38870.000	0.405
38880.000	0.409
38890.000	0.410
38900.000	0.405
38910.000	0.403
38920.000	0.406
38930.000	0.406
38940.000	0.405
38950.000	0.405
38960.000	0.403
38970.000	0.401
38980.000	0.401
38990.000	0.398
39000.000	0.401
39010.000	0.400
39020.000	0.394
39030.000	0.396
39040.000	0.396
39050.000	0.396
39060.000	0.398
39070.000	0.398
39080.000	0.398
39090.000	0.396
39100.000	0.402
39110.000	0.400
39120.000	0.393
39130.000	0.394
39140.000	0.395
39150.000	0.392
39160.000	0.396
39170.000	0.398
39180.000	0.396
39190.000	0.393
39200.000	0.397
39210.000	0.395
39220.000	0.396
39230.000	0.397
39240.000	0.394
39250.000	0.397
39260.000	0.395
39270.000	0.397
39280.000	0.394
39290.000	0.393
39300.000	0.394
39310.000	0.396
39320.000	0.399
39330.000	0.397
39340.000	0.395
39350.000	0.397
39360.000	0.398
39370.000	0.398
39380.000	0.400
39390.000	0.395
39400.000	0.394
39410.000	0.389
39420.000	0.394
39430.000	0.394
39440.000	0.394
39450.000	0.398
39460.000	0.395
39470.000	0.391
39480.000	0.397
39490.000	0.394
39500.000	0.395
39510.000	0.394
39520.000	0.388
39530.000	0.385
39540.000	0.389
39550.000	0.395
39560.000	0.396
39570.000	0.395
39580.000	0.415
39590.000	0.407
39600.000	0.402
39610.000	0.403
39620.000	0.402
39630.000	0.401
39640.000	0.398
39650.000	0.395
39660.000	0.393
39670.000	0.393
39680.000	0.391
39690.000	0.391
39700.000	0.390
39710.000	0.394
39720.000	0.396
39730.000	0.395
39740.000	0.398
39750.000	0.396
39760.000	0.396
39770.000	0.399
39780.000	0.397
39790.000	0.393
39800.000	0.393
39810.000	0.394
39820.000	0.400
39830.000	0.406
39840.000	0.415
39850.000	0.422
39860.000	0.431
39870.000	0.439
39880.000	0.457
39890.000	0.469
39900.000	0.479
39910.000	0.494
39920.000	0.518
39930.000	0.544
39940.000	0.563
39950.000	0.552
39960.000	0.527
39970.000	0.499
39980.000	0.471
39990.000	0.456
40000.000	0.446
40010.000	0.439
40020.000	0.429
40030.000	0.425
40040.000	0.421
40050.000	0.416
40060.000	0.420
40070.000	0.414
40080.000	0.412
40090.000	0.406
40100.000	0.404
40110.000	0.405
40120.000	0.409
40130.000	0.404
40140.000	0.399
40150.000	0.401
40160.000	0.404
40170.000	0.399
40180.000	0.398
40190.000	0.399
40200.000	0.397
40210.000	0.397
40220.000	0.397
40230.000	0.393
40240.000	0.393
40250.000	0.403
40260.000	0.401
40270.000	0.394
40280.000	0.394
40290.000	0.390
40300.000	0.391
40310.000	0.392
40320.000	0.394
40330.000	0.393
40340.000	0.391
40350.000	0.396
40360.000	0.397
40370.000	0.398
40380.000	0.395
40390.000	0.393
40400.000	0.390
40410.000	0.394
40420.000	0.393
40430.000	0.392
40440.000	0.394
40450.000	0.389
40460.000	0.391
40470.000	0.392
40480.000	0.394
40490.000	0.393
40500.000	0.389
40510.000	0.385
40520.000	0.388
40530.000	0.389
40540.000	0.391
40550.000	0.395
40560.000	0.393
40570.000	0.392
40580.000	0.391
40590.000	0.392
40600.000	0.392
40610.000	0.388
40620.000	0.390
40630.000	0.391
40640.000	0.392
40650.000	0.389
40660.000	0.389
40670.000	0.387
40680.000	0.386
40690.000	0.385
40700.000	0.385
40710.000	0.386
40720.000	0.387
40730.000	0.388
40740.000	0.386
40750.000	0.387
40760.000	0.391
40770.000	0.393
40780.000	0.390
40790.000	0.389
40800.000	0.391
40810.000	0.390
40820.000	0.389
40830.000	0.388
40840.000	0.388
40850.000	0.386
40860.000	0.388
40870.000	0.390
40880.000	0.385
40890.000	0.386
40900.000	0.389
40910.000	0.387
40920.000	0.390
40930.000	0.390
40940.000	0.388
40950.000	0.385
40960.000	0.386
40970.000	0.387
40980.000	0.388
40990.000	0.389
41000.000	0.391
41010.000	0.392
41020.000	0.392
41030.000	0.394
41040.000	0.387
41050.000	0.387
41060.000	0.388
41070.000	0.388
41080.000	0.389
41090.000	0.387
41100.000	0.385
41110.000	0.387
41120.000	0.385
41130.000	0.383
41140.000	0.381
41150.000	0.384
41160.000	0.385
41170.000	0.387
41180.000	0.390
41190.000	0.389
41200.000	0.392
41210.000	0.393
41220.000	0.389
41230.000	0.392
41240.000	0.390
41250.000	0.391
41260.000	0.392
41270.000	0.389
41280.000	0.389
41290.000	0.390
41300.000	0.395
41310.000	0.395
41320.000	0.392
41330.000	0.393
41340.000	0.393
41350.000	0.395
41360.000	0.392
41370.000	0.390
41380.000	0.384
41390.000	0.384
41400.000	0.382
41410.000	0.386
41420.000	0.383
41430.000	0.383
41440.000	0.391
41450.000	0.389
41460.000	0.390
41470.000	0.390
41480.000	0.388
41490.000	0.387
41500.000	0.391
41510.000	0.390
41520.000	0.387
41530.000	0.381
41540.000	0.386
41550.000	0.388
41560.000	0.390
41570.000	0.391
41580.000	0.392
41590.000	0.395
41600.000	0.389
41610.000	0.389
41620.000	0.386
41630.000	0.386
41640.000	0.386
41650.000	0.385
41660.000	0.385
41670.000	0.390
41680.000	0.390
41690.000	0.391
41700.000	0.388
41710.000	0.385
41720.000	0.387
41730.000	0.388
41740.000	0.386
41750.000	0.386
41760.000	0.380
41770.000	0.383
41780.000	0.382
41790.000	0.381
41800.000	0.382
41810.000	0.383
41820.000	0.380
41830.000	0.377
41840.000	0.383
41850.000	0.386
41860.000	0.380
41870.000	0.380
41880.000	0.383
41890.000	0.381
41900.000	0.382
41910.000	0.386
41920.000	0.386
41930.000	0.384
41940.000	0.380
41950.000	0.385
41960.000	0.387
41970.000	0.386
41980.000	0.390
41990.000	0.394
42000.000	0.385
42010.000	0.383
42020.000	0.385
42030.000	0.387
42040.000	0.383
42050.000	0.377
42060.000	0.374
42070.000	0.374
42080.000	0.379
42090.000	0.387
42100.000	0.388
42110.000	0.383
42120.000	0.381
42130.000	0.380
42140.000	0.377
42150.000	0.381
42160.000	0.384
42170.000	0.386
42180.000	0.386
42190.000	0.386
42200.000	0.383
42210.000	0.386
42220.000	0.388
42230.000	0.385
42240.000	0.384
42250.000	0.387
42260.000	0.391
42270.000	0.385
42280.000	0.384
42290.000	0.386
42300.000	0.389
42310.000	0.388
42320.000	0.387
42330.000	0.386
42340.000	0.384
42350.000	0.386
42360.000	0.386
42370.000	0.382
42380.000	0.383
42390.000	0.384
42400.000	0.385
42410.000	0.384
42420.000	0.387
42430.000	0.386
42440.000	0.382
42450.000	0.383
42460.000	0.383
42470.000	0.385
42480.000	0.388
42490.000	0.386
42500.000	0.382
42510.000	0.384
42520.000	0.380
42530.000	0.382
42540.000	0.382
42550.000	0.383
42560.000	0.386
42570.000	0.384
42580.000	0.388
42590.000	0.380
42600.000	0.383
42610.000	0.384
42620.000	0.388
42630.000	0.385
42640.000	0.382
42650.000	0.385
42660.000	0.384
42670.000	0.384
42680.000	0.386
42690.000	0.387
42700.000	0.384
42710.000	0.386
42720.000	0.384
42730.000	0.386
42740.000	0.383
42750.000	0.378
42760.000	0.383
42770.000	0.386
42780.000	0.387
42790.000	0.387
42800.000	0.385
42810.000	0.385
42820.000	0.383
42830.000	0.384
42840.000	0.385
42850.000	0.384
42860.000	0.384
42870.000	0.383
42880.000	0.382
42890.000	0.383
42900.000	0.382
42910.000	0.385
42920.000	0.382
42930.000	0.388
42940.000	0.385
42950.000	0.387
42960.000	0.383
42970.000	0.382
42980.000	0.389
42990.000	0.388
43000.000	0.386
43010.000	0.382
43020.000	0.380
43030.000	0.378
43040.000	0.379
43050.000	0.384
43060.000	0.379
43070.000	0.377
43080.000	0.381
43090.000	0.385
43100.000	0.379
43110.000	0.380
43120.000	0.381
43130.000	0.385
43140.000	0.384
43150.000	0.380
43160.000	0.380
43170.000	0.380
43180.000	0.382
43190.000	0.381
43200.000	0.383
43210.000	0.383
43220.000	0.386
43230.000	0.385
43240.000	0.383
43250.000	0.381
43260.000	0.381
43270.000	0.386
43280.000	0.385
43290.000	0.386
43300.000	0.383
43310.000	0.387
43320.000	0.387
43330.000	0.382
43340.000	0.384
43350.000	0.386
43360.000	0.384
43370.000	0.383
43380.000	0.379
43390.000	0.378
43400.000	0.380
43410.000	0.380
43420.000	0.382
43430.000	0.381
43440.000	0.380
43450.000	0.384
43460.000	0.382
43470.000	0.379
43480.000	0.382
43490.000	0.379
43500.000	0.378
43510.000	0.382
43520.000	0.382
43530.000	0.387
43540.000	0.388
43550.000	0.388
43560.000	0.388
43570.000	0.387
43580.000	0.388
43590.000	0.387
43600.000	0.383
43610.000	0.387
43620.000	0.387
43630.000	0.381
43640.000	0.383
43650.000	0.383
43660.000	0.383
43670.000	0.385
43680.000	0.383
43690.000	0.382
43700.000	0.382
43710.000	0.383
43720.000	0.382
43730.000	0.381
43740.000	0.383
43750.000	0.383
43760.000	0.381
43770.000	0.383
43780.000	0.379
43790.000	0.377
43800.000	0.381
43810.000	0.380
43820.000	0.386
43830.000	0.378
43840.000	0.381
43850.000	0.379
43860.000	0.381
43870.000	0.379
43880.000	0.378
43890.000	0.379
43900.000	0.382
43910.000	0.379
43920.000	0.378
43930.000	0.380
43940.000	0.382
43950.000	0.380
43960.000	0.379
43970.000	0.377
43980.000	0.376
43990.000	0.377
44000.000	0.376
44010.000	0.380
44020.000	0.382
44030.000	0.383
44040.000	0.381
44050.000	0.383
44060.000	0.380
44070.000	0.383
44080.000	0.384
44090.000	0.384
44100.000	0.387
44110.000	0.385
44120.000	0.389
44130.000	0.387
44140.000	0.385
44150.000	0.383
44160.000	0.378
44170.000	0.380
44180.000	0.380
44190.000	0.386
44200.000	0.386
44210.000	0.383
44220.000	0.381
44230.000	0.382
44240.000	0.383
44250.000	0.381
44260.000	0.380
44270.000	0.381
44280.000	0.380
44290.000	0.379
44300.000	0.377
44310.000	0.378
44320.000	0.377
44330.000	0.382
44340.000	0.384
44350.000	0.384
44360.000	0.381
44370.000	0.376
44380.000	0.372
44390.000	0.376
44400.000	0.378
44410.000	0.376
44420.000	0.381
44430.000	0.385
44440.000	0.389
44450.000	0.391
44460.000	0.395
44470.000	0.391
44480.000	0.389
44490.000	0.390
44500.000	0.392
44510.000	0.383
44520.000	0.389
44530.000	0.386
44540.000	0.383
44550.000	0.380
44560.000	0.381
44570.000	0.382
44580.000	0.383
44590.000	0.382
44600.000	0.382
44610.000	0.381
44620.000	0.383
44630.000	0.380
44640.000	0.382
44650.000	0.379
44660.000	0.379
44670.000	0.379
44680.000	0.383
44690.000	0.383
44700.000	0.385
44710.000	0.384
44720.000	0.383
44730.000	0.384
44740.000	0.381
44750.000	0.382
44760.000	0.382
44770.000	0.378
44780.000	0.377
44790.000	0.378
44800.000	0.373
44810.000	0.376
44820.000	0.380
44830.000	0.383
44840.000	0.384
44850.000	0.384
44860.000	0.379
44870.000	0.381
44880.000	0.384
44890.000	0.383
44900.000	0.388
44910.000	0.388
44920.000	0.387
44930.000	0.382
44940.000	0.384
44950.000	0.383
44960.000	0.383
44970.000	0.383
44980.000	0.387
44990.000	0.386
45000.000	0.385
45010.000	0.384
45020.000	0.387
45030.000	0.383
45040.000	0.384
45050.000	0.384
45060.000	0.384
45070.000	0.383
45080.000	0.384
45090.000	0.384
45100.000	0.382
45110.000	0.381
45120.000	0.384
45130.000	0.380
45140.000	0.382
45150.000	0.387
45160.000	0.384
45170.000	0.384
45180.000	0.385
45190.000	0.389
45200.000	0.390
45210.000	0.387
45220.000	0.391
45230.000	0.385
45240.000	0.386
45250.000	0.386
45260.000	0.380
45270.000	0.377
45280.000	0.382
45290.000	0.383
45300.000	0.380
45310.000	0.378
45320.000	0.378
45330.000	0.383
45340.000	0.382
45350.000	0.384
45360.000	0.386
45370.000	0.386
45380.000	0.381
45390.000	0.380
45400.000	0.384
45410.000	0.387
45420.000	0.385
45430.000	0.384
45440.000	0.384
45450.000	0.384
45460.000	0.383
45470.000	0.383
45480.000	0.386
45490.000	0.387
45500.000	0.381
45510.000	0.377
45520.000	0.378
45530.000	0.380
45540.000	0.381
45550.000	0.381
45560.000	0.382
45570.000	0.385
45580.000	0.386
45590.000	0.383
45600.000	0.387
45610.000	0.384
45620.000	0.384
45630.000	0.384
45640.000	0.384
45650.000	0.388
45660.000	0.382
45670.000	0.382
45680.000	0.379
45690.000	0.382
45700.000	0.388
45710.000	0.391
45720.000	0.389
45730.000	0.386
45740.000	0.388
45750.000	0.389
45760.000	0.390
45770.000	0.387
45780.000	0.383
45790.000	0.383
45800.000	0.385
45810.000	0.379
45820.000	0.380
45830.000	0.381
45840.000	0.382
45850.000	0.387
45860.000	0.384
45870.000	0.384
45880.000	0.383
45890.000	0.382
45900.000	0.381
45910.000	0.384
45920.000	0.384
45930.000	0.379
45940.000	0.381
45950.000	0.380
45960.000	0.378
45970.000	0.380
45980.000	0.378
45990.000	0.382
46000.000	0.386
46010.000	0.383
46020.000	0.381
46030.000	0.383
46040.000	0.380
46050.000	0.381
46060.000	0.383
46070.000	0.379
46080.000	0.379
46090.000	0.382
46100.000	0.383
46110.000	0.383
46120.000	0.381
46130.000	0.383
46140.000	0.379
46150.000	0.378
46160.000	0.383
46170.000	0.382
46180.000	0.375
46190.000	0.376
46200.000	0.380
46210.000	0.381
46220.000	0.380
46230.000	0.379
46240.000	0.376
46250.000	0.377
46260.000	0.384
46270.000	0.381
46280.000	0.376
46290.000	0.378
46300.000	0.382
46310.000	0.378
46320.000	0.381
46330.000	0.378
46340.000	0.377
46350.000	0.379
46360.000	0.376
46370.000	0.378
46380.000	0.375
46390.000	0.375
46400.000	0.377
46410.000	0.384
46420.000	0.382
46430.000	0.380
46440.000	0.378
46450.000	0.382
46460.000	0.385
46470.000	0.385
46480.000	0.381
46490.000	0.380
46500.000	0.378
46510.000	0.380
46520.000	0.384
46530.000	0.383
46540.000	0.383
46550.000	0.382
46560.000	0.383
46570.000	0.384
46580.000	0.379
46590.000	0.377
46600.000	0.377
46610.000	0.378
46620.000	0.378
46630.000	0.379
46640.000	0.383
46650.000	0.380
46660.000	0.380
46670.000	0.380
46680.000	0.377
46690.000	0.373
46700.000	0.376
46710.000	0.374
46720.000	0.371
46730.000	0.371
46740.000	0.376
46750.000	0.377
46760.000	0.380
46770.000	0.383
46780.000	0.379
46790.000	0.380
46800.000	0.384
46810.000	0.384
46820.000	0.387
46830.000	0.383
46840.000	0.380
46850.000	0.381
46860.000	0.381
46870.000	0.379
46880.000	0.380
46890.000	0.378
46900.000	0.378
46910.000	0.380
46920.000	0.380
46930.000	0.381
46940.000	0.381
46950.000	0.378
46960.000	0.380
46970.000	0.377
46980.000	0.378
46990.000	0.378
47000.000	0.378
47010.000	0.376
47020.000	0.373
47030.000	0.376
47040.000	0.375
47050.000	0.378
47060.000	0.381
47070.000	0.376
47080.000	0.376
47090.000	0.373
47100.000	0.374
47110.000	0.380
47120.000	0.377
47130.000	0.379
47140.000	0.374
47150.000	0.374
47160.000	0.374
47170.000	0.379
47180.000	0.381
47190.000	0.380
47200.000	0.384
47210.000	0.380
47220.000	0.379
47230.000	0.379
47240.000	0.381
47250.000	0.380
47260.000	0.381
47270.000	0.381
47280.000	0.381
47290.000	0.379
47300.000	0.379
47310.000	0.380
47320.000	0.378
47330.000	0.379
47340.000	0.375
47350.000	0.375
47360.000	0.376
47370.000	0.375
47380.000	0.377
47390.000	0.374
47400.000	0.372
47410.000	0.375
47420.000	0.376
47430.000	0.375
47440.000	0.376
47450.000	0.377
47460.000	0.380
47470.000	0.379
47480.000	0.380
47490.000	0.381
47500.000	0.382
47510.000	0.382
47520.000	0.381
47530.000	0.379
47540.000	0.379
47550.000	0.375
47560.000	0.375
47570.000	0.376
47580.000	0.375
47590.000	0.375
47600.000	0.381
47610.000	0.380
47620.000	0.379
47630.000	0.382
47640.000	0.379
47650.000	0.382
47660.000	0.382
47670.000	0.384
47680.000	0.382
47690.000	0.384
47700.000	0.386
47710.000	0.388
47720.000	0.390
47730.000	0.383
47740.000	0.382
47750.000	0.381
47760.000	0.383
47770.000	0.381
47780.000	0.379
47790.000	0.378
47800.000	0.380
47810.000	0.383
47820.000	0.379
47830.000	0.381
47840.000	0.380
47850.000	0.374
47860.000	0.371
47870.000	0.372
47880.000	0.373
47890.000	0.377
47900.000	0.375
47910.000	0.373
47920.000	0.378
47930.000	0.381
47940.000	0.379
47950.000	0.380
47960.000	0.380
47970.000	0.381
47980.000	0.383
47990.000	0.383
48000.000	0.384
48010.000	0.385
48020.000	0.382
48030.000	0.382
48040.000	0.378
48050.000	0.377
48060.000	0.379
48070.000	0.379
48080.000	0.377
48090.000	0.379
48100.000	0.382
48110.000	0.376
48120.000	0.378
48130.000	0.379
48140.000	0.379
48150.000	0.377
48160.000	0.379
48170.000	0.377
48180.000	0.375
48190.000	0.378
48200.000	0.378
48210.000	0.380
48220.000	0.377
48230.000	0.379
48240.000	0.377
48250.000	0.376
48260.000	0.375
48270.000	0.375
48280.000	0.374
48290.000	0.374
48300.000	0.374
48310.000	0.375
48320.000	0.375
48330.000	0.373
48340.000	0.369
48350.000	0.370
48360.000	0.370
48370.000	0.369
48380.000	0.371
48390.000	0.372
48400.000	0.378
48410.000	0.375
48420.000	0.374
48430.000	0.377
48440.000	0.377
48450.000	0.379
48460.000	0.376
48470.000	0.375
48480.000	0.376
48487.000	0.377
