10.000	0.376
20.000	0.370
30.000	0.375
40.000	0.372
50.000	0.372
60.000	0.372
70.000	0.372
80.000	0.368
90.000	0.370
100.000	0.372
110.000	0.373
120.000	0.374
130.000	0.372
140.000	0.369
150.000	0.369
160.000	0.375
170.000	0.373
180.000	0.371
190.000	0.375
200.000	0.376
210.000	0.372
220.000	0.376
230.000	0.375
240.000	0.373
250.000	0.375
260.000	0.375
270.000	0.377
280.000	0.376
290.000	0.374
300.000	0.374
310.000	0.371
320.000	0.374
330.000	0.377
340.000	0.376
350.000	0.376
360.000	0.375
370.000	0.374
380.000	0.379
390.000	0.380
400.000	0.382
410.000	0.381
420.000	0.382
430.000	0.381
440.000	0.380
450.000	0.378
460.000	0.376
470.000	0.371
480.000	0.371
490.000	0.379
500.000	0.377
510.000	0.377
520.000	0.377
530.000	0.373
540.000	0.373
550.000	0.372
560.000	0.373
570.000	0.374
580.000	0.373
590.000	0.376
600.000	0.380
610.000	0.377
620.000	0.374
630.000	0.377
640.000	0.371
650.000	0.375
660.000	0.377
670.000	0.376
680.000	0.375
690.000	0.372
700.000	0.370
710.000	0.371
720.000	0.373
730.000	0.374
740.000	0.381
750.000	0.379
760.000	0.381
770.000	0.385
780.000	0.383
790.000	0.382
800.000	0.378
810.000	0.375
820.000	0.380
830.000	0.382
840.000	0.382
850.000	0.381
860.000	0.384
870.000	0.384
880.000	0.384
890.000	0.380
900.000	0.380
910.000	0.377
920.000	0.378
930.000	0.376
940.000	0.375
950.000	0.377
960.000	0.378
970.000	0.378
980.000	0.377
990.000	0.374
1000.000	0.374
1010.000	0.377
1020.000	0.381
1030.000	0.381
1040.000	0.382
1050.000	0.384
1060.000	0.380
1070.000	0.377
1080.000	0.379
1090.000	0.378
1100.000	0.377
1110.000	0.381
1120.000	0.376
1130.000	0.373
1140.000	0.375
1150.000	0.374
1160.000	0.373
1170.000	0.374
1180.000	0.377
1190.000	0.379
1200.000	0.381
1210.000	0.382
1220.000	0.379
1230.000	0.380
1240.000	0.377
1250.000	0.379
1260.000	0.383
1270.000	0.382
1280.000	0.381
1290.000	0.382
1300.000	0.380
1310.000	0.379
1320.000	0.379
1330.000	0.385
1340.000	0.381
1350.000	0.379
1360.000	0.380
1370.000	0.384
1380.000	0.385
1390.000	0.384
1400.000	0.380
1410.000	0.382
1420.000	0.385
1430.000	0.387
1440.000	0.385
1450.000	0.389
1460.000	0.388
1470.000	0.385
1480.000	0.383
1490.000	0.386
1500.000	0.387
1510.000	0.389
1520.000	0.387
1530.000	0.383
1540.000	0.385
1550.000	0.385
1560.000	0.384
1570.000	0.385
1580.000	0.385
1590.000	0.387
1600.000	0.388
1610.000	0.389
1620.000	0.391
1630.000	0.392
1640.000	0.389
1650.000	0.390
1660.000	0.386
1670.000	0.385
1680.000	0.388
1690.000	0.388
1700.000	0.389
1710.000	0.389
1720.000	0.388
1730.000	0.387
1740.000	0.390
1750.000	0.391
1760.000	0.394
1770.000	0.391
1780.000	0.393
1790.000	0.393
1800.000	0.393
1810.000	0.390
1820.000	0.391
1830.000	0.392
1840.000	0.392
1850.000	0.390
1860.000	0.389
1870.000	0.390
1880.000	0.387
1890.000	0.385
1900.000	0.391
1910.000	0.396
1920.000	0.393
1930.000	0.393
1940.000	0.391
1950.000	0.390
1960.000	0.390
1970.000	0.390
1980.000	0.396
1990.000	0.391
2000.000	0.394
2010.000	0.390
2020.000	0.386
2030.000	0.393
2040.000	0.392
2050.000	0.395
2060.000	0.395
2070.000	0.393
2080.000	0.393
2090.000	0.393
2100.000	0.395
2110.000	0.394
2120.000	0.394
2130.000	0.389
2140.000	0.387
2150.000	0.389
2160.000	0.390
2170.000	0.389
2180.000	0.390
2190.000	0.391
2200.000	0.389
2210.000	0.388
2220.000	0.388
2230.000	0.385
2240.000	0.387
2250.000	0.386
2260.000	0.385
2270.000	0.389
2280.000	0.386
2290.000	0.383
2300.000	0.386
2310.000	0.392
2320.000	0.391
2330.000	0.385
2340.000	0.382
2350.000	0.381
2360.000	0.388
2370.000	0.393
2380.000	0.396
2390.000	0.389
2400.000	0.387
2410.000	0.388
2420.000	0.386
2430.000	0.390
2440.000	0.394
2450.000	0.394
2460.000	0.397
2470.000	0.395
2480.000	0.392
2490.000	0.393
2500.000	0.394
2510.000	0.393
2520.000	0.397
2530.000	0.398
2540.000	0.400
2550.000	0.400
2560.000	0.397
2570.000	0.395
2580.000	0.394
2590.000	0.395
2600.000	0.395
2610.000	0.395
2620.000	0.397
2630.000	0.397
2640.000	0.398
2650.000	0.403
2660.000	0.402
2670.000	0.398
2680.000	0.399
2690.000	0.404
2700.000	0.402
2710.000	0.401
2720.000	0.397
2730.000	0.400
2740.000	0.396
2750.000	0.393
2760.000	0.395
2770.000	0.396
2780.000	0.395
2790.000	0.393
2800.000	0.395
2810.000	0.393
2820.000	0.393
2830.000	0.397
2840.000	0.398
2850.000	0.401
2860.000	0.398
2870.000	0.394
2880.000	0.396
2890.000	0.398
2900.000	0.400
2910.000	0.401
2920.000	0.396
2930.000	0.396
2940.000	0.398
2950.000	0.397
2960.000	0.398
2970.000	0.400
2980.000	0.403
2990.000	0.409
3000.000	0.405
3010.000	0.399
3020.000	0.398
3030.000	0.402
3040.000	0.402
3050.000	0.405
3060.000	0.405
3070.000	0.407
3080.000	0.411
3090.000	0.407
3100.000	0.404
3110.000	0.402
3120.000	0.399
3130.000	0.402
3140.000	0.403
3150.000	0.407
3160.000	0.413
3170.000	0.406
3180.000	0.402
3190.000	0.397
3200.000	0.397
3210.000	0.399
3220.000	0.403
3230.000	0.406
3240.000	0.403
3250.000	0.403
3260.000	0.405
3270.000	0.406
3280.000	0.405
3290.000	0.406
3300.000	0.407
3310.000	0.409
3320.000	0.410
3330.000	0.407
3340.000	0.406
3350.000	0.405
3360.000	0.403
3370.000	0.407
3380.000	0.407
3390.000	0.413
3400.000	0.410
3410.000	0.405
3420.000	0.406
3430.000	0.405
3440.000	0.409
3450.000	0.411
3460.000	0.405
3470.000	0.402
3480.000	0.401
3490.000	0.404
3500.000	0.400
3510.000	0.399
3520.000	0.398
3530.000	0.395
3540.000	0.398
3550.000	0.397
3560.000	0.399
3570.000	0.399
3580.000	0.406
3590.000	0.404
3600.000	0.405
3610.000	0.406
3620.000	0.402
3630.000	0.403
3640.000	0.404
3650.000	0.404
3660.000	0.408
3670.000	0.406
3680.000	0.403
3690.000	0.399
3700.000	0.401
3710.000	0.404
3720.000	0.403
3730.000	0.405
3740.000	0.404
3750.000	0.400
3760.000	0.402
3770.000	0.405
3780.000	0.408
3790.000	0.407
3800.000	0.406
3810.000	0.405
3820.000	0.406
3830.000	0.411
3840.000	0.414
3850.000	0.410
3860.000	0.405
3870.000	0.412
3880.000	0.416
3890.000	0.416
3900.000	0.415
3910.000	0.414
3920.000	0.413
3930.000	0.411
3940.000	0.416
3950.000	0.413
3960.000	0.412
3970.000	0.408
3980.000	0.410
3990.000	0.413
4000.000	0.413
4010.000	0.413
4020.000	0.406
4030.000	0.405
4040.000	0.413
4050.000	0.408
4060.000	0.410
4070.000	0.415
4080.000	0.408
4090.000	0.412
4100.000	0.410
4110.000	0.409
4120.000	0.413
4130.000	0.414
4140.000	0.412
4150.000	0.410
4160.000	0.413
4170.000	0.410
4180.000	0.412
4190.000	0.410
4200.000	0.412
4210.000	0.408
4220.000	0.411
4230.000	0.409
4240.000	0.412
4250.000	0.409
4260.000	0.411
4270.000	0.409
4280.000	0.408
4290.000	0.415
4300.000	0.413
4310.000	0.412
4320.000	0.413
4330.000	0.415
4340.000	0.414
4350.000	0.412
4360.000	0.415
4370.000	0.408
4380.000	0.410
4390.000	0.415
4400.000	0.413
4410.000	0.417
4420.000	0.415
4430.000	0.416
4440.000	0.414
4450.000	0.417
4460.000	0.415
4470.000	0.415
4480.000	0.416
4490.000	0.414
4500.000	0.413
4510.000	0.411
4520.000	0.413
4530.000	0.415
4540.000	0.412
4550.000	0.411
4560.000	0.412
4570.000	0.412
4580.000	0.408
4590.000	0.420
4600.000	0.413
4610.000	0.411
4620.000	0.414
4630.000	0.409
4640.000	0.412
4650.000	0.414
4660.000	0.414
4670.000	0.415
4680.000	0.416
4690.000	0.414
4700.000	0.413
4710.000	0.417
4720.000	0.414
4730.000	0.417
4740.000	0.419
4750.000	0.415
4760.000	0.414
4770.000	0.416
4780.000	0.417
4790.000	0.416
4800.000	0.415
4810.000	0.419
4820.000	0.423
4830.000	0.418
4840.000	0.416
4850.000	0.418
4860.000	0.420
4870.000	0.426
4880.000	0.425
4890.000	0.424
4900.000	0.430
4910.000	0.426
4920.000	0.431
4930.000	0.429
4940.000	0.420
4950.000	0.427
4960.000	0.422
4970.000	0.421
4980.000	0.421
4990.000	0.422
5000.000	0.420
5010.000	0.418
5020.000	0.420
5030.000	0.419
5040.000	0.420
5050.000	0.423
5060.000	0.422
5070.000	0.424
5080.000	0.427
5090.000	0.426
5100.000	0.423
5110.000	0.420
5120.000	0.423
5130.000	0.420
5140.000	0.420
5150.000	0.418
5160.000	0.423
5170.000	0.417
5180.000	0.419
5190.000	0.417
5200.000	0.418
5210.000	0.420
5220.000	0.421
5230.000	0.422
5240.000	0.421
5250.000	0.421
5260.000	0.423
5270.000	0.425
5280.000	0.427
5290.000	0.430
5300.000	0.426
5310.000	0.427
5320.000	0.429
5330.000	0.427
5340.000	0.424
5350.000	0.428
5360.000	0.427
5370.000	0.423
5380.000	0.426
5390.000	0.427
5400.000	0.431
5410.000	0.426
5420.000	0.429
5430.000	0.430
5440.000	0.429
5450.000	0.429
5460.000	0.432
5470.000	0.429
5480.000	0.434
5490.000	0.430
5500.000	0.430
5510.000	0.431
5520.000	0.435
5530.000	0.432
5540.000	0.431
5550.000	0.432
5560.000	0.434
5570.000	0.430
5580.000	0.429
5590.000	0.426
5600.000	0.425
5610.000	0.423
5620.000	0.422
5630.000	0.424
5640.000	0.430
5650.000	0.430
5660.000	0.434
5670.000	0.429
5680.000	0.429
5690.000	0.433
5700.000	0.431
5710.000	0.429
5720.000	0.431
5730.000	0.433
5740.000	0.436
5750.000	0.434
5760.000	0.434
5770.000	0.434
5780.000	0.434
5790.000	0.434
5800.000	0.430
5810.000	0.433
5820.000	0.435
5830.000	0.434
5840.000	0.428
5850.000	0.435
5860.000	0.439
5870.000	0.438
5880.000	0.439
5890.000	0.435
5900.000	0.434
5910.000	0.440
5920.000	0.440
5930.000	0.437
5940.000	0.442
5950.000	0.445
5960.000	0.437
5970.000	0.438
5980.000	0.439
5990.000	0.442
6000.000	0.438
6010.000	0.438
6020.000	0.443
6030.000	0.440
6040.000	0.436
6050.000	0.438
6060.000	0.437
6070.000	0.438
6080.000	0.435
6090.000	0.438
6100.000	0.438
6110.000	0.440
6120.000	0.445
6130.000	0.449
6140.000	0.449
6150.000	0.443
6160.000	0.437
6170.000	0.443
6180.000	0.440
6190.000	0.439
6200.000	0.440
6210.000	0.440
6220.000	0.437
6230.000	0.439
6240.000	0.435
6250.000	0.435
6260.000	0.438
6270.000	0.436
6280.000	0.439
6290.000	0.435
6300.000	0.439
6310.000	0.443
6320.000	0.438
6330.000	0.432
6340.000	0.434
6350.000	0.433
6360.000	0.432
6370.000	0.433
6380.000	0.434
6390.000	0.434
6400.000	0.436
6410.000	0.435
6420.000	0.434
6430.000	0.437
6440.000	0.442
6450.000	0.441
6460.000	0.441
6470.000	0.435
6480.000	0.442
6490.000	0.437
6500.000	0.441
6510.000	0.444
6520.000	0.443
6530.000	0.446
6540.000	0.450
6550.000	0.448
6560.000	0.444
6570.000	0.440
6580.000	0.437
6590.000	0.435
6600.000	0.433
6610.000	0.431
6620.000	0.436
6630.000	0.437
6640.000	0.433
6650.000	0.440
6660.000	0.442
6670.000	0.441
6680.000	0.442
6690.000	0.445
6700.000	0.451
6710.000	0.449
6720.000	0.448
6730.000	0.446
6740.000	0.445
6750.000	0.444
6760.000	0.442
6770.000	0.441
6780.000	0.441
6790.000	0.446
6800.000	0.444
6810.000	0.448
6820.000	0.446
6830.000	0.451
6840.000	0.453
6850.000	0.451
6860.000	0.450
6870.000	0.449
6880.000	0.449
6890.000	0.452
6900.000	0.455
6910.000	0.452
6920.000	0.450
6930.000	0.446
6940.000	0.449
6950.000	0.447
6960.000	0.444
6970.000	0.447
6980.000	0.444
6990.000	0.451
7000.000	0.450
7010.000	0.451
7020.000	0.449
7030.000	0.450
7040.000	0.452
7050.000	0.445
7060.000	0.465
7070.000	0.463
7080.000	0.458
7090.000	0.455
7100.000	0.459
7110.000	0.459
7120.000	0.458
7130.000	0.452
7140.000	0.448
7150.000	0.447
7160.000	0.452
7170.000	0.449
7180.000	0.451
7190.000	0.452
7200.000	0.452
7210.000	0.455
7220.000	0.452
7230.000	0.453
7240.000	0.451
7250.000	0.453
7260.000	0.455
7270.000	0.454
7280.000	0.461
7290.000	0.457
7300.000	0.461
7310.000	0.455
7320.000	0.453
7330.000	0.451
7340.000	0.453
7350.000	0.455
7360.000	0.468
7370.000	0.463
7380.000	0.464
7390.000	0.466
7400.000	0.460
7410.000	0.458
7420.000	0.456
7430.000	0.457
7440.000	0.455
7450.000	0.460
7460.000	0.461
7470.000	0.460
7480.000	0.466
7490.000	0.465
7500.000	0.459
7510.000	0.458
7520.000	0.462
7530.000	0.458
7540.000	0.460
7550.000	0.464
7560.000	0.458
7570.000	0.458
7580.000	0.458
7590.000	0.453
7600.000	0.454
7610.000	0.451
7620.000	0.450
7630.000	0.446
7640.000	0.452
7650.000	0.449
7660.000	0.452
7670.000	0.461
7680.000	0.460
7690.000	0.447
7700.000	0.460
7710.000	0.458
7720.000	0.460
7730.000	0.461
7740.000	0.455
7750.000	0.451
7760.000	0.454
7770.000	0.454
7780.000	0.456
7790.000	0.455
7800.000	0.449
7810.000	0.450
7820.000	0.453
7830.000	0.451
7840.000	0.458
7850.000	0.460
7860.000	0.455
7870.000	0.452
7880.000	0.455
7890.000	0.464
7900.000	0.459
7910.000	0.464
7920.000	0.458
7930.000	0.459
7940.000	0.459
7950.000	0.467
7960.000	0.466
7970.000	0.466
7980.000	0.465
7990.000	0.465
8000.000	0.465
8010.000	0.468
8020.000	0.463
8030.000	0.461
8040.000	0.465
8050.000	0.465
8060.000	0.464
8070.000	0.465
8080.000	0.463
8090.000	0.464
8100.000	0.458
8110.000	0.458
8120.000	0.459
8130.000	0.459
8140.000	0.459
8150.000	0.454
8160.000	0.453
8170.000	0.453
8180.000	0.457
8190.000	0.456
8200.000	0.454
8210.000	0.452
8220.000	0.454
8230.000	0.457
8240.000	0.457
8250.000	0.455
8260.000	0.454
8270.000	0.454
8280.000	0.451
8290.000	0.453
8300.000	0.449
8310.000	0.450
8320.000	0.455
8330.000	0.463
8340.000	0.460
8350.000	0.456
8360.000	0.462
8370.000	0.459
8380.000	0.457
8390.000	0.468
8400.000	0.462
8410.000	0.452
8420.000	0.451
8430.000	0.452
8440.000	0.454
8450.000	0.455
8460.000	0.455
8470.000	0.455
8480.000	0.454
8490.000	0.459
8500.000	0.457
8510.000	0.458
8520.000	0.459
8530.000	0.457
8540.000	0.459
8550.000	0.461
8560.000	0.458
8570.000	0.464
8580.000	0.464
8590.000	0.464
8600.000	0.467
8610.000	0.469
8620.000	0.470
8630.000	0.470
8640.000	0.472
8650.000	0.475
8660.000	0.477
8670.000	0.474
8680.000	0.469
8690.000	0.474
8700.000	0.479
8710.000	0.485
8720.000	0.494
8730.000	0.496
8740.000	0.493
8750.000	0.495
8760.000	0.493
8770.000	0.495
8780.000	0.489
8790.000	0.492
8800.000	0.489
8810.000	0.489
8820.000	0.479
8830.000	0.471
8840.000	0.475
8850.000	0.479
8860.000	0.473
8870.000	0.468
8880.000	0.469
8890.000	0.468
8900.000	0.459
8910.000	0.452
8920.000	0.455
8930.000	0.461
8940.000	0.459
8950.000	0.458
8960.000	0.459
8970.000	0.459
8980.000	0.456
8990.000	0.460
9000.000	0.464
9010.000	0.467
9020.000	0.466
9030.000	0.468
9040.000	0.464
9050.000	0.471
9060.000	0.466
9070.000	0.466
9080.000	0.466
9090.000	0.473
9100.000	0.471
9110.000	0.467
9120.000	0.466
9130.000	0.464
9140.000	0.464
9150.000	0.460
9160.000	0.463
9170.000	0.464
9180.000	0.465
9190.000	0.467
9200.000	0.464
9210.000	0.458
9220.000	0.452
9230.000	0.454
9240.000	0.456
9250.000	0.456
9260.000	0.457
9270.000	0.453
9280.000	0.450
9290.000	0.457
9300.000	0.462
9310.000	0.463
9320.000	0.463
9330.000	0.464
9340.000	0.468
9350.000	0.464
9360.000	0.467
9370.000	0.467
9380.000	0.469
9390.000	0.473
9400.000	0.475
9410.000	0.477
9420.000	0.473
9430.000	0.481
9440.000	0.490
9450.000	0.501
9460.000	0.495
9470.000	0.503
9480.000	0.499
9490.000	0.505
9500.000	0.512
9510.000	0.527
9520.000	0.532
9530.000	0.528
9540.000	0.530
9550.000	0.534
9560.000	0.546
9570.000	0.550
9580.000	0.544
9590.000	0.542
9600.000	0.552
9610.000	0.541
9620.000	0.535
9630.000	0.520
9640.000	0.510
9650.000	0.500
9660.000	0.490
9670.000	0.486
9680.000	0.493
9690.000	0.485
9700.000	0.489
9710.000	0.478
9720.000	0.473
9730.000	0.467
9740.000	0.467
9750.000	0.472
9760.000	0.468
9770.000	0.465
9780.000	0.467
9790.000	0.468
9800.000	0.463
9810.000	0.465
9820.000	0.460
9830.000	0.462
9840.000	0.464
9850.000	0.458
9860.000	0.459
9870.000	0.459
9880.000	0.458
9890.000	0.458
9900.000	0.456
9910.000	0.458
9920.000	0.463
9930.000	0.472
9940.000	0.469
9950.000	0.472
9960.000	0.470
9970.000	0.470
9980.000	0.467
9990.000	0.466
10000.000	0.464
10010.000	0.460
10020.000	0.472
10030.000	0.473
10040.000	0.470
10050.000	0.467
10060.000	0.474
10070.000	0.478
10080.000	0.474
10090.000	0.473
10100.000	0.470
10110.000	0.472
10120.000	0.473
10130.000	0.469
10140.000	0.471
10150.000	0.466
10160.000	0.465
10170.000	0.464
10180.000	0.462
10190.000	0.459
10200.000	0.463
10210.000	0.460
10220.000	0.458
10230.000	0.458
10240.000	0.460
10250.000	0.456
10260.000	0.455
10270.000	0.458
10280.000	0.460
10290.000	0.463
10300.000	0.467
10310.000	0.468
10320.000	0.470
10330.000	0.469
10340.000	0.470
10350.000	0.465
10360.000	0.471
10370.000	0.476
10380.000	0.469
10390.000	0.471
10400.000	0.464
10410.000	0.462
10420.000	0.461
10430.000	0.460
10440.000	0.465
10450.000	0.469
10460.000	0.476
10470.000	0.485
10480.000	0.488
10490.000	0.495
10500.000	0.505
10510.000	0.516
10520.000	0.533
10530.000	0.555
10540.000	0.575
10550.000	0.599
10560.000	0.602
10570.000	0.612
10580.000	0.604
10590.000	0.604
10600.000	0.598
10610.000	0.586
10620.000	0.584
10630.000	0.572
10640.000	0.560
10650.000	0.559
10660.000	0.556
10670.000	0.552
10680.000	0.547
10690.000	0.552
10700.000	0.542
10710.000	0.545
10720.000	0.545
10730.000	0.540
10740.000	0.535
10750.000	0.533
10760.000	0.523
10770.000	0.512
10780.000	0.502
10790.000	0.496
10800.000	0.493
10810.000	0.484
10820.000	0.478
10830.000	0.476
10840.000	0.473
10850.000	0.466
10860.000	0.459
10870.000	0.460
10880.000	0.456
10890.000	0.454
10900.000	0.456
10910.000	0.458
10920.000	0.451
10930.000	0.449
10940.000	0.452
10950.000	0.451
10960.000	0.447
10970.000	0.451
10980.000	0.449
10990.000	0.441
11000.000	0.437
11010.000	0.437
11020.000	0.436
11030.000	0.442
11040.000	0.443
11050.000	0.447
11060.000	0.443
11070.000	0.437
11080.000	0.441
11090.000	0.445
11100.000	0.443
11110.000	0.450
11120.000	0.456
11130.000	0.454
11140.000	0.456
11150.000	0.462
11160.000	0.470
11170.000	0.470
11180.000	0.476
11190.000	0.471
11200.000	0.458
11210.000	0.450
11220.000	0.446
11230.000	0.442
11240.000	0.448
11250.000	0.438
11260.000	0.442
11270.000	0.438
11280.000	0.435
11290.000	0.432
11300.000	0.432
11310.000	0.431
11320.000	0.440
11330.000	0.442
11340.000	0.439
11350.000	0.439
11360.000	0.440
11370.000	0.437
11380.000	0.440
11390.000	0.444
11400.000	0.443
11410.000	0.437
11420.000	0.434
11430.000	0.433
11440.000	0.432
11450.000	0.434
11460.000	0.436
11470.000	0.439
11480.000	0.436
11490.000	0.429
11500.000	0.428
11510.000	0.428
11520.000	0.430
11530.000	0.430
11540.000	0.431
11550.000	0.432
11560.000	0.436
11570.000	0.435
11580.000	0.437
11590.000	0.440
11600.000	0.440
11610.000	0.441
11620.000	0.447
11630.000	0.448
11640.000	0.455
11650.000	0.464
11660.000	0.461
11670.000	0.467
11680.000	0.479
11690.000	0.481
11700.000	0.472
11710.000	0.472
11720.000	0.474
11730.000	0.473
11740.000	0.479
11750.000	0.494
11760.000	0.494
11770.000	0.502
11780.000	0.514
11790.000	0.535
11800.000	0.551
11810.000	0.580
11820.000	0.596
11830.000	0.614
11840.000	0.619
11850.000	0.619
11860.000	0.631
11870.000	0.635
11880.000	0.627
11890.000	0.620
11900.000	0.617
11910.000	0.600
11920.000	0.577
11930.000	0.559
11940.000	0.542
11950.000	0.526
11960.000	0.515
11970.000	0.505
11980.000	0.501
11990.000	0.495
12000.000	0.493
12010.000	0.487
12020.000	0.481
12030.000	0.475
12040.000	0.472
12050.000	0.472
12060.000	0.477
12070.000	0.477
12080.000	0.479
12090.000	0.480
12100.000	0.489
12110.000	0.497
12120.000	0.528
12130.000	0.563
12140.000	0.603
12150.000	0.633
12160.000	0.675
12170.000	0.706
12180.000	0.717
12190.000	0.731
12200.000	0.737
12210.000	0.738
12220.000	0.718
12230.000	0.684
12240.000	0.658
12250.000	0.628
12260.000	0.596
12270.000	0.576
12280.000	0.556
12290.000	0.533
12300.000	0.522
12310.000	0.514
12320.000	0.502
12330.000	0.498
12340.000	0.494
12350.000	0.480
12360.000	0.470
12370.000	0.470
12380.000	0.470
12390.000	0.468
12400.000	0.465
12410.000	0.463
12420.000	0.466
12430.000	0.477
12440.000	0.471
12450.000	0.461
12460.000	0.457
12470.000	0.456
12480.000	0.456
12490.000	0.446
12500.000	0.446
12510.000	0.450
12520.000	0.454
12530.000	0.456
12540.000	0.460
12550.000	0.463
12560.000	0.472
12570.000	0.475
12580.000	0.475
12590.000	0.478
12600.000	0.481
12610.000	0.486
12620.000	0.479
12630.000	0.478
12640.000	0.483
12650.000	0.479
12660.000	0.478
12670.000	0.479
12680.000	0.477
12690.000	0.469
12700.000	0.468
12710.000	0.470
12720.000	0.478
12730.000	0.487
12740.000	0.506
12750.000	0.531
12760.000	0.548
12770.000	0.571
12780.000	0.629
12790.000	0.668
12800.000	0.699
12810.000	0.735
12820.000	0.759
12830.000	0.774
12840.000	0.764
12850.000	0.761
12860.000	0.747
12870.000	0.706
12880.000	0.661
12890.000	0.623
12900.000	0.598
12910.000	0.573
12920.000	0.556
12930.000	0.542
12940.000	0.521
12950.000	0.502
12960.000	0.490
12970.000	0.487
12980.000	0.478
12990.000	0.471
13000.000	0.466
13010.000	0.457
13020.000	0.454
13030.000	0.446
13040.000	0.447
13050.000	0.441
13060.000	0.434
13070.000	0.435
13080.000	0.435
13090.000	0.433
13100.000	0.433
13110.000	0.434
13120.000	0.435
13130.000	0.433
13140.000	0.426
13150.000	0.425
13160.000	0.430
13170.000	0.426
13180.000	0.429
13190.000	0.426
13200.000	0.437
13210.000	0.434
13220.000	0.428
13230.000	0.427
13240.000	0.426
13250.000	0.430
13260.000	0.434
13270.000	0.431
13280.000	0.428
13290.000	0.424
13300.000	0.419
13310.000	0.417
13320.000	0.415
13330.000	0.419
13340.000	0.415
13350.000	0.414
13360.000	0.412
13370.000	0.408
13380.000	0.414
13390.000	0.413
13400.000	0.420
13410.000	0.422
13420.000	0.429
13430.000	0.437
13440.000	0.453
13450.000	0.464
13460.000	0.468
13470.000	0.478
13480.000	0.490
13490.000	0.492
13500.000	0.486
13510.000	0.472
13520.000	0.457
13530.000	0.453
13540.000	0.440
13550.000	0.433
13560.000	0.433
13570.000	0.429
13580.000	0.422
13590.000	0.428
13600.000	0.424
13610.000	0.419
13620.000	0.424
13630.000	0.422
13640.000	0.421
13650.000	0.415
13660.000	0.416
13670.000	0.420
13680.000	0.425
13690.000	0.428
13700.000	0.420
13710.000	0.428
13720.000	0.439
13730.000	0.443
13740.000	0.452
13750.000	0.472
13760.000	0.489
13770.000	0.510
13780.000	0.546
13790.000	0.577
13800.000	0.621
13810.000	0.666
13820.000	0.722
13830.000	0.762
13840.000	0.826
13850.000	0.891
13860.000	0.951
13870.000	0.989
13880.000	0.998
13890.000	0.965
13900.000	0.857
13910.000	0.757
13920.000	0.696
13930.000	0.648
13940.000	0.622
13950.000	0.606
13960.000	0.681
13970.000	0.806
13980.000	0.857
13990.000	0.894
14000.000	0.964
14010.000	1.020
14020.000	1.044
14030.000	1.036
14040.000	1.039
14050.000	0.987
14060.000	0.877
14070.000	0.772
14080.000	0.695
14090.000	0.649
14100.000	0.613
14110.000	0.588
14120.000	0.572
14130.000	0.570
14140.000	0.576
14150.000	0.566
14160.000	0.545
14170.000	0.527
14180.000	0.518
14190.000	0.514
14200.000	0.505
14210.000	0.495
14220.000	0.491
14230.000	0.479
14240.000	0.471
14250.000	0.469
14260.000	0.466
14270.000	0.468
14280.000	0.479
14290.000	0.500
14300.000	0.552
14310.000	0.632
14320.000	0.656
14330.000	0.618
14340.000	0.580
14350.000	0.567
14360.000	0.566
14370.000	0.584
14380.000	0.616
14390.000	0.658
14400.000	0.696
14410.000	0.733
14420.000	0.749
14430.000	0.784
14440.000	0.792
14450.000	0.794
14460.000	0.781
14470.000	0.760
14480.000	0.719
14490.000	0.681
14500.000	0.646
14510.000	0.608
14520.000	0.589
14530.000	0.577
14540.000	0.553
14550.000	0.540
14560.000	0.525
14570.000	0.512
14580.000	0.501
14590.000	0.492
14600.000	0.490
14610.000	0.480
14620.000	0.477
14630.000	0.467
14640.000	0.464
14650.000	0.460
14660.000	0.455
14670.000	0.456
14680.000	0.451
14690.000	0.451
14700.000	0.450
14710.000	0.446
14720.000	0.448
14730.000	0.446
14740.000	0.446
14750.000	0.443
14760.000	0.448
14770.000	0.450
14780.000	0.450
14790.000	0.446
14800.000	0.448
14810.000	0.444
14820.000	0.443
14830.000	0.449
14840.000	0.443
14850.000	0.439
14860.000	0.438
14870.000	0.434
14880.000	0.433
14890.000	0.432
14900.000	0.431
14910.000	0.433
14920.000	0.432
14930.000	0.434
14940.000	0.428
14950.000	0.423
14960.000	0.427
14970.000	0.417
14980.000	0.420
14990.000	0.426
15000.000	0.426
15010.000	0.429
15020.000	0.434
15030.000	0.448
15040.000	0.455
15050.000	0.471
15060.000	0.479
15070.000	0.488
15080.000	0.495
15090.000	0.498
15100.000	0.498
15110.000	0.490
15120.000	0.483
15130.000	0.472
15140.000	0.462
15150.000	0.455
15160.000	0.451
15170.000	0.448
15180.000	0.446
15190.000	0.438
15200.000	0.434
15210.000	0.434
15220.000	0.432
15230.000	0.427
15240.000	0.425
15250.000	0.430
15260.000	0.429
15270.000	0.427
15280.000	0.425
15290.000	0.428
15300.000	0.430
15310.000	0.435
15320.000	0.442
15330.000	0.447
15340.000	0.459
15350.000	0.466
15360.000	0.484
15370.000	0.513
15380.000	0.536
15390.000	0.573
15400.000	0.609
15410.000	0.671
15420.000	0.725
15430.000	0.773
15440.000	0.846
15450.000	0.899
15460.000	0.974
15470.000	1.014
15480.000	1.010
15490.000	0.987
15500.000	0.940
15510.000	0.861
15520.000	0.783
15530.000	0.703
15540.000	0.666
15550.000	0.637
15560.000	0.619
15570.000	0.604
15580.000	0.601
15590.000	0.593
15600.000	0.604
15610.000	0.621
15620.000	0.652
15630.000	0.702
15640.000	0.773
15650.000	0.854
15660.000	0.949
15670.000	1.022
15680.000	1.088
15690.000	1.128
15700.000	1.137
15710.000	1.102
15720.000	1.026
15730.000	0.940
15740.000	0.855
15750.000	0.780
15760.000	0.727
15770.000	0.684
15780.000	0.647
15790.000	0.625
15800.000	0.603
15810.000	0.584
15820.000	0.567
15830.000	0.556
15840.000	0.545
15850.000	0.534
15860.000	0.520
15870.000	0.511
15880.000	0.502
15890.000	0.498
15900.000	0.494
15910.000	0.493
15920.000	0.486
15930.000	0.479
15940.000	0.472
15950.000	0.470
15960.000	0.476
15970.000	0.469
15980.000	0.466
15990.000	0.462
16000.000	0.456
16010.000	0.451
16020.000	0.452
16030.000	0.455
16040.000	0.452
16050.000	0.449
16060.000	0.446
16070.000	0.448
16080.000	0.445
16090.000	0.447
16100.000	0.442
16110.000	0.440
16120.000	0.438
16130.000	0.437
16140.000	0.438
16150.000	0.437
16160.000	0.437
16170.000	0.434
16180.000	0.431
16190.000	0.433
16200.000	0.432
16210.000	0.433
16220.000	0.433
16230.000	0.430
16240.000	0.424
16250.000	0.424
16260.000	0.422
16270.000	0.419
16280.000	0.417
16290.000	0.417
16300.000	0.416
16310.000	0.416
16320.000	0.413
16330.000	0.413
16340.000	0.410
16350.000	0.407
16360.000	0.408
16370.000	0.412
16380.000	0.408
16390.000	0.408
16400.000	0.407
16410.000	0.406
16420.000	0.408
16430.000	0.406
16440.000	0.409
16450.000	0.413
16460.000	0.409
16470.000	0.404
16480.000	0.400
16490.000	0.398
16500.000	0.396
16510.000	0.399
16520.000	0.401
16530.000	0.404
16540.000	0.400
16550.000	0.398
16560.000	0.398
16570.000	0.402
16580.000	0.401
16590.000	0.403
16600.000	0.400
16610.000	0.397
16620.000	0.399
16630.000	0.404
16640.000	0.403
16650.000	0.401
16660.000	0.402
16670.000	0.400
16680.000	0.400
16690.000	0.401
16700.000	0.407
16710.000	0.405
16720.000	0.405
16730.000	0.406
16740.000	0.409
16750.000	0.407
16760.000	0.411
16770.000	0.410
16780.000	0.406
16790.000	0.411
16800.000	0.411
16810.000	0.408
16820.000	0.407
16830.000	0.407
16840.000	0.408
16850.000	0.411
16860.000	0.412
16870.000	0.412
16880.000	0.416
16890.000	0.432
16900.000	0.454
16910.000	0.490
16920.000	0.522
16930.000	0.539
16940.000	0.564
16950.000	0.576
16960.000	0.568
16970.000	0.548
16980.000	0.525
16990.000	0.500
17000.000	0.485
17010.000	0.470
17020.000	0.464
17030.000	0.455
17040.000	0.445
17050.000	0.439
17060.000	0.435
17070.000	0.434
17080.000	0.435
17090.000	0.432
17100.000	0.428
17110.000	0.433
17120.000	0.439
17130.000	0.450
17140.000	0.480
17150.000	0.504
17160.000	0.530
17170.000	0.553
17180.000	0.568
17190.000	0.591
17200.000	0.595
17210.000	0.576
17220.000	0.561
17230.000	0.556
17240.000	0.568
17250.000	0.600
17260.000	0.702
17270.000	0.817
17280.000	0.991
17290.000	1.209
17300.000	1.456
17310.000	1.607
17320.000	1.686
17330.000	1.675
17340.000	1.513
17350.000	1.288
17360.000	1.084
17370.000	0.940
17380.000	0.839
17390.000	0.760
17400.000	0.699
17410.000	0.667
17420.000	0.637
17430.000	0.609
17440.000	0.595
17450.000	0.580
17460.000	0.569
17470.000	0.561
17480.000	0.548
17490.000	0.542
17500.000	0.529
17510.000	0.521
17520.000	0.515
17530.000	0.513
17540.000	0.505
17550.000	0.500
17560.000	0.498
17570.000	0.493
17580.000	0.493
17590.000	0.488
17600.000	0.490
17610.000	0.498
17620.000	0.514
17630.000	0.544
17640.000	0.604
17650.000	0.685
17660.000	0.813
17670.000	1.006
17680.000	1.184
17690.000	1.343
17700.000	1.490
17710.000	1.468
17720.000	1.349
17730.000	1.179
17740.000	1.013
17750.000	0.872
17760.000	0.760
17770.000	0.696
17780.000	0.649
17790.000	0.612
17800.000	0.588
17810.000	0.571
17820.000	0.548
17830.000	0.536
17840.000	0.524
17850.000	0.516
17860.000	0.506
17870.000	0.500
17880.000	0.496
17890.000	0.489
17900.000	0.485
17910.000	0.480
17920.000	0.481
17930.000	0.477
17940.000	0.473
17950.000	0.471
17960.000	0.465
17970.000	0.465
17980.000	0.461
17990.000	0.459
18000.000	0.455
18010.000	0.451
18020.000	0.448
18030.000	0.442
18040.000	0.442
18050.000	0.442
18060.000	0.446
18070.000	0.438
18080.000	0.439
18090.000	0.439
18100.000	0.438
18110.000	0.437
18120.000	0.432
18130.000	0.431
18140.000	0.432
18150.000	0.425
18160.000	0.421
18170.000	0.422
18180.000	0.421
18190.000	0.421
18200.000	0.420
18210.000	0.414
18220.000	0.414
18230.000	0.415
18240.000	0.414
18250.000	0.415
18260.000	0.412
18270.000	0.410
18280.000	0.405
18290.000	0.412
18300.000	0.411
18310.000	0.405
18320.000	0.404
18330.000	0.408
18340.000	0.409
18350.000	0.411
18360.000	0.407
18370.000	0.406
18380.000	0.407
18390.000	0.406
18400.000	0.404
18410.000	0.401
18420.000	0.398
18430.000	0.403
18440.000	0.406
18450.000	0.405
18460.000	0.402
18470.000	0.404
18480.000	0.403
18490.000	0.401
18500.000	0.399
18510.000	0.395
18520.000	0.395
18530.000	0.399
18540.000	0.399
18550.000	0.400
18560.000	0.405
18570.000	0.403
18580.000	0.400
18590.000	0.402
18600.000	0.404
18610.000	0.401
18620.000	0.404
18630.000	0.404
18640.000	0.400
18650.000	0.397
18660.000	0.396
18670.000	0.399
18680.000	0.397
18690.000	0.396
18700.000	0.399
18710.000	0.402
18720.000	0.403
18730.000	0.404
18740.000	0.399
18750.000	0.400
18760.000	0.402
18770.000	0.399
18780.000	0.398
18790.000	0.398
18800.000	0.401
18810.000	0.401
18820.000	0.399
18830.000	0.397
18840.000	0.395
18850.000	0.392
18860.000	0.394
18870.000	0.394
18880.000	0.397
18890.000	0.395
18900.000	0.396
18910.000	0.404
18920.000	0.408
18930.000	0.415
18940.000	0.431
18950.000	0.465
18960.000	0.516
18970.000	0.589
18980.000	0.664
18990.000	0.702
19000.000	0.713
19010.000	0.685
19020.000	0.627
19030.000	0.568
19040.000	0.534
19050.000	0.513
19060.000	0.490
19070.000	0.475
19080.000	0.467
19090.000	0.458
19100.000	0.454
19110.000	0.446
19120.000	0.445
19130.000	0.438
19140.000	0.434
19150.000	0.431
19160.000	0.429
19170.000	0.425
19180.000	0.419
19190.000	0.420
19200.000	0.419
19210.000	0.418
19220.000	0.417
19230.000	0.417
19240.000	0.415
19250.000	0.413
19260.000	0.417
19270.000	0.413
19280.000	0.413
19290.000	0.408
19300.000	0.407
19310.000	0.410
19320.000	0.416
19330.000	0.417
19340.000	0.419
19350.000	0.424
19360.000	0.424
19370.000	0.423
19380.000	0.430
19390.000	0.436
19400.000	0.446
19410.000	0.462
19420.000	0.496
19430.000	0.554
19440.000	0.669
19450.000	0.879
19460.000	1.202
19470.000	1.681
19480.000	2.164
19490.000	2.538
19500.000	2.580
19510.000	2.312
19520.000	1.854
19530.000	1.464
19540.000	1.193
19550.000	1.017
19560.000	0.907
19570.000	0.827
19580.000	0.771
19590.000	0.731
19600.000	0.691
19610.000	0.665
19620.000	0.641
19630.000	0.617
19640.000	0.600
19650.000	0.583
19660.000	0.572
19670.000	0.561
19680.000	0.555
19690.000	0.545
19700.000	0.535
19710.000	0.521
19720.000	0.512
19730.000	0.506
19740.000	0.502
19750.000	0.500
19760.000	0.495
19770.000	0.483
19780.000	0.481
19790.000	0.473
19800.000	0.470
19810.000	0.470
19820.000	0.465
19830.000	0.468
19840.000	0.463
19850.000	0.463
19860.000	0.472
19870.000	0.503
19880.000	0.552
19890.000	0.620
19900.000	0.671
19910.000	0.716
19920.000	0.692
19930.000	0.632
19940.000	0.580
19950.000	0.548
19960.000	0.529
19970.000	0.520
19980.000	0.509
19990.000	0.512
20000.000	0.533
20010.000	0.575
20020.000	0.648
20030.000	0.720
20040.000	0.769
20050.000	0.755
20060.000	0.704
20070.000	0.636
20080.000	0.590
20090.000	0.559
20100.000	0.532
20110.000	0.514
20120.000	0.506
20130.000	0.498
20140.000	0.493
20150.000	0.486
20160.000	0.483
20170.000	0.475
20180.000	0.469
20190.000	0.462
20200.000	0.457
20210.000	0.457
20220.000	0.449
20230.000	0.448
20240.000	0.442
20250.000	0.439
20260.000	0.438
20270.000	0.442
20280.000	0.442
20290.000	0.437
20300.000	0.437
20310.000	0.439
20320.000	0.442
20330.000	0.437
20340.000	0.432
20350.000	0.431
20360.000	0.430
20370.000	0.426
20380.000	0.425
20390.000	0.428
20400.000	0.429
20410.000	0.428
20420.000	0.425
20430.000	0.422
20440.000	0.418
20450.000	0.418
20460.000	0.420
20470.000	0.419
20480.000	0.418
20490.000	0.418
20500.000	0.415
20510.000	0.415
20520.000	0.416
20530.000	0.413
20540.000	0.408
20550.000	0.409
20560.000	0.411
20570.000	0.409
20580.000	0.414
20590.000	0.413
20600.000	0.413
20610.000	0.410
20620.000	0.409
20630.000	0.414
20640.000	0.421
20650.000	0.425
20660.000	0.430
20670.000	0.443
20680.000	0.471
20690.000	0.533
20700.000	0.677
20710.000	0.971
20720.000	1.403
20730.000	1.937
20740.000	2.353
20750.000	2.370
20760.000	2.027
20770.000	1.533
20780.000	1.208
20790.000	1.005
20800.000	0.886
20810.000	0.802
20820.000	0.742
20830.000	0.700
20840.000	0.663
20850.000	0.635
20860.000	0.611
20870.000	0.595
20880.000	0.576
20890.000	0.565
20900.000	0.547
20910.000	0.534
20920.000	0.529
20930.000	0.519
20940.000	0.512
20950.000	0.510
20960.000	0.502
20970.000	0.495
20980.000	0.491
20990.000	0.488
21000.000	0.481
21010.000	0.478
21020.000	0.473
21030.000	0.472
21040.000	0.468
21050.000	0.462
21060.000	0.461
21070.000	0.459
21080.000	0.455
21090.000	0.457
21100.000	0.455
21110.000	0.447
21120.000	0.443
21130.000	0.443
21140.000	0.438
21150.000	0.437
21160.000	0.438
21170.000	0.437
21180.000	0.434
21190.000	0.432
21200.000	0.428
21210.000	0.435
21220.000	0.434
21230.000	0.432
21240.000	0.431
21250.000	0.428
21260.000	0.423
21270.000	0.426
21280.000	0.429
21290.000	0.426
21300.000	0.422
21310.000	0.423
21320.000	0.423
21330.000	0.423
21340.000	0.423
21350.000	0.421
21360.000	0.420
21370.000	0.421
21380.000	0.418
21390.000	0.415
21400.000	0.414
21410.000	0.414
21420.000	0.414
21430.000	0.416
21440.000	0.414
21450.000	0.416
21460.000	0.413
21470.000	0.409
21480.000	0.411
21490.000	0.406
21500.000	0.406
21510.000	0.406
21520.000	0.408
21530.000	0.409
21540.000	0.408
21550.000	0.408
21560.000	0.408
21570.000	0.407
21580.000	0.409
21590.000	0.407
21600.000	0.405
21610.000	0.401
21620.000	0.400
21630.000	0.402
21640.000	0.403
21650.000	0.405
21660.000	0.404
21670.000	0.405
21680.000	0.406
21690.000	0.405
21700.000	0.405
21710.000	0.403
21720.000	0.413
21730.000	0.428
21740.000	0.455
21750.000	0.524
21760.000	0.638
21770.000	0.816
21780.000	0.974
21790.000	1.012
21800.000	0.916
21810.000	0.780
21820.000	0.683
21830.000	0.620
21840.000	0.577
21850.000	0.548
21860.000	0.526
21870.000	0.510
21880.000	0.499
21890.000	0.489
21900.000	0.479
21910.000	0.471
21920.000	0.463
21930.000	0.456
21940.000	0.457
21950.000	0.451
21960.000	0.452
21970.000	0.453
21980.000	0.448
21990.000	0.443
22000.000	0.440
22010.000	0.436
22020.000	0.430
22030.000	0.431
22040.000	0.426
22050.000	0.425
22060.000	0.419
22070.000	0.418
22080.000	0.419
22090.000	0.417
22100.000	0.416
22110.000	0.414
22120.000	0.416
22130.000	0.414
22140.000	0.411
22150.000	0.410
22160.000	0.409
22170.000	0.406
22180.000	0.407
22190.000	0.407
22200.000	0.404
22210.000	0.406
22220.000	0.409
22230.000	0.407
22240.000	0.405
22250.000	0.409
22260.000	0.410
22270.000	0.409
22280.000	0.413
22290.000	0.414
22300.000	0.408
22310.000	0.410
22320.000	0.417
22330.000	0.418
22340.000	0.420
22350.000	0.421
22360.000	0.424
22370.000	0.432
22380.000	0.440
22390.000	0.456
22400.000	0.475
22410.000	0.519
22420.000	0.646
22430.000	0.929
22440.000	1.504
22450.000	2.493
22460.000	3.516
22470.000	4.036
22480.000	3.620
22490.000	2.678
22500.000	1.876
22510.000	1.432
22520.000	1.170
22530.000	1.008
22540.000	0.902
22550.000	0.841
22560.000	0.781
22570.000	0.731
22580.000	0.706
22590.000	0.676
22600.000	0.655
22610.000	0.637
22620.000	0.618
22630.000	0.605
22640.000	0.590
22650.000	0.571
22660.000	0.562
22670.000	0.557
22680.000	0.551
22690.000	0.543
22700.000	0.533
22710.000	0.525
22720.000	0.515
22730.000	0.505
22740.000	0.500
22750.000	0.496
22760.000	0.490
22770.000	0.486
22780.000	0.481
22790.000	0.479
22800.000	0.475
22810.000	0.471
22820.000	0.467
22830.000	0.463
22840.000	0.460
22850.000	0.462
22860.000	0.458
22870.000	0.453
22880.000	0.449
22890.000	0.450
22900.000	0.449
22910.000	0.443
22920.000	0.444
22930.000	0.444
22940.000	0.438
22950.000	0.436
22960.000	0.435
22970.000	0.431
22980.000	0.431
22990.000	0.432
23000.000	0.434
23010.000	0.435
23020.000	0.434
23030.000	0.432
23040.000	0.429
23050.000	0.426
23060.000	0.424
23070.000	0.424
23080.000	0.422
23090.000	0.422
23100.000	0.424
23110.000	0.421
23120.000	0.420
23130.000	0.418
23140.000	0.419
23150.000	0.420
23160.000	0.418
23170.000	0.418
23180.000	0.416
23190.000	0.419
23200.000	0.416
23210.000	0.411
23220.000	0.414
23230.000	0.411
23240.000	0.410
23250.000	0.408
23260.000	0.408
23270.000	0.408
23280.000	0.411
23290.000	0.409
23300.000	0.407
23310.000	0.404
23320.000	0.402
23330.000	0.404
23340.000	0.402
23350.000	0.400
23360.000	0.400
23370.000	0.399
23380.000	0.399
23390.000	0.401
23400.000	0.401
23410.000	0.401
23420.000	0.402
23430.000	0.401
23440.000	0.403
23450.000	0.398
23460.000	0.400
23470.000	0.398
23480.000	0.397
23490.000	0.399
23500.000	0.404
23510.000	0.400
23520.000	0.404
23530.000	0.402
23540.000	0.400
23550.000	0.402
23560.000	0.403
23570.000	0.405
23580.000	0.404
23590.000	0.400
23600.000	0.398
23610.000	0.398
23620.000	0.400
23630.000	0.403
23640.000	0.402
23650.000	0.404
23660.000	0.402
23670.000	0.402
23680.000	0.400
23690.000	0.399
23700.000	0.397
23710.000	0.397
23720.000	0.395
23730.000	0.394
23740.000	0.392
23750.000	0.393
23760.000	0.397
23770.000	0.396
23780.000	0.394
23790.000	0.398
23800.000	0.394
23810.000	0.393
23820.000	0.386
23830.000	0.386
23840.000	0.390
23850.000	0.391
23860.000	0.393
23870.000	0.396
23880.000	0.392
23890.000	0.389
23900.000	0.389
23910.000	0.390
23920.000	0.389
23930.000	0.389
23940.000	0.391
23950.000	0.394
23960.000	0.396
23970.000	0.398
23980.000	0.395
23990.000	0.399
24000.000	0.406
24010.000	0.422
24020.000	0.471
24030.000	0.590
24040.000	0.735
24050.000	0.911
24060.000	0.944
24070.000	0.860
24080.000	0.736
24090.000	0.645
24100.000	0.586
24110.000	0.549
24120.000	0.525
24130.000	0.502
24140.000	0.485
24150.000	0.477
24160.000	0.470
24170.000	0.461
24180.000	0.455
24190.000	0.446
24200.000	0.442
24210.000	0.437
24220.000	0.434
24230.000	0.432
24240.000	0.426
24250.000	0.426
24260.000	0.424
24270.000	0.422
24280.000	0.418
24290.000	0.415
24300.000	0.413
24310.000	0.409
24320.000	0.408
24330.000	0.404
24340.000	0.405
24350.000	0.402
24360.000	0.403
24370.000	0.404
24380.000	0.406
24390.000	0.402
24400.000	0.398
24410.000	0.399
24420.000	0.402
24430.000	0.400
24440.000	0.396
24450.000	0.397
24460.000	0.396
24470.000	0.399
24480.000	0.398
24490.000	0.400
24500.000	0.402
24510.000	0.400
24520.000	0.399
24530.000	0.394
24540.000	0.392
24550.000	0.396
24560.000	0.398
24570.000	0.395
24580.000	0.396
24590.000	0.393
24600.000	0.393
24610.000	0.394
24620.000	0.392
24630.000	0.391
24640.000	0.396
24650.000	0.393
24660.000	0.390
24670.000	0.391
24680.000	0.389
24690.000	0.390
24700.000	0.388
24710.000	0.387
24720.000	0.386
24730.000	0.392
24740.000	0.392
24750.000	0.389
24760.000	0.390
24770.000	0.389
24780.000	0.393
24790.000	0.395
24800.000	0.391
24810.000	0.388
24820.000	0.388
24830.000	0.387
24840.000	0.386
24850.000	0.385
24860.000	0.384
24870.000	0.386
24880.000	0.388
24890.000	0.390
24900.000	0.391
24910.000	0.391
24920.000	0.402
24930.000	0.403
24940.000	0.404
24950.000	0.404
24960.000	0.414
24970.000	0.428
24980.000	0.461
24990.000	0.542
25000.000	0.820
25010.000	1.437
25020.000	2.353
25030.000	3.158
25040.000	3.412
25050.000	2.917
25060.000	2.149
25070.000	1.472
25080.000	1.133
25090.000	0.950
25100.000	0.836
25110.000	0.770
25120.000	0.723
25130.000	0.694
25140.000	0.673
25150.000	0.649
25160.000	0.629
25170.000	0.611
25180.000	0.594
25190.000	0.582
25200.000	0.572
25210.000	0.566
25220.000	0.555
25230.000	0.546
25240.000	0.532
25250.000	0.523
25260.000	0.518
25270.000	0.512
25280.000	0.505
25290.000	0.500
25300.000	0.493
25310.000	0.486
25320.000	0.483
25330.000	0.479
25340.000	0.475
25350.000	0.474
25360.000	0.468
25370.000	0.464
25380.000	0.459
25390.000	0.459
25400.000	0.455
25410.000	0.449
25420.000	0.445
25430.000	0.444
25440.000	0.443
25450.000	0.441
25460.000	0.438
25470.000	0.436
25480.000	0.443
25490.000	0.438
25500.000	0.436
25510.000	0.431
25520.000	0.429
25530.000	0.431
25540.000	0.426
25550.000	0.425
25560.000	0.422
25570.000	0.423
25580.000	0.423
25590.000	0.423
25600.000	0.424
25610.000	0.424
25620.000	0.422
25630.000	0.420
25640.000	0.424
25650.000	0.432
25660.000	0.453
25670.000	0.509
25680.000	0.642
25690.000	0.854
25700.000	1.106
25710.000	1.281
25720.000	1.216
25730.000	1.028
25740.000	0.848
25750.000	0.732
25760.000	0.666
25770.000	0.618
25780.000	0.583
25790.000	0.559
25800.000	0.541
25810.000	0.531
25820.000	0.517
25830.000	0.505
25840.000	0.497
25850.000	0.484
25860.000	0.479
25870.000	0.472
25880.000	0.469
25890.000	0.467
25900.000	0.458
25910.000	0.453
25920.000	0.449
25930.000	0.445
25940.000	0.445
25950.000	0.441
25960.000	0.436
25970.000	0.429
25980.000	0.433
25990.000	0.429
26000.000	0.429
26010.000	0.432
26020.000	0.430
26030.000	0.424
26040.000	0.421
26050.000	0.424
26060.000	0.422
26070.000	0.418
26080.000	0.424
26090.000	0.421
26100.000	0.421
26110.000	0.420
26120.000	0.420
26130.000	0.417
26140.000	0.416
26150.000	0.412
26160.000	0.410
26170.000	0.413
26180.000	0.412
26190.000	0.412
26200.000	0.412
26210.000	0.411
26220.000	0.406
26230.000	0.405
26240.000	0.407
26250.000	0.414
26260.000	0.408
26270.000	0.405
26280.000	0.405
26290.000	0.405
26300.000	0.405
26310.000	0.404
26320.000	0.405
26330.000	0.401
26340.000	0.401
26350.000	0.401
26360.000	0.403
26370.000	0.400
26380.000	0.399
26390.000	0.399
26400.000	0.399
26410.000	0.398
26420.000	0.399
26430.000	0.399
26440.000	0.400
26450.000	0.400
26460.000	0.400
26470.000	0.402
26480.000	0.404
26490.000	0.400
26500.000	0.399
26510.000	0.400
26520.000	0.404
26530.000	0.403
26540.000	0.402
26550.000	0.404
26560.000	0.409
26570.000	0.420
26580.000	0.430
26590.000	0.454
26600.000	0.498
26610.000	0.598
26620.000	0.865
26630.000	1.439
26640.000	2.347
26650.000	3.633
26660.000	4.486
26670.000	4.619
26680.000	3.847
26690.000	2.695
26700.000	1.881
26710.000	1.417
26720.000	1.161
26730.000	1.008
26740.000	0.913
26750.000	0.842
26760.000	0.793
26770.000	0.751
26780.000	0.720
26790.000	0.691
26800.000	0.670
26810.000	0.641
26820.000	0.628
26830.000	0.613
26840.000	0.600
26850.000	0.587
26860.000	0.573
26870.000	0.563
26880.000	0.553
26890.000	0.546
26900.000	0.541
26910.000	0.533
26920.000	0.525
26930.000	0.523
26940.000	0.514
26950.000	0.509
26960.000	0.505
26970.000	0.498
26980.000	0.495
26990.000	0.487
27000.000	0.485
27010.000	0.482
27020.000	0.479
27030.000	0.478
27040.000	0.473
27050.000	0.468
27060.000	0.464
27070.000	0.462
27080.000	0.458
27090.000	0.454
27100.000	0.456
27110.000	0.454
27120.000	0.451
27130.000	0.448
27140.000	0.444
27150.000	0.442
27160.000	0.443
27170.000	0.440
27180.000	0.438
27190.000	0.438
27200.000	0.437
27210.000	0.437
27220.000	0.431
27230.000	0.429
27240.000	0.429
27250.000	0.426
27260.000	0.429
27270.000	0.427
27280.000	0.426
27290.000	0.420
27300.000	0.418
27310.000	0.416
27320.000	0.417
27330.000	0.415
27340.000	0.417
27350.000	0.419
27360.000	0.419
27370.000	0.414
27380.000	0.412
27390.000	0.409
27400.000	0.407
27410.000	0.410
27420.000	0.411
27430.000	0.409
27440.000	0.410
27450.000	0.411
27460.000	0.414
27470.000	0.413
27480.000	0.411
27490.000	0.407
27500.000	0.407
27510.000	0.405
27520.000	0.407
27530.000	0.406
27540.000	0.404
27550.000	0.406
27560.000	0.402
27570.000	0.401
27580.000	0.399
27590.000	0.401
27600.000	0.401
27610.000	0.401
27620.000	0.401
27630.000	0.399
27640.000	0.397
27650.000	0.395
27660.000	0.393
27670.000	0.394
27680.000	0.395
27690.000	0.394
27700.000	0.396
27710.000	0.395
27720.000	0.391
27730.000	0.390
27740.000	0.392
27750.000	0.394
27760.000	0.391
27770.000	0.390
27780.000	0.389
27790.000	0.389
27800.000	0.388
27810.000	0.390
27820.000	0.396
27830.000	0.394
27840.000	0.394
27850.000	0.394
27860.000	0.394
27870.000	0.395
27880.000	0.389
27890.000	0.388
27900.000	0.385
27910.000	0.388
27920.000	0.391
27930.000	0.391
27940.000	0.389
27950.000	0.387
27960.000	0.387
27970.000	0.385
27980.000	0.390
27990.000	0.389
28000.000	0.389
28010.000	0.387
28020.000	0.388
28030.000	0.385
28040.000	0.385
28050.000	0.386
28060.000	0.385
28070.000	0.385
28080.000	0.383
28090.000	0.383
28100.000	0.382
28110.000	0.382
28120.000	0.381
28130.000	0.382
28140.000	0.381
28150.000	0.382
28160.000	0.380
28170.000	0.382
28180.000	0.387
28190.000	0.385
28200.000	0.382
28210.000	0.383
28220.000	0.380
28230.000	0.382
28240.000	0.381
28250.000	0.382
28260.000	0.384
28270.000	0.381
28280.000	0.388
28290.000	0.388
28300.000	0.383
28310.000	0.379
28320.000	0.382
28330.000	0.385
28340.000	0.384
28350.000	0.383
28360.000	0.382
28370.000	0.384
28380.000	0.383
28390.000	0.380
28400.000	0.379
28410.000	0.379
28420.000	0.377
28430.000	0.378
28440.000	0.377
28450.000	0.379
28460.000	0.376
28470.000	0.375
28480.000	0.376
28490.000	0.378
28500.000	0.382
28510.000	0.380
28520.000	0.382
28530.000	0.384
28540.000	0.382
28550.000	0.383
28560.000	0.385
28570.000	0.384
28580.000	0.383
28590.000	0.383
28600.000	0.382
28610.000	0.378
28620.000	0.376
28630.000	0.375
28640.000	0.376
28650.000	0.376
28660.000	0.377
28670.000	0.376
28680.000	0.370
28690.000	0.370
28700.000	0.371
28710.000	0.372
28720.000	0.376
28730.000	0.374
28740.000	0.374
28750.000	0.373
28760.000	0.371
28770.000	0.377
28780.000	0.377
28790.000	0.377
28800.000	0.377
28810.000	0.374
28820.000	0.370
28830.000	0.369
28840.000	0.371
28850.000	0.371
28860.000	0.374
28870.000	0.373
28880.000	0.375
28890.000	0.373
28900.000	0.372
28910.000	0.371
28920.000	0.370
28930.000	0.373
28940.000	0.373
28950.000	0.374
28960.000	0.372
28970.000	0.371
28980.000	0.369
28990.000	0.372
29000.000	0.373
29010.000	0.374
29020.000	0.375
29030.000	0.375
29040.000	0.372
29050.000	0.371
29060.000	0.373
29070.000	0.374
29080.000	0.376
29090.000	0.374
29100.000	0.371
29110.000	0.372
29120.000	0.370
29130.000	0.371
29140.000	0.371
29150.000	0.375
29160.000	0.375
29170.000	0.377
29180.000	0.374
29190.000	0.374
29200.000	0.370
29210.000	0.370
29220.000	0.373
29230.000	0.369
29240.000	0.367
29250.000	0.368
29260.000	0.369
29270.000	0.368
29280.000	0.369
29290.000	0.368
29300.000	0.367
29310.000	0.366
29320.000	0.369
29330.000	0.370
29340.000	0.369
29350.000	0.367
29360.000	0.365
29370.000	0.365
29380.000	0.366
29390.000	0.370
29400.000	0.369
29410.000	0.366
29420.000	0.364
29430.000	0.365
29440.000	0.369
29450.000	0.368
29460.000	0.367
29470.000	0.366
29480.000	0.365
29490.000	0.366
29500.000	0.367
29510.000	0.368
29520.000	0.370
29530.000	0.371
29540.000	0.366
29550.000	0.368
29560.000	0.369
29570.000	0.371
29580.000	0.368
29590.000	0.368
29600.000	0.367
29610.000	0.368
29620.000	0.369
29630.000	0.373
29640.000	0.376
29650.000	0.372
29660.000	0.369
29670.000	0.367
29680.000	0.366
29690.000	0.365
29700.000	0.369
29710.000	0.373
29720.000	0.372
29730.000	0.371
29740.000	0.367
29750.000	0.369
29760.000	0.371
29770.000	0.369
29780.000	0.367
29790.000	0.368
29800.000	0.374
29810.000	0.380
29820.000	0.388
29830.000	0.410
29840.000	0.447
29850.000	0.498
29860.000	0.599
29870.000	0.709
29880.000	0.822
29890.000	0.907
29900.000	0.903
29910.000	0.820
29920.000	0.709
29930.000	0.623
29940.000	0.577
29950.000	0.535
29960.000	0.509
29970.000	0.489
29980.000	0.477
29990.000	0.468
30000.000	0.457
30010.000	0.449
30020.000	0.440
30030.000	0.436
30040.000	0.427
30050.000	0.423
30060.000	0.419
30070.000	0.418
30080.000	0.416
30090.000	0.411
30100.000	0.410
30110.000	0.407
30120.000	0.404
30130.000	0.403
30140.000	0.401
30150.000	0.399
30160.000	0.396
30170.000	0.394
30180.000	0.392
30190.000	0.393
30200.000	0.392
30210.000	0.389
30220.000	0.388
30230.000	0.389
30240.000	0.388
30250.000	0.386
30260.000	0.381
30270.000	0.379
30280.000	0.379
30290.000	0.378
30300.000	0.379
30310.000	0.381
30320.000	0.382
30330.000	0.382
30340.000	0.379
30350.000	0.378
30360.000	0.375
30370.000	0.374
30380.000	0.371
30390.000	0.372
30400.000	0.373
30410.000	0.376
30420.000	0.377
30430.000	0.376
30440.000	0.375
30450.000	0.374
30460.000	0.376
30470.000	0.373
30480.000	0.372
30490.000	0.375
30500.000	0.375
30510.000	0.377
30520.000	0.375
30530.000	0.376
30540.000	0.374
30550.000	0.370
30560.000	0.372
30570.000	0.369
30580.000	0.371
30590.000	0.369
30600.000	0.372
30610.000	0.371
30620.000	0.374
30630.000	0.370
30640.000	0.372
30650.000	0.372
30660.000	0.373
30670.000	0.369
30680.000	0.370
30690.000	0.370
30700.000	0.369
30710.000	0.369
30720.000	0.368
30730.000	0.368
30740.000	0.368
30750.000	0.370
30760.000	0.372
30770.000	0.371
30780.000	0.369
30790.000	0.368
30800.000	0.370
30810.000	0.368
30820.000	0.368
30830.000	0.368
30840.000	0.371
30850.000	0.367
30860.000	0.364
30870.000	0.366
30880.000	0.366
30890.000	0.367
30900.000	0.365
30910.000	0.372
30920.000	0.367
30930.000	0.368
30940.000	0.368
30950.000	0.368
30960.000	0.368
30970.000	0.371
30980.000	0.369
30990.000	0.367
31000.000	0.368
31010.000	0.372
31020.000	0.373
31030.000	0.370
31040.000	0.372
31050.000	0.371
31060.000	0.368
31070.000	0.373
31080.000	0.368
31090.000	0.372
31100.000	0.374
31110.000	0.372
31120.000	0.373
31130.000	0.374
31140.000	0.379
31150.000	0.381
31160.000	0.380
31170.000	0.380
31180.000	0.386
31190.000	0.396
31200.000	0.412
31210.000	0.447
31220.000	0.508
31230.000	0.629
31240.000	0.802
31250.000	1.034
31260.000	1.299
31270.000	1.777
31280.000	2.249
31290.000	2.702
31300.000	2.759
31310.000	2.470
31320.000	1.930
31330.000	1.495
31340.000	1.227
31350.000	1.075
31360.000	1.004
31370.000	0.990
31380.000	1.046
31390.000	1.132
31400.000	1.247
31410.000	1.336
31420.000	1.359
31430.000	1.248
31440.000	1.067
31450.000	0.909
31460.000	0.814
31470.000	0.756
31480.000	0.709
31490.000	0.676
31500.000	0.650
31510.000	0.630
31520.000	0.608
31530.000	0.594
31540.000	0.577
31550.000	0.563
31560.000	0.555
31570.000	0.548
31580.000	0.536
31590.000	0.527
31600.000	0.518
31610.000	0.509
31620.000	0.506
31630.000	0.501
31640.000	0.492
31650.000	0.480
31660.000	0.471
31670.000	0.468
31680.000	0.464
31690.000	0.461
31700.000	0.455
31710.000	0.449
31720.000	0.449
31730.000	0.445
31740.000	0.444
31750.000	0.445
31760.000	0.441
31770.000	0.439
31780.000	0.436
31790.000	0.437
31800.000	0.435
31810.000	0.433
31820.000	0.429
31830.000	0.429
31840.000	0.429
31850.000	0.426
31860.000	0.424
31870.000	0.422
31880.000	0.421
31890.000	0.418
31900.000	0.414
31910.000	0.413
31920.000	0.413
31930.000	0.412
31940.000	0.414
31950.000	0.410
31960.000	0.411
31970.000	0.408
31980.000	0.409
31990.000	0.408
32000.000	0.407
32010.000	0.408
32020.000	0.407
32030.000	0.405
32040.000	0.404
32050.000	0.402
32060.000	0.401
32070.000	0.398
32080.000	0.397
32090.000	0.397
32100.000	0.398
32110.000	0.400
32120.000	0.402
32130.000	0.401
32140.000	0.398
32150.000	0.396
32160.000	0.395
32170.000	0.393
32180.000	0.396
32190.000	0.395
32200.000	0.398
32210.000	0.397
32220.000	0.398
32230.000	0.393
32240.000	0.390
32250.000	0.389
32260.000	0.390
32270.000	0.389
32280.000	0.390
32290.000	0.394
32300.000	0.391
32310.000	0.393
32320.000	0.393
32330.000	0.393
32340.000	0.392
32350.000	0.391
32360.000	0.389
32370.000	0.387
32380.000	0.390
32390.000	0.387
32400.000	0.386
32410.000	0.382
32420.000	0.384
32430.000	0.387
32440.000	0.385
32450.000	0.384
32460.000	0.383
32470.000	0.382
32480.000	0.382
32490.000	0.381
32500.000	0.382
32510.000	0.383
32520.000	0.383
32530.000	0.385
32540.000	0.386
32550.000	0.388
32560.000	0.388
32570.000	0.391
32580.000	0.390
32590.000	0.389
32600.000	0.387
32610.000	0.387
32620.000	0.390
32630.000	0.391
32640.000	0.391
32650.000	0.392
32660.000	0.398
32670.000	0.419
32680.000	0.449
32690.000	0.496
32700.000	0.582
32710.000	0.740
32720.000	0.950
32730.000	1.268
32740.000	1.591
32750.000	2.073
32760.000	2.654
32770.000	3.261
32780.000	3.621
32790.000	3.568
32800.000	3.049
32810.000	2.322
32820.000	1.735
32830.000	1.381
32840.000	1.146
32850.000	1.000
32860.000	0.902
32870.000	0.837
32880.000	0.787
32890.000	0.748
32900.000	0.717
32910.000	0.694
32920.000	0.671
32930.000	0.649
32940.000	0.628
32950.000	0.611
32960.000	0.594
32970.000	0.584
32980.000	0.573
32990.000	0.565
33000.000	0.557
33010.000	0.552
33020.000	0.544
33030.000	0.532
33040.000	0.521
33050.000	0.511
33060.000	0.505
33070.000	0.496
33080.000	0.492
33090.000	0.488
33100.000	0.480
33110.000	0.473
33120.000	0.471
33130.000	0.472
33140.000	0.462
33150.000	0.456
33160.000	0.454
33170.000	0.449
33180.000	0.447
33190.000	0.448
33200.000	0.447
33210.000	0.441
33220.000	0.440
33230.000	0.438
33240.000	0.433
33250.000	0.431
33260.000	0.429
33270.000	0.430
33280.000	0.431
33290.000	0.429
33300.000	0.426
33310.000	0.426
33320.000	0.423
33330.000	0.424
33340.000	0.420
33350.000	0.420
33360.000	0.420
33370.000	0.419
33380.000	0.418
33390.000	0.417
33400.000	0.416
33410.000	0.414
33420.000	0.413
33430.000	0.413
33440.000	0.410
33450.000	0.411
33460.000	0.411
33470.000	0.408
33480.000	0.404
33490.000	0.405
33500.000	0.403
33510.000	0.402
33520.000	0.400
33530.000	0.403
33540.000	0.401
33550.000	0.400
33560.000	0.399
33570.000	0.400
33580.000	0.398
33590.000	0.400
33600.000	0.398
33610.000	0.395
33620.000	0.396
33630.000	0.396
33640.000	0.396
33650.000	0.393
33660.000	0.393
33670.000	0.391
33680.000	0.391
33690.000	0.390
33700.000	0.388
33710.000	0.387
33720.000	0.387
33730.000	0.388
33740.000	0.388
33750.000	0.387
33760.000	0.387
33770.000	0.388
33780.000	0.388
33790.000	0.389
33800.000	0.386
33810.000	0.383
33820.000	0.386
33830.000	0.385
33840.000	0.384
33850.000	0.387
33860.000	0.385
33870.000	0.386
33880.000	0.387
33890.000	0.385
33900.000	0.386
33910.000	0.385
33920.000	0.382
33930.000	0.381
33940.000	0.399
33950.000	0.393
33960.000	0.386
33970.000	0.386
33980.000	0.386
33990.000	0.387
34000.000	0.389
34010.000	0.384
34020.000	0.383
34030.000	0.381
34040.000	0.378
34050.000	0.377
34060.000	0.376
34070.000	0.376
34080.000	0.377
34090.000	0.377
34100.000	0.379
34110.000	0.378
34120.000	0.379
34130.000	0.379
34140.000	0.382
34150.000	0.381
34160.000	0.379
34170.000	0.380
34180.000	0.378
34190.000	0.375
34200.000	0.376
34210.000	0.373
34220.000	0.372
34230.000	0.375
34240.000	0.373
34250.000	0.373
34260.000	0.374
34270.000	0.372
34280.000	0.376
34290.000	0.376
34300.000	0.374
34310.000	0.370
34320.000	0.376
34330.000	0.378
34340.000	0.375
34350.000	0.372
34360.000	0.372
34370.000	0.376
34380.000	0.372
34390.000	0.371
34400.000	0.372
34410.000	0.375
34420.000	0.372
34430.000	0.373
34440.000	0.374
34450.000	0.372
34460.000	0.371
34470.000	0.368
34480.000	0.369
34490.000	0.371
34500.000	0.368
34510.000	0.368
34520.000	0.367
34530.000	0.368
34540.000	0.367
34550.000	0.367
34560.000	0.366
34570.000	0.367
34580.000	0.369
34590.000	0.369
34600.000	0.369
34610.000	0.369
34620.000	0.369
34630.000	0.365
34640.000	0.368
34650.000	0.367
34660.000	0.362
34670.000	0.366
34680.000	0.367
34690.000	0.365
34700.000	0.365
34710.000	0.363
34720.000	0.367
34730.000	0.367
34740.000	0.367
34750.000	0.370
34760.000	0.369
34770.000	0.369
34780.000	0.366
34790.000	0.366
34800.000	0.366
34810.000	0.365
34820.000	0.363
34830.000	0.363
34840.000	0.363
34850.000	0.364
34860.000	0.364
34870.000	0.363
34880.000	0.363
34890.000	0.363
34900.000	0.363
34910.000	0.362
34920.000	0.363
34930.000	0.363
34940.000	0.362
34950.000	0.363
34960.000	0.362
34970.000	0.364
34980.000	0.364
34990.000	0.365
35000.000	0.366
35010.000	0.363
35020.000	0.362
35030.000	0.364
35040.000	0.363
35050.000	0.362
35060.000	0.366
35070.000	0.361
35080.000	0.367
35090.000	0.360
35100.000	0.364
35110.000	0.360
35120.000	0.360
35130.000	0.360
35140.000	0.358
35150.000	0.361
35160.000	0.359
35170.000	0.359
35180.000	0.358
35190.000	0.358
35200.000	0.363
35210.000	0.359
35220.000	0.363
35230.000	0.358
35240.000	0.362
35250.000	0.361
35260.000	0.356
35270.000	0.359
35280.000	0.358
35290.000	0.359
35300.000	0.361
35310.000	0.357
35320.000	0.360
35330.000	0.361
35340.000	0.358
35350.000	0.359
35360.000	0.357
35370.000	0.355
35380.000	0.357
35390.000	0.356
35400.000	0.361
35410.000	0.361
35420.000	0.359
35430.000	0.359
35440.000	0.360
35450.000	0.355
35460.000	0.358
35470.000	0.361
35480.000	0.360
35490.000	0.361
35500.000	0.357
35510.000	0.360
35520.000	0.359
35530.000	0.355
35540.000	0.358
35550.000	0.357
35560.000	0.360
35570.000	0.360
35580.000	0.360
35590.000	0.359
35600.000	0.358
35610.000	0.360
35620.000	0.360
35630.000	0.358
35640.000	0.357
35650.000	0.358
35660.000	0.361
35670.000	0.367
35680.000	0.377
35690.000	0.388
35700.000	0.415
35710.000	0.433
35720.000	0.462
35730.000	0.494
35740.000	0.545
35750.000	0.599
35760.000	0.653
35770.000	0.713
35780.000	0.732
35790.000	0.710
35800.000	0.645
35810.000	0.600
35820.000	0.564
35830.000	0.552
35840.000	0.558
35850.000	0.566
35860.000	0.585
35870.000	0.616
35880.000	0.623
35890.000	0.594
35900.000	0.551
35910.000	0.513
35920.000	0.488
35930.000	0.470
35940.000	0.457
35950.000	0.447
35960.000	0.435
35970.000	0.430
35980.000	0.425
35990.000	0.421
36000.000	0.417
36010.000	0.414
36020.000	0.411
36030.000	0.404
36040.000	0.402
36050.000	0.398
36060.000	0.394
36070.000	0.396
36080.000	0.393
36090.000	0.389
36100.000	0.386
36110.000	0.388
36120.000	0.387
36130.000	0.382
36140.000	0.383
36150.000	0.384
36160.000	0.377
36170.000	0.382
36180.000	0.378
36190.000	0.374
36200.000	0.376
36210.000	0.374
36220.000	0.374
36230.000	0.368
36240.000	0.369
36250.000	0.374
36260.000	0.373
36270.000	0.370
36280.000	0.371
36290.000	0.370
36300.000	0.368
36310.000	0.364
36320.000	0.364
36330.000	0.367
36340.000	0.366
36350.000	0.364
36360.000	0.365
36370.000	0.367
36380.000	0.364
36390.000	0.366
36400.000	0.367
36410.000	0.362
36420.000	0.359
36430.000	0.359
36440.000	0.362
36450.000	0.365
36460.000	0.361
36470.000	0.364
36480.000	0.360
36490.000	0.362
36500.000	0.361
36510.000	0.357
36520.000	0.366
36530.000	0.363
36540.000	0.361
36550.000	0.362
36560.000	0.360
36570.000	0.361
36580.000	0.361
36590.000	0.361
36600.000	0.361
36610.000	0.357
36620.000	0.356
36630.000	0.356
36640.000	0.357
36650.000	0.360
36660.000	0.360
36670.000	0.359
36680.000	0.361
36690.000	0.360
36700.000	0.362
36710.000	0.358
36720.000	0.359
36730.000	0.358
36740.000	0.359
36750.000	0.360
36760.000	0.357
36770.000	0.356
36780.000	0.356
36790.000	0.358
36800.000	0.358
36810.000	0.354
36820.000	0.355
36830.000	0.355
36840.000	0.356
36850.000	0.355
36860.000	0.353
36870.000	0.352
36880.000	0.357
36890.000	0.353
36900.000	0.354
36910.000	0.351
36920.000	0.353
36930.000	0.350
36940.000	0.348
36950.000	0.351
36960.000	0.353
36970.000	0.352
36980.000	0.348
36990.000	0.354
37000.000	0.349
37010.000	0.350
37020.000	0.350
37030.000	0.349
37040.000	0.349
37050.000	0.353
37060.000	0.350
37070.000	0.349
37080.000	0.348
37090.000	0.352
37100.000	0.350
37110.000	0.354
37120.000	0.351
37130.000	0.348
37140.000	0.351
37150.000	0.348
37160.000	0.351
37170.000	0.352
37180.000	0.353
37190.000	0.350
37200.000	0.350
37210.000	0.348
37220.000	0.348
37230.000	0.348
37240.000	0.349
37250.000	0.352
37260.000	0.348
37270.000	0.351
37280.000	0.350
37290.000	0.349
37300.000	0.349
37310.000	0.351
37320.000	0.345
37330.000	0.349
37340.000	0.351
37350.000	0.346
37360.000	0.353
37370.000	0.353
37380.000	0.348
37390.000	0.353
37400.000	0.348
37410.000	0.348
37420.000	0.351
37430.000	0.350
37440.000	0.349
37450.000	0.348
37460.000	0.347
37470.000	0.347
37480.000	0.347
37490.000	0.350
37500.000	0.353
37510.000	0.351
37520.000	0.347
37530.000	0.350
37540.000	0.351
37550.000	0.351
37560.000	0.348
37570.000	0.349
37580.000	0.349
37590.000	0.351
37600.000	0.348
37610.000	0.347
37620.000	0.346
37630.000	0.348
37640.000	0.350
37650.000	0.351
37660.000	0.350
37670.000	0.352
37680.000	0.350
37690.000	0.351
37700.000	0.348
37710.000	0.347
37720.000	0.346
37730.000	0.350
37740.000	0.350
37750.000	0.348
37760.000	0.345
37770.000	0.347
37780.000	0.349
37790.000	0.351
37800.000	0.350
37810.000	0.347
37820.000	0.346
37830.000	0.345
37840.000	0.347
37850.000	0.350
37860.000	0.347
37870.000	0.344
37880.000	0.345
37890.000	0.348
37900.000	0.349
37910.000	0.350
37920.000	0.348
37930.000	0.344
37940.000	0.343
37950.000	0.345
37960.000	0.347
37970.000	0.343
37980.000	0.342
37990.000	0.345
38000.000	0.347
38010.000	0.345
38020.000	0.345
38030.000	0.347
38040.000	0.347
38050.000	0.346
38060.000	0.346
38070.000	0.349
38080.000	0.344
38090.000	0.345
38100.000	0.347
38110.000	0.341
38120.000	0.343
38130.000	0.345
38140.000	0.342
38150.000	0.346
38160.000	0.345
38170.000	0.342
38180.000	0.341
38190.000	0.342
38200.000	0.344
38210.000	0.342
38220.000	0.343
38230.000	0.343
38240.000	0.342
38250.000	0.344
38260.000	0.342
38270.000	0.346
38280.000	0.342
38290.000	0.343
38300.000	0.346
38310.000	0.342
38320.000	0.346
38330.000	0.344
38340.000	0.342
38350.000	0.345
38360.000	0.341
38370.000	0.344
38380.000	0.339
38390.000	0.342
38400.000	0.344
38410.000	0.340
38420.000	0.344
38430.000	0.341
38440.000	0.341
38450.000	0.345
38460.000	0.342
38470.000	0.346
38480.000	0.342
38490.000	0.343
38500.000	0.343
38510.000	0.341
38520.000	0.345
38530.000	0.343
38540.000	0.341
38550.000	0.345
38560.000	0.342
38570.000	0.346
38580.000	0.344
38590.000	0.345
38600.000	0.346
38610.000	0.351
38620.000	0.357
38630.000	0.360
38640.000	0.366
38650.000	0.378
38660.000	0.386
38670.000	0.400
38680.000	0.418
38690.000	0.439
38700.000	0.455
38710.000	0.458
38720.000	0.463
38730.000	0.442
38740.000	0.419
38750.000	0.408
38760.000	0.394
38770.000	0.385
38780.000	0.382
38790.000	0.379
38800.000	0.374
38810.000	0.368
38820.000	0.366
38830.000	0.368
38840.000	0.361
38850.000	0.362
38860.000	0.362
38870.000	0.357
38880.000	0.358
38890.000	0.358
38900.000	0.359
38910.000	0.357
38920.000	0.354
38930.000	0.356
38940.000	0.353
38950.000	0.354
38960.000	0.355
38970.000	0.351
38980.000	0.352
38990.000	0.353
39000.000	0.349
39010.000	0.347
39020.000	0.348
39030.000	0.350
39040.000	0.350
39050.000	0.346
39060.000	0.344
39070.000	0.347
39080.000	0.348
39090.000	0.346
39100.000	0.343
39110.000	0.348
39120.000	0.346
39130.000	0.343
39140.000	0.347
39150.000	0.346
39160.000	0.345
39170.000	0.343
39180.000	0.347
39190.000	0.344
39200.000	0.342
39210.000	0.345
39220.000	0.346
39230.000	0.343
39240.000	0.342
39250.000	0.347
39260.000	0.347
39270.000	0.344
39280.000	0.344
39290.000	0.347
39300.000	0.344
39310.000	0.344
39320.000	0.344
39330.000	0.345
39340.000	0.345
39350.000	0.345
39360.000	0.341
39370.000	0.341
39380.000	0.346
39390.000	0.343
39400.000	0.342
39410.000	0.344
39420.000	0.346
39430.000	0.343
39440.000	0.343
39450.000	0.343
39460.000	0.344
39470.000	0.345
39480.000	0.344
39490.000	0.341
39500.000	0.341
39510.000	0.346
39520.000	0.343
39530.000	0.344
39540.000	0.345
39550.000	0.342
39560.000	0.342
39570.000	0.345
39580.000	0.342
39590.000	0.344
39600.000	0.341
39610.000	0.341
39620.000	0.342
39630.000	0.344
39640.000	0.344
39650.000	0.343
39660.000	0.339
39670.000	0.342
39680.000	0.342
39690.000	0.341
39700.000	0.343
39710.000	0.340
39720.000	0.341
39730.000	0.345
39740.000	0.344
39750.000	0.339
39760.000	0.339
39770.000	0.344
39780.000	0.344
39790.000	0.342
39800.000	0.340
39810.000	0.340
39820.000	0.341
39830.000	0.339
39840.000	0.342
39850.000	0.339
39860.000	0.342
39870.000	0.344
39880.000	0.339
39890.000	0.343
39900.000	0.341
39910.000	0.341
39920.000	0.347
39930.000	0.353
39940.000	0.353
39950.000	0.358
39960.000	0.355
39970.000	0.366
39980.000	0.370
39990.000	0.379
40000.000	0.388
40010.000	0.393
40020.000	0.416
40030.000	0.437
40040.000	0.442
40050.000	0.441
40060.000	0.433
40070.000	0.418
40080.000	0.402
40090.000	0.389
40100.000	0.382
40110.000	0.377
40120.000	0.371
40130.000	0.363
40140.000	0.364
40150.000	0.365
40160.000	0.359
40170.000	0.356
40180.000	0.359
40190.000	0.356
40200.000	0.353
40210.000	0.357
40220.000	0.356
40230.000	0.350
40240.000	0.350
40250.000	0.350
40260.000	0.352
40270.000	0.349
40280.000	0.350
40290.000	0.350
40300.000	0.346
40310.000	0.351
40320.000	0.352
40330.000	0.347
40340.000	0.345
40350.000	0.347
40360.000	0.347
40370.000	0.347
40380.000	0.343
40390.000	0.345
40400.000	0.345
40410.000	0.344
40420.000	0.348
40430.000	0.346
40440.000	0.345
40450.000	0.347
40460.000	0.342
40470.000	0.344
40480.000	0.344
40490.000	0.341
40500.000	0.346
40510.000	0.343
40520.000	0.345
40530.000	0.345
40540.000	0.343
40550.000	0.342
40560.000	0.346
40570.000	0.348
40580.000	0.344
40590.000	0.352
40600.000	0.359
40610.000	0.361
40620.000	0.367
40630.000	0.375
40640.000	0.392
40650.000	0.405
40660.000	0.419
40670.000	0.430
40680.000	0.450
40690.000	0.473
40700.000	0.496
40710.000	0.512
40720.000	0.523
40730.000	0.505
40740.000	0.472
40750.000	0.446
40760.000	0.423
40770.000	0.411
40780.000	0.405
40790.000	0.394
40800.000	0.390
40810.000	0.386
40820.000	0.376
40830.000	0.377
40840.000	0.376
40850.000	0.371
40860.000	0.368
40870.000	0.365
40880.000	0.364
40890.000	0.360
40900.000	0.363
40910.000	0.358
40920.000	0.358
40930.000	0.358
40940.000	0.354
40950.000	0.357
40960.000	0.356
40970.000	0.352
40980.000	0.356
40990.000	0.350
41000.000	0.354
41010.000	0.351
41020.000	0.350
41030.000	0.353
41040.000	0.350
41050.000	0.347
41060.000	0.351
41070.000	0.349
41080.000	0.346
41090.000	0.350
41100.000	0.349
41110.000	0.347
41120.000	0.346
41130.000	0.350
41140.000	0.346
41150.000	0.347
41160.000	0.346
41170.000	0.345
41180.000	0.346
41190.000	0.341
41200.000	0.345
41210.000	0.346
41220.000	0.341
41230.000	0.342
41240.000	0.344
41250.000	0.345
41260.000	0.340
41270.000	0.343
41280.000	0.343
41290.000	0.341
41300.000	0.340
41310.000	0.343
41320.000	0.344
41330.000	0.341
41340.000	0.340
41350.000	0.340
41360.000	0.344
41370.000	0.344
41380.000	0.340
41390.000	0.343
41400.000	0.342
41410.000	0.340
41420.000	0.343
41430.000	0.340
41440.000	0.343
41450.000	0.340
41460.000	0.344
41470.000	0.341
41480.000	0.340
41490.000	0.342
41500.000	0.342
41510.000	0.341
41520.000	0.341
41530.000	0.342
41540.000	0.340
41550.000	0.342
41560.000	0.339
41570.000	0.341
41580.000	0.337
41590.000	0.340
41600.000	0.336
41610.000	0.337
41620.000	0.340
41630.000	0.336
41640.000	0.339
41650.000	0.337
41660.000	0.338
41670.000	0.342
41680.000	0.339
41690.000	0.337
41700.000	0.337
41710.000	0.338
41720.000	0.338
41730.000	0.339
41740.000	0.339
41750.000	0.338
41760.000	0.341
41770.000	0.336
41780.000	0.341
41790.000	0.339
41800.000	0.341
41810.000	0.343
41820.000	0.338
41830.000	0.343
41840.000	0.340
41850.000	0.340
41860.000	0.348
41870.000	0.354
41880.000	0.358
41890.000	0.362
41900.000	0.369
41910.000	0.376
41920.000	0.389
41930.000	0.398
41940.000	0.404
41950.000	0.424
41960.000	0.449
41970.000	0.477
41980.000	0.498
41990.000	0.512
42000.000	0.523
42010.000	0.500
42020.000	0.479
42030.000	0.447
42040.000	0.428
42050.000	0.410
42060.000	0.401
42070.000	0.390
42080.000	0.387
42090.000	0.381
42100.000	0.379
42110.000	0.374
42120.000	0.374
42130.000	0.369
42140.000	0.367
42150.000	0.366
42160.000	0.363
42170.000	0.362
42180.000	0.359
42190.000	0.360
42200.000	0.355
42210.000	0.358
42220.000	0.353
42230.000	0.356
42240.000	0.351
42250.000	0.354
42260.000	0.350
42270.000	0.354
42280.000	0.349
42290.000	0.350
42300.000	0.347
42310.000	0.350
42320.000	0.345
42330.000	0.350
42340.000	0.346
42350.000	0.345
42360.000	0.347
42370.000	0.345
42380.000	0.346
42390.000	0.343
42400.000	0.348
42410.000	0.344
42420.000	0.344
42430.000	0.345
42440.000	0.342
42450.000	0.346
42460.000	0.341
42470.000	0.345
42480.000	0.343
42490.000	0.345
42500.000	0.345
42510.000	0.341
42520.000	0.345
42530.000	0.341
42540.000	0.343
42550.000	0.343
42560.000	0.343
42570.000	0.344
42580.000	0.340
42590.000	0.343
42600.000	0.342
42610.000	0.340
42620.000	0.343
42630.000	0.340
42640.000	0.341
42650.000	0.342
42660.000	0.340
42670.000	0.343
42680.000	0.339
42690.000	0.343
42700.000	0.339
42710.000	0.344
42720.000	0.341
42730.000	0.344
42740.000	0.340
42750.000	0.341
42760.000	0.343
42770.000	0.338
42780.000	0.342
42790.000	0.342
42800.000	0.340
42810.000	0.338
42820.000	0.340
42830.000	0.342
42840.000	0.340
42850.000	0.338
42860.000	0.338
42870.000	0.338
42880.000	0.338
42890.000	0.338
42900.000	0.340
42910.000	0.342
42920.000	0.342
42930.000	0.339
42940.000	0.338
42950.000	0.343
42960.000	0.338
42970.000	0.341
42980.000	0.339
42990.000	0.338
43000.000	0.341
43010.000	0.335
43020.000	0.341
43030.000	0.336
43040.000	0.340
43050.000	0.338
43060.000	0.338
43070.000	0.340
43080.000	0.337
43090.000	0.339
43100.000	0.339
43110.000	0.336
43120.000	0.339
43130.000	0.335
43140.000	0.339
43150.000	0.336
43160.000	0.336
43170.000	0.339
43180.000	0.338
43190.000	0.334
43200.000	0.339
43210.000	0.335
43220.000	0.338
43230.000	0.335
43240.000	0.337
43250.000	0.337
43260.000	0.335
43270.000	0.338
43280.000	0.335
43290.000	0.339
43300.000	0.334
43310.000	0.337
43320.000	0.338
43330.000	0.334
43340.000	0.337
43350.000	0.338
43360.000	0.334
43370.000	0.335
43380.000	0.336
43390.000	0.340
43400.000	0.339
43410.000	0.338
43420.000	0.338
43430.000	0.336
43440.000	0.335
43450.000	0.335
43460.000	0.337
43470.000	0.338
43480.000	0.339
43490.000	0.338
43500.000	0.335
43510.000	0.337
43520.000	0.336
43530.000	0.339
43540.000	0.336
43550.000	0.338
43560.000	0.338
43570.000	0.338
43580.000	0.335
43590.000	0.335
43600.000	0.338
43610.000	0.339
43620.000	0.337
43630.000	0.337
43640.000	0.336
43650.000	0.334
43660.000	0.337
43670.000	0.338
43680.000	0.336
43690.000	0.336
43700.000	0.337
43710.000	0.338
43720.000	0.336
43730.000	0.335
43740.000	0.334
43750.000	0.334
43760.000	0.336
43770.000	0.337
43780.000	0.337
43790.000	0.338
43800.000	0.335
43810.000	0.333
43820.000	0.332
43830.000	0.333
43840.000	0.335
43850.000	0.337
43860.000	0.334
43870.000	0.338
43880.000	0.336
43890.000	0.335
43900.000	0.335
43910.000	0.337
43920.000	0.335
43930.000	0.336
43940.000	0.336
43950.000	0.334
43960.000	0.335
43970.000	0.333
43980.000	0.338
43990.000	0.333
44000.000	0.337
44010.000	0.333
44020.000	0.336
44030.000	0.335
44040.000	0.337
44050.000	0.333
44060.000	0.338
44070.000	0.334
44080.000	0.335
44090.000	0.334
44100.000	0.332
44110.000	0.335
44120.000	0.334
44130.000	0.333
44140.000	0.336
44150.000	0.333
44160.000	0.336
44170.000	0.332
44180.000	0.337
44190.000	0.332
44200.000	0.335
44210.000	0.333
44220.000	0.334
44230.000	0.332
44240.000	0.336
44250.000	0.332
44260.000	0.335
44270.000	0.335
44280.000	0.332
44290.000	0.335
44300.000	0.335
44310.000	0.332
44320.000	0.337
44330.000	0.333
44340.000	0.336
44350.000	0.336
44360.000	0.334
44370.000	0.332
44380.000	0.335
44390.000	0.337
44400.000	0.336
44410.000	0.334
44420.000	0.335
44430.000	0.337
44440.000	0.334
44450.000	0.333
44460.000	0.337
44470.000	0.334
44480.000	0.333
44490.000	0.333
44500.000	0.335
44510.000	0.336
44520.000	0.335
44530.000	0.333
44540.000	0.338
44550.000	0.335
44560.000	0.333
44570.000	0.337
44580.000	0.336
44590.000	0.333
44600.000	0.336
44610.000	0.332
44620.000	0.336
44630.000	0.337
44640.000	0.333
44650.000	0.333
44660.000	0.335
44670.000	0.336
44680.000	0.332
44690.000	0.335
44700.000	0.335
44710.000	0.333
44720.000	0.333
44730.000	0.336
44740.000	0.334
44750.000	0.332
44760.000	0.335
44770.000	0.337
44780.000	0.335
44790.000	0.332
44800.000	0.334
44810.000	0.337
44820.000	0.333
44830.000	0.332
44840.000	0.336
44850.000	0.336
44860.000	0.334
44870.000	0.337
44880.000	0.334
44890.000	0.333
44900.000	0.334
44910.000	0.335
44920.000	0.333
44930.000	0.335
44940.000	0.336
44950.000	0.333
44960.000	0.334
44970.000	0.334
44980.000	0.335
44990.000	0.338
45000.000	0.333
45010.000	0.335
45020.000	0.337
45030.000	0.336
45040.000	0.335
45050.000	0.335
45060.000	0.338
45070.000	0.334
45080.000	0.337
45090.000	0.337
45100.000	0.333
45110.000	0.337
45120.000	0.339
45130.000	0.338
45140.000	0.334
45150.000	0.332
45160.000	0.337
45170.000	0.336
45180.000	0.333
45190.000	0.337
45200.000	0.337
45210.000	0.333
45220.000	0.336
45230.000	0.336
45240.000	0.332
45250.000	0.336
45260.000	0.335
45270.000	0.334
45280.000	0.332
45290.000	0.332
45300.000	0.335
45310.000	0.336
45320.000	0.333
45330.000	0.333
45340.000	0.336
45350.000	0.336
45360.000	0.334
45370.000	0.334
45380.000	0.337
45390.000	0.336
45400.000	0.333
45410.000	0.332
45420.000	0.334
45430.000	0.336
45440.000	0.332
45450.000	0.335
45460.000	0.336
45470.000	0.335
45480.000	0.336
45490.000	0.334
45500.000	0.334
45510.000	0.332
45520.000	0.336
45530.000	0.333
45540.000	0.334
45550.000	0.337
45560.000	0.332
45570.000	0.333
45580.000	0.336
45590.000	0.336
45600.000	0.334
45610.000	0.339
45620.000	0.334
45630.000	0.331
45640.000	0.335
45650.000	0.336
45660.000	0.332
45670.000	0.336
45680.000	0.337
45690.000	0.334
45700.000	0.334
45710.000	0.337
45720.000	0.336
45730.000	0.332
45740.000	0.336
45750.000	0.336
45760.000	0.332
45770.000	0.336
45780.000	0.337
45790.000	0.333
45800.000	0.332
45810.000	0.337
45820.000	0.333
45830.000	0.333
45840.000	0.336
45850.000	0.334
45860.000	0.332
45870.000	0.338
45880.000	0.334
45890.000	0.335
45900.000	0.337
45910.000	0.333
45920.000	0.333
45930.000	0.337
45940.000	0.333
45950.000	0.337
45960.000	0.335
45970.000	0.332
45980.000	0.336
45990.000	0.334
46000.000	0.332
46010.000	0.332
46020.000	0.335
46030.000	0.356
46040.000	0.347
46050.000	0.344
46060.000	0.342
46070.000	0.340
46080.000	0.341
46090.000	0.339
46100.000	0.341
46110.000	0.336
46120.000	0.336
46130.000	0.337
46140.000	0.340
46150.000	0.336
46160.000	0.336
46170.000	0.339
46180.000	0.340
46190.000	0.335
46200.000	0.335
46210.000	0.336
46220.000	0.339
46230.000	0.336
46240.000	0.335
46250.000	0.338
46260.000	0.335
46270.000	0.336
46280.000	0.338
46290.000	0.335
46300.000	0.334
46310.000	0.337
46320.000	0.335
46330.000	0.333
46340.000	0.337
46350.000	0.335
46360.000	0.334
46370.000	0.335
46380.000	0.337
46390.000	0.335
46400.000	0.333
46410.000	0.334
46420.000	0.336
46430.000	0.337
46440.000	0.334
46450.000	0.333
46460.000	0.332
46470.000	0.336
46480.000	0.336
46490.000	0.334
46500.000	0.332
46510.000	0.332
46520.000	0.333
46530.000	0.336
46540.000	0.336
46550.000	0.333
46560.000	0.333
46570.000	0.336
46580.000	0.333
46590.000	0.336
46600.000	0.334
46610.000	0.335
46620.000	0.336
46630.000	0.331
46640.000	0.336
46650.000	0.333
46660.000	0.333
46670.000	0.335
46680.000	0.332
46690.000	0.335
46700.000	0.334
46710.000	0.331
46720.000	0.334
46730.000	0.333
46740.000	0.332
46750.000	0.331
46760.000	0.334
46770.000	0.332
46780.000	0.333
46790.000	0.335
46800.000	0.331
46810.000	0.336
46820.000	0.331
46830.000	0.336
46840.000	0.336
46850.000	0.336
46860.000	0.336
46870.000	0.336
46880.000	0.337
46890.000	0.335
46900.000	0.333
46910.000	0.339
46920.000	0.337
46930.000	0.338
46940.000	0.337
46950.000	0.334
46960.000	0.333
46970.000	0.334
46980.000	0.337
46990.000	0.336
47000.000	0.336
47010.000	0.336
47020.000	0.336
47030.000	0.334
47040.000	0.335
47050.000	0.335
47060.000	0.334
47070.000	0.336
47080.000	0.338
47090.000	0.334
47100.000	0.334
47110.000	0.334
47120.000	0.335
47130.000	0.336
47140.000	0.333
47150.000	0.336
47160.000	0.338
47170.000	0.336
47180.000	0.333
47190.000	0.333
47200.000	0.335
47210.000	0.337
47220.000	0.336
47230.000	0.333
47240.000	0.334
47250.000	0.332
47260.000	0.333
47270.000	0.333
47280.000	0.333
47290.000	0.335
47300.000	0.335
47310.000	0.334
47320.000	0.333
47330.000	0.332
47340.000	0.332
47350.000	0.334
47360.000	0.333
47370.000	0.331
47380.000	0.333
47390.000	0.334
47400.000	0.335
47410.000	0.334
47420.000	0.331
47430.000	0.332
47440.000	0.334
47450.000	0.333
47460.000	0.335
47470.000	0.335
47480.000	0.334
47490.000	0.333
47500.000	0.333
47510.000	0.335
47520.000	0.334
47530.000	0.333
47540.000	0.333
47550.000	0.332
47560.000	0.331
47570.000	0.335
47580.000	0.332
47590.000	0.334
47600.000	0.338
47610.000	0.337
47620.000	0.335
47630.000	0.337
47640.000	0.336
47650.000	0.333
47660.000	0.332
47670.000	0.336
47680.000	0.334
47690.000	0.338
47700.000	0.332
47710.000	0.334
47720.000	0.336
47730.000	0.333
47740.000	0.334
47750.000	0.336
47760.000	0.333
47770.000	0.335
47780.000	0.333
47790.000	0.334
47800.000	0.335
47810.000	0.331
47820.000	0.333
47830.000	0.335
47840.000	0.332
47850.000	0.336
47860.000	0.334
47870.000	0.332
47880.000	0.334
47890.000	0.333
47900.000	0.333
47910.000	0.334
47920.000	0.331
47930.000	0.335
47940.000	0.333
47950.000	0.331
47960.000	0.335
47970.000	0.331
47980.000	0.332
47990.000	0.333
48000.000	0.331
48010.000	0.333
48020.000	0.335
48030.000	0.334
48040.000	0.332
48050.000	0.335
48060.000	0.332
48070.000	0.334
48080.000	0.334
48090.000	0.331
48100.000	0.334
48110.000	0.333
48120.000	0.332
48130.000	0.335
48140.000	0.331
48150.000	0.331
48160.000	0.334
48170.000	0.330
48180.000	0.334
48190.000	0.331
48200.000	0.333
48210.000	0.334
48220.000	0.331
48230.000	0.334
48240.000	0.331
48250.000	0.334
48260.000	0.330
48270.000	0.335
48280.000	0.331
48290.000	0.334
48300.000	0.332
48310.000	0.331
48320.000	0.334
48330.000	0.331
48340.000	0.333
48350.000	0.332
48360.000	0.331
48370.000	0.335
48380.000	0.331
48390.000	0.332
48400.000	0.332
48410.000	0.330
48420.000	0.332
48430.000	0.333
48440.000	0.334
48450.000	0.331
48460.000	0.332
48470.000	0.334
48480.000	0.331
48490.000	0.331
48500.000	0.335
48510.000	0.332
48520.000	0.333
48530.000	0.331
48540.000	0.333
48550.000	0.333
48560.000	0.331
48570.000	0.332
48580.000	0.335
48590.000	0.335
48600.000	0.335
48610.000	0.333
48620.000	0.334
48630.000	0.332
48640.000	0.332
48650.000	0.332
48660.000	0.334
48670.000	0.333
48680.000	0.333
48690.000	0.334
48700.000	0.331
48710.000	0.330
48720.000	0.330
48730.000	0.331
48740.000	0.334
48750.000	0.334
48760.000	0.334
48770.000	0.337
48780.000	0.331
48790.000	0.331
48800.000	0.331
48810.000	0.331
48820.000	0.334
48830.000	0.336
48840.000	0.336
48850.000	0.334
48860.000	0.333
48870.000	0.332
48880.000	0.331
48890.000	0.331
48900.000	0.335
48910.000	0.333
48920.000	0.333
48930.000	0.334
48940.000	0.334
48950.000	0.331
48960.000	0.332
48970.000	0.332
48980.000	0.334
48990.000	0.332
49000.000	0.333
49010.000	0.331
49020.000	0.330
49030.000	0.329
49040.000	0.330
49050.000	0.334
49060.000	0.334
49070.000	0.334
49080.000	0.334
49090.000	0.331
49100.000	0.330
49110.000	0.330
49120.000	0.332
49130.000	0.335
49140.000	0.333
49150.000	0.333
49160.000	0.333
49170.000	0.331
49180.000	0.332
49190.000	0.333
49200.000	0.335
49210.000	0.334
49220.000	0.333
49230.000	0.332
49240.000	0.330
49250.000	0.331
49260.000	0.331
49270.000	0.331
49280.000	0.331
49290.000	0.332
49300.000	0.332
49310.000	0.332
49320.000	0.333
49330.000	0.332
49340.000	0.330
49350.000	0.330
49360.000	0.330
49370.000	0.334
49380.000	0.334
49390.000	0.334
49400.000	0.333
49410.000	0.335
49420.000	0.334
49430.000	0.333
49440.000	0.330
49450.000	0.330
49460.000	0.330
49470.000	0.330
49480.000	0.330
49490.000	0.333
49500.000	0.330
49510.000	0.330
49520.000	0.330
49530.000	0.330
49540.000	0.330
49550.000	0.330
49560.000	0.331
49570.000	0.331
49580.000	0.333
49590.000	0.334
49600.000	0.334
49610.000	0.333
49620.000	0.332
49630.000	0.330
49640.000	0.330
49650.000	0.331
49660.000	0.333
49670.000	0.333
49680.000	0.332
49690.000	0.331
49700.000	0.330
49710.000	0.334
49720.000	0.334
49730.000	0.335
49740.000	0.332
49750.000	0.332
49760.000	0.334
49770.000	0.334
49780.000	0.335
49790.000	0.333
49800.000	0.333
49810.000	0.333
49820.000	0.333
49830.000	0.334
49840.000	0.334
49850.000	0.333
49860.000	0.332
49870.000	0.332
49880.000	0.331
49890.000	0.334
49900.000	0.332
49910.000	0.334
49920.000	0.334
49930.000	0.331
49940.000	0.332
49950.000	0.332
49960.000	0.331
49970.000	0.330
49980.000	0.333
49990.000	0.334
50000.000	0.336
