10.000	0.475
20.000	0.471
30.000	0.474
40.000	0.475
50.000	0.472
60.000	0.471
70.000	0.477
80.000	0.475
90.000	0.476
100.000	0.477
110.000	0.481
120.000	0.478
130.000	0.480
140.000	0.482
150.000	0.477
160.000	0.470
170.000	0.476
180.000	0.478
190.000	0.476
200.000	0.472
210.000	0.475
220.000	0.475
230.000	0.474
240.000	0.474
250.000	0.477
260.000	0.473
270.000	0.471
280.000	0.474
290.000	0.477
300.000	0.477
310.000	0.474
320.000	0.472
330.000	0.475
340.000	0.478
350.000	0.476
360.000	0.478
370.000	0.476
380.000	0.478
390.000	0.472
400.000	0.473
410.000	0.476
420.000	0.479
430.000	0.475
440.000	0.477
450.000	0.481
460.000	0.477
470.000	0.475
480.000	0.478
490.000	0.483
500.000	0.484
510.000	0.480
520.000	0.478
530.000	0.482
540.000	0.482
550.000	0.481
560.000	0.481
570.000	0.480
580.000	0.478
590.000	0.475
600.000	0.478
610.000	0.480
620.000	0.487
630.000	0.485
640.000	0.487
650.000	0.488
660.000	0.485
670.000	0.486
680.000	0.483
690.000	0.484
700.000	0.483
710.000	0.486
720.000	0.484
730.000	0.478
740.000	0.482
750.000	0.486
760.000	0.485
770.000	0.484
780.000	0.485
790.000	0.485
800.000	0.485
810.000	0.482
820.000	0.485
830.000	0.484
840.000	0.486
850.000	0.486
860.000	0.481
870.000	0.482
880.000	0.481
890.000	0.484
900.000	0.483
910.000	0.484
920.000	0.486
930.000	0.485
940.000	0.479
950.000	0.481
960.000	0.483
970.000	0.478
980.000	0.486
990.000	0.484
1000.000	0.485
1010.000	0.483
1020.000	0.485
1030.000	0.487
1040.000	0.487
1050.000	0.487
1060.000	0.488
1070.000	0.488
1080.000	0.486
1090.000	0.487
1100.000	0.485
1110.000	0.483
1120.000	0.487
1130.000	0.490
1140.000	0.489
1150.000	0.488
1160.000	0.488
1170.000	0.487
1180.000	0.489
1190.000	0.493
1200.000	0.491
1210.000	0.492
1220.000	0.489
1230.000	0.490
1240.000	0.494
1250.000	0.488
1260.000	0.491
1270.000	0.491
1280.000	0.488
1290.000	0.485
1300.000	0.485
1310.000	0.489
1320.000	0.490
1330.000	0.491
1340.000	0.491
1350.000	0.487
1360.000	0.491
1370.000	0.487
1380.000	0.486
1390.000	0.485
1400.000	0.484
1410.000	0.489
1420.000	0.488
1430.000	0.487
1440.000	0.484
1450.000	0.490
1460.000	0.485
1470.000	0.486
1480.000	0.491
1490.000	0.486
1500.000	0.487
1510.000	0.492
1520.000	0.491
1530.000	0.488
1540.000	0.488
1550.000	0.491
1560.000	0.492
1570.000	0.491
1580.000	0.491
1590.000	0.487
1600.000	0.489
1610.000	0.492
1620.000	0.496
1630.000	0.494
1640.000	0.490
1650.000	0.488
1660.000	0.491
1670.000	0.491
1680.000	0.490
1690.000	0.492
1700.000	0.488
1710.000	0.489
1720.000	0.490
1730.000	0.485
1740.000	0.487
1750.000	0.483
1760.000	0.482
1770.000	0.482
1780.000	0.488
1790.000	0.491
1800.000	0.489
1810.000	0.490
1820.000	0.493
1830.000	0.487
1840.000	0.491
1850.000	0.488
1860.000	0.489
1870.000	0.494
1880.000	0.497
1890.000	0.496
1900.000	0.493
1910.000	0.488
1920.000	0.491
1930.000	0.489
1940.000	0.488
1950.000	0.489
1960.000	0.488
1970.000	0.485
1980.000	0.489
1990.000	0.489
2000.000	0.487
2010.000	0.493
2020.000	0.489
2030.000	0.491
2040.000	0.490
2050.000	0.489
2060.000	0.489
2070.000	0.489
2080.000	0.489
2090.000	0.488
2100.000	0.490
2110.000	0.489
2120.000	0.488
2130.000	0.490
2140.000	0.499
2150.000	0.496
2160.000	0.487
2170.000	0.488
2180.000	0.486
2190.000	0.490
2200.000	0.488
2210.000	0.489
2220.000	0.487
2230.000	0.491
2240.000	0.486
2250.000	0.487
2260.000	0.490
2270.000	0.496
2280.000	0.492
2290.000	0.496
2300.000	0.500
2310.000	0.499
2320.000	0.493
2330.000	0.492
2340.000	0.493
2350.000	0.497
2360.000	0.496
2370.000	0.496
2380.000	0.509
2390.000	0.506
2400.000	0.501
2410.000	0.494
2420.000	0.497
2430.000	0.496
2440.000	0.495
2450.000	0.494
2460.000	0.494
2470.000	0.491
2480.000	0.495
2490.000	0.495
2500.000	0.496
2510.000	0.499
2520.000	0.497
2530.000	0.497
2540.000	0.491
2550.000	0.493
2560.000	0.490
2570.000	0.491
2580.000	0.495
2590.000	0.499
2600.000	0.497
2610.000	0.496
2620.000	0.493
2630.000	0.495
2640.000	0.491
2650.000	0.496
2660.000	0.491
2670.000	0.490
2680.000	0.493
2690.000	0.490
2700.000	0.491
2710.000	0.491
2720.000	0.494
2730.000	0.498
2740.000	0.493
2750.000	0.500
2760.000	0.503
2770.000	0.502
2780.000	0.496
2790.000	0.497
2800.000	0.492
2810.000	0.493
2820.000	0.491
2830.000	0.497
2840.000	0.498
2850.000	0.504
2860.000	0.507
2870.000	0.502
2880.000	0.505
2890.000	0.504
2900.000	0.505
2910.000	0.499
2920.000	0.495
2930.000	0.494
2940.000	0.495
2950.000	0.503
2960.000	0.506
2970.000	0.507
2980.000	0.508
2990.000	0.506
3000.000	0.505
3010.000	0.498
3020.000	0.495
3030.000	0.496
3040.000	0.495
3050.000	0.498
3060.000	0.503
3070.000	0.500
3080.000	0.499
3090.000	0.500
3100.000	0.498
3110.000	0.499
3120.000	0.501
3130.000	0.502
3140.000	0.504
3150.000	0.504
3160.000	0.500
3170.000	0.499
3180.000	0.498
3190.000	0.503
3200.000	0.503
3210.000	0.508
3220.000	0.508
3230.000	0.505
3240.000	0.506
3250.000	0.503
3260.000	0.504
3270.000	0.503
3280.000	0.503
3290.000	0.507
3300.000	0.503
3310.000	0.499
3320.000	0.496
3330.000	0.500
3340.000	0.501
3350.000	0.501
3360.000	0.504
3370.000	0.501
3380.000	0.500
3390.000	0.499
3400.000	0.497
3410.000	0.500
3420.000	0.502
3430.000	0.504
3440.000	0.508
3450.000	0.506
3460.000	0.508
3470.000	0.511
3480.000	0.507
3490.000	0.513
3500.000	0.510
3510.000	0.510
3520.000	0.512
3530.000	0.516
3540.000	0.515
3550.000	0.510
3560.000	0.506
3570.000	0.511
3580.000	0.509
3590.000	0.508
3600.000	0.505
3610.000	0.507
3620.000	0.499
3630.000	0.501
3640.000	0.503
3650.000	0.504
3660.000	0.506
3670.000	0.504
3680.000	0.503
3690.000	0.508
3700.000	0.505
3710.000	0.506
3720.000	0.509
3730.000	0.505
3740.000	0.508
3750.000	0.506
3760.000	0.512
3770.000	0.515
3780.000	0.508
3790.000	0.504
3800.000	0.506
3810.000	0.508
3820.000	0.506
3830.000	0.507
3840.000	0.512
3850.000	0.510
3860.000	0.504
3870.000	0.500
3880.000	0.502
3890.000	0.500
3900.000	0.502
3910.000	0.503
3920.000	0.508
3930.000	0.516
3940.000	0.516
3950.000	0.514
3960.000	0.511
3970.000	0.512
3980.000	0.511
3990.000	0.509
4000.000	0.509
4010.000	0.514
4020.000	0.513
4030.000	0.512
4040.000	0.513
4050.000	0.514
4060.000	0.508
4070.000	0.516
4080.000	0.515
4090.000	0.519
4100.000	0.515
4110.000	0.510
4120.000	0.512
4130.000	0.513
4140.000	0.514
4150.000	0.512
4160.000	0.518
4170.000	0.517
4180.000	0.516
4190.000	0.513
4200.000	0.516
4210.000	0.514
4220.000	0.513
4230.000	0.513
4240.000	0.518
4250.000	0.519
4260.000	0.517
4270.000	0.519
4280.000	0.520
4290.000	0.514
4300.000	0.512
4310.000	0.513
4320.000	0.511
4330.000	0.514
4340.000	0.516
4350.000	0.513
4360.000	0.513
4370.000	0.512
4380.000	0.510
4390.000	0.512
4400.000	0.513
4410.000	0.512
4420.000	0.513
4430.000	0.515
4440.000	0.518
4450.000	0.517
4460.000	0.519
4470.000	0.517
4480.000	0.516
4490.000	0.515
4500.000	0.516
4510.000	0.514
4520.000	0.515
4530.000	0.513
4540.000	0.517
4550.000	0.516
4560.000	0.514
4570.000	0.515
4580.000	0.516
4590.000	0.513
4600.000	0.515
4610.000	0.512
4620.000	0.517
4630.000	0.521
4640.000	0.520
4650.000	0.519
4660.000	0.518
4670.000	0.519
4680.000	0.521
4690.000	0.516
4700.000	0.518
4710.000	0.518
4720.000	0.519
4730.000	0.522
4740.000	0.522
4750.000	0.523
4760.000	0.520
4770.000	0.521
4780.000	0.516
4790.000	0.514
4800.000	0.515
4810.000	0.517
4820.000	0.522
4830.000	0.519
4840.000	0.520
4850.000	0.518
4860.000	0.523
4870.000	0.523
4880.000	0.525
4890.000	0.523
4900.000	0.529
4910.000	0.526
4920.000	0.524
4930.000	0.524
4940.000	0.525
4950.000	0.524
4960.000	0.525
4970.000	0.525
4980.000	0.523
4990.000	0.520
5000.000	0.520
5010.000	0.517
5020.000	0.516
5030.000	0.520
5040.000	0.514
5050.000	0.517
5060.000	0.520
5070.000	0.518
5080.000	0.518
5090.000	0.515
5100.000	0.519
5110.000	0.522
5120.000	0.523
5130.000	0.524
5140.000	0.524
5150.000	0.529
5160.000	0.523
5170.000	0.519
5180.000	0.522
5190.000	0.520
5200.000	0.519
5210.000	0.518
5220.000	0.521
5230.000	0.521
5240.000	0.515
5250.000	0.513
5260.000	0.517
5270.000	0.518
5280.000	0.518
5290.000	0.520
5300.000	0.525
5310.000	0.527
5320.000	0.528
5330.000	0.527
5340.000	0.532
5350.000	0.530
5360.000	0.526
5370.000	0.524
5380.000	0.522
5390.000	0.522
5400.000	0.521
5410.000	0.520
5420.000	0.523
5430.000	0.526
5440.000	0.526
5450.000	0.529
5460.000	0.528
5470.000	0.524
5480.000	0.526
5490.000	0.526
5500.000	0.530
5510.000	0.529
5520.000	0.526
5530.000	0.528
5540.000	0.528
5550.000	0.530
5560.000	0.533
5570.000	0.538
5580.000	0.537
5590.000	0.534
5600.000	0.534
5610.000	0.536
5620.000	0.525
5630.000	0.522
5640.000	0.523
5650.000	0.522
5660.000	0.521
5670.000	0.527
5680.000	0.531
5690.000	0.535
5700.000	0.532
5710.000	0.536
5720.000	0.538
5730.000	0.534
5740.000	0.529
5750.000	0.528
5760.000	0.532
5770.000	0.525
5780.000	0.528
5790.000	0.529
5800.000	0.527
5810.000	0.534
5820.000	0.535
5830.000	0.535
5840.000	0.533
5850.000	0.531
5860.000	0.532
5870.000	0.541
5880.000	0.541
5890.000	0.535
5900.000	0.533
5910.000	0.535
5920.000	0.533
5930.000	0.533
5940.000	0.538
5950.000	0.530
5960.000	0.529
5970.000	0.530
5980.000	0.535
5990.000	0.532
6000.000	0.540
6010.000	0.544
6020.000	0.537
6030.000	0.539
6040.000	0.542
6050.000	0.538
6060.000	0.535
6070.000	0.535
6080.000	0.539
6090.000	0.534
6100.000	0.532
6110.000	0.532
6120.000	0.534
6130.000	0.535
6140.000	0.534
6150.000	0.534
6160.000	0.535
6170.000	0.536
6180.000	0.537
6190.000	0.536
6200.000	0.530
6210.000	0.534
6220.000	0.532
6230.000	0.533
6240.000	0.541
6250.000	0.544
6260.000	0.540
6270.000	0.538
6280.000	0.542
6290.000	0.539
6300.000	0.536
6310.000	0.534
6320.000	0.539
6330.000	0.532
6340.000	0.540
6350.000	0.541
6360.000	0.538
6370.000	0.536
6380.000	0.544
6390.000	0.544
6400.000	0.540
6410.000	0.543
6420.000	0.544
6430.000	0.542
6440.000	0.538
6450.000	0.537
6460.000	0.538
6470.000	0.535
6480.000	0.531
6490.000	0.535
6500.000	0.536
6510.000	0.536
6520.000	0.543
6530.000	0.543
6540.000	0.540
6550.000	0.538
6560.000	0.536
6570.000	0.541
6580.000	0.538
6590.000	0.538
6600.000	0.541
6610.000	0.545
6620.000	0.542
6630.000	0.543
6640.000	0.545
6650.000	0.549
6660.000	0.549
6670.000	0.545
6680.000	0.547
6690.000	0.549
6700.000	0.547
6710.000	0.540
6720.000	0.545
6730.000	0.542
6740.000	0.544
6750.000	0.544
6760.000	0.541
6770.000	0.547
6780.000	0.547
6790.000	0.544
6800.000	0.544
6810.000	0.545
6820.000	0.547
6830.000	0.544
6840.000	0.546
6850.000	0.543
6860.000	0.547
6870.000	0.544
6880.000	0.550
6890.000	0.555
6900.000	0.551
6910.000	0.547
6920.000	0.552
6930.000	0.551
6940.000	0.544
6950.000	0.547
6960.000	0.554
6970.000	0.555
6980.000	0.551
6990.000	0.563
7000.000	0.554
7010.000	0.553
7020.000	0.551
7030.000	0.550
7040.000	0.552
7050.000	0.558
7060.000	0.551
7070.000	0.550
7080.000	0.550
7090.000	0.544
7100.000	0.547
7110.000	0.550
7120.000	0.545
7130.000	0.553
7140.000	0.554
7150.000	0.554
7160.000	0.551
7170.000	0.549
7180.000	0.544
7190.000	0.544
7200.000	0.549
7210.000	0.557
7220.000	0.552
7230.000	0.549
7240.000	0.550
7250.000	0.556
7260.000	0.553
7270.000	0.560
7280.000	0.564
7290.000	0.566
7300.000	0.566
7310.000	0.566
7320.000	0.558
7330.000	0.556
7340.000	0.561
7350.000	0.559
7360.000	0.558
7370.000	0.560
7380.000	0.557
7390.000	0.550
7400.000	0.553
7410.000	0.557
7420.000	0.555
7430.000	0.559
7440.000	0.555
7450.000	0.556
7460.000	0.561
7470.000	0.559
7480.000	0.557
7490.000	0.556
7500.000	0.551
7510.000	0.548
7520.000	0.554
7530.000	0.555
7540.000	0.557
7550.000	0.559
7560.000	0.559
7570.000	0.549
7580.000	0.550
7590.000	0.549
7600.000	0.548
7610.000	0.547
7620.000	0.547
7630.000	0.553
7640.000	0.547
7650.000	0.551
7660.000	0.557
7670.000	0.552
7680.000	0.551
7690.000	0.552
7700.000	0.556
7710.000	0.554
7720.000	0.555
7730.000	0.555
7740.000	0.555
7750.000	0.551
7760.000	0.557
7770.000	0.560
7780.000	0.560
7790.000	0.564
7800.000	0.570
7810.000	0.570
7820.000	0.566
7830.000	0.565
7840.000	0.569
7850.000	0.568
7860.000	0.572
7870.000	0.568
7880.000	0.563
7890.000	0.569
7900.000	0.558
7910.000	0.557
7920.000	0.563
7930.000	0.559
7940.000	0.557
7950.000	0.558
7960.000	0.567
7970.000	0.566
7980.000	0.569
7990.000	0.563
8000.000	0.561
8010.000	0.559
8020.000	0.561
8030.000	0.562
8040.000	0.569
8050.000	0.570
8060.000	0.562
8070.000	0.565
8080.000	0.565
8090.000	0.558
8100.000	0.563
8110.000	0.561
8120.000	0.556
8130.000	0.556
8140.000	0.563
8150.000	0.556
8160.000	0.559
8170.000	0.560
8180.000	0.565
8190.000	0.560
8200.000	0.559
8210.000	0.558
8220.000	0.559
8230.000	0.556
8240.000	0.561
8250.000	0.563
8260.000	0.566
8270.000	0.559
8280.000	0.557
8290.000	0.559
8300.000	0.553
8310.000	0.557
8320.000	0.564
8330.000	0.560
8340.000	0.558
8350.000	0.552
8360.000	0.550
8370.000	0.553
8380.000	0.556
8390.000	0.557
8400.000	0.550
8410.000	0.552
8420.000	0.558
8430.000	0.562
8440.000	0.558
8450.000	0.559
8460.000	0.560
8470.000	0.561
8480.000	0.565
8490.000	0.566
8500.000	0.564
8510.000	0.566
8520.000	0.568
8530.000	0.569
8540.000	0.577
8550.000	0.575
8560.000	0.577
8570.000	0.577
8580.000	0.581
8590.000	0.584
8600.000	0.585
8610.000	0.588
8620.000	0.586
8630.000	0.588
8640.000	0.584
8650.000	0.592
8660.000	0.599
8670.000	0.594
8680.000	0.585
8690.000	0.580
8700.000	0.574
8710.000	0.580
8720.000	0.587
8730.000	0.580
8740.000	0.578
8750.000	0.575
8760.000	0.570
8770.000	0.573
8780.000	0.568
8790.000	0.565
8800.000	0.564
8810.000	0.570
8820.000	0.572
8830.000	0.572
8840.000	0.571
8850.000	0.570
8860.000	0.565
8870.000	0.567
8880.000	0.570
8890.000	0.566
8900.000	0.566
8910.000	0.568
8920.000	0.572
8930.000	0.569
8940.000	0.572
8950.000	0.579
8960.000	0.573
8970.000	0.574
8980.000	0.568
8990.000	0.563
9000.000	0.563
9010.000	0.565
9020.000	0.563
9030.000	0.566
9040.000	0.564
9050.000	0.564
9060.000	0.560
9070.000	0.562
9080.000	0.566
9090.000	0.560
9100.000	0.564
9110.000	0.564
9120.000	0.560
9130.000	0.553
9140.000	0.558
9150.000	0.551
9160.000	0.557
9170.000	0.561
9180.000	0.566
9190.000	0.572
9200.000	0.572
9210.000	0.573
9220.000	0.575
9230.000	0.569
9240.000	0.570
9250.000	0.573
9260.000	0.576
9270.000	0.587
9280.000	0.586
9290.000	0.578
9300.000	0.582
9310.000	0.585
9320.000	0.586
9330.000	0.593
9340.000	0.602
9350.000	0.599
9360.000	0.601
9370.000	0.609
9380.000	0.609
9390.000	0.620
9400.000	0.626
9410.000	0.634
9420.000	0.640
9430.000	0.651
9440.000	0.646
9450.000	0.652
9460.000	0.646
9470.000	0.642
9480.000	0.643
9490.000	0.633
9500.000	0.633
9510.000	0.618
9520.000	0.605
9530.000	0.602
9540.000	0.595
9550.000	0.593
9560.000	0.587
9570.000	0.584
9580.000	0.586
9590.000	0.571
9600.000	0.575
9610.000	0.572
9620.000	0.569
9630.000	0.571
9640.000	0.577
9650.000	0.574
9660.000	0.577
9670.000	0.568
9680.000	0.563
9690.000	0.567
9700.000	0.571
9710.000	0.570
9720.000	0.566
9730.000	0.569
9740.000	0.569
9750.000	0.565
9760.000	0.575
9770.000	0.585
9780.000	0.570
9790.000	0.574
9800.000	0.573
9810.000	0.567
9820.000	0.563
9830.000	0.570
9840.000	0.571
9850.000	0.571
9860.000	0.577
9870.000	0.575
9880.000	0.578
9890.000	0.578
9900.000	0.581
9910.000	0.585
9920.000	0.586
9930.000	0.583
9940.000	0.589
9950.000	0.587
9960.000	0.586
9970.000	0.586
9980.000	0.586
9990.000	0.590
10000.000	0.589
10010.000	0.584
10020.000	0.579
10030.000	0.581
10040.000	0.576
10050.000	0.573
10060.000	0.567
10070.000	0.569
10080.000	0.569
10090.000	0.558
10100.000	0.566
10110.000	0.567
10120.000	0.563
10130.000	0.562
10140.000	0.563
10150.000	0.572
10160.000	0.574
10170.000	0.576
10180.000	0.578
10190.000	0.576
10200.000	0.579
10210.000	0.577
10220.000	0.575
10230.000	0.576
10240.000	0.579
10250.000	0.581
10260.000	0.580
10270.000	0.580
10280.000	0.583
10290.000	0.574
10300.000	0.574
10310.000	0.575
10320.000	0.580
10330.000	0.587
10340.000	0.590
10350.000	0.591
10360.000	0.602
10370.000	0.607
10380.000	0.627
10390.000	0.643
10400.000	0.649
10410.000	0.667
10420.000	0.671
10430.000	0.683
10440.000	0.691
10450.000	0.713
10460.000	0.719
10470.000	0.729
10480.000	0.725
10490.000	0.714
10500.000	0.704
10510.000	0.693
10520.000	0.688
10530.000	0.684
10540.000	0.674
10550.000	0.665
10560.000	0.663
10570.000	0.656
10580.000	0.661
10590.000	0.669
10600.000	0.668
10610.000	0.661
10620.000	0.654
10630.000	0.653
10640.000	0.639
10650.000	0.638
10660.000	0.625
10670.000	0.625
10680.000	0.610
10690.000	0.602
10700.000	0.601
10710.000	0.590
10720.000	0.584
10730.000	0.585
10740.000	0.573
10750.000	0.571
10760.000	0.575
10770.000	0.574
10780.000	0.574
10790.000	0.565
10800.000	0.561
10810.000	0.564
10820.000	0.562
10830.000	0.563
10840.000	0.564
10850.000	0.564
10860.000	0.563
10870.000	0.554
10880.000	0.553
10890.000	0.553
10900.000	0.554
10910.000	0.558
10920.000	0.558
10930.000	0.558
10940.000	0.553
10950.000	0.552
10960.000	0.551
10970.000	0.550
10980.000	0.544
10990.000	0.546
11000.000	0.552
11010.000	0.554
11020.000	0.551
11030.000	0.549
11040.000	0.550
11050.000	0.548
11060.000	0.542
11070.000	0.538
11080.000	0.537
11090.000	0.545
11100.000	0.546
11110.000	0.551
11120.000	0.553
11130.000	0.553
11140.000	0.555
11150.000	0.556
11160.000	0.556
11170.000	0.560
11180.000	0.559
11190.000	0.558
11200.000	0.565
11210.000	0.567
11220.000	0.569
11230.000	0.570
11240.000	0.569
11250.000	0.583
11260.000	0.578
11270.000	0.580
11280.000	0.589
11290.000	0.588
11300.000	0.599
11310.000	0.611
11320.000	0.623
11330.000	0.636
11340.000	0.650
11350.000	0.673
11360.000	0.686
11370.000	0.702
11380.000	0.726
11390.000	0.731
11400.000	0.742
11410.000	0.747
11420.000	0.737
11430.000	0.728
11440.000	0.719
11450.000	0.698
11460.000	0.680
11470.000	0.671
11480.000	0.652
11490.000	0.634
11500.000	0.628
11510.000	0.620
11520.000	0.611
11530.000	0.604
11540.000	0.600
11550.000	0.592
11560.000	0.589
11570.000	0.582
11580.000	0.580
11590.000	0.579
11600.000	0.580
11610.000	0.584
11620.000	0.586
11630.000	0.594
11640.000	0.595
11650.000	0.606
11660.000	0.627
11670.000	0.650
11680.000	0.693
11690.000	0.725
11700.000	0.750
11710.000	0.789
11720.000	0.812
11730.000	0.833
11740.000	0.837
11750.000	0.849
11760.000	0.842
11770.000	0.817
11780.000	0.787
11790.000	0.753
11800.000	0.721
11810.000	0.697
11820.000	0.674
11830.000	0.658
11840.000	0.641
11850.000	0.630
11860.000	0.616
11870.000	0.613
11880.000	0.603
11890.000	0.604
11900.000	0.597
11910.000	0.593
11920.000	0.586
11930.000	0.579
11940.000	0.577
11950.000	0.574
11960.000	0.570
11970.000	0.570
11980.000	0.564
11990.000	0.562
12000.000	0.560
12010.000	0.565
12020.000	0.564
12030.000	0.560
12040.000	0.561
12050.000	0.556
12060.000	0.560
12070.000	0.564
12080.000	0.568
12090.000	0.569
12100.000	0.572
12110.000	0.576
12120.000	0.586
12130.000	0.593
12140.000	0.589
12150.000	0.596
12160.000	0.593
12170.000	0.592
12180.000	0.589
12190.000	0.588
12200.000	0.580
12210.000	0.580
12220.000	0.588
12230.000	0.585
12240.000	0.578
12250.000	0.579
12260.000	0.588
12270.000	0.599
12280.000	0.616
12290.000	0.633
12300.000	0.668
12310.000	0.700
12320.000	0.732
12330.000	0.761
12340.000	0.790
12350.000	0.842
12360.000	0.865
12370.000	0.878
12380.000	0.884
12390.000	0.876
12400.000	0.840
12410.000	0.822
12420.000	0.785
12430.000	0.755
12440.000	0.723
12450.000	0.699
12460.000	0.673
12470.000	0.658
12480.000	0.645
12490.000	0.629
12500.000	0.619
12510.000	0.608
12520.000	0.596
12530.000	0.591
12540.000	0.580
12550.000	0.575
12560.000	0.567
12570.000	0.565
12580.000	0.558
12590.000	0.552
12600.000	0.548
12610.000	0.547
12620.000	0.543
12630.000	0.538
12640.000	0.541
12650.000	0.537
12660.000	0.540
12670.000	0.542
12680.000	0.537
12690.000	0.537
12700.000	0.537
12710.000	0.538
12720.000	0.539
12730.000	0.540
12740.000	0.538
12750.000	0.538
12760.000	0.538
12770.000	0.535
12780.000	0.534
12790.000	0.531
12800.000	0.533
12810.000	0.533
12820.000	0.530
12830.000	0.528
12840.000	0.525
12850.000	0.524
12860.000	0.523
12870.000	0.524
12880.000	0.522
12890.000	0.523
12900.000	0.517
12910.000	0.516
12920.000	0.515
12930.000	0.517
12940.000	0.526
12950.000	0.535
12960.000	0.540
12970.000	0.547
12980.000	0.564
12990.000	0.571
13000.000	0.577
13010.000	0.591
13020.000	0.596
13030.000	0.599
13040.000	0.584
13050.000	0.579
13060.000	0.572
13070.000	0.565
13080.000	0.552
13090.000	0.544
13100.000	0.537
13110.000	0.540
13120.000	0.534
13130.000	0.532
13140.000	0.537
13150.000	0.533
13160.000	0.534
13170.000	0.536
13180.000	0.531
13190.000	0.532
13200.000	0.532
13210.000	0.536
13220.000	0.535
13230.000	0.538
13240.000	0.531
13250.000	0.533
13260.000	0.543
13270.000	0.563
13280.000	0.575
13290.000	0.589
13300.000	0.611
13310.000	0.626
13320.000	0.647
13330.000	0.690
13340.000	0.742
13350.000	0.801
13360.000	0.851
13370.000	0.913
13380.000	1.000
13390.000	1.059
13400.000	1.123
13410.000	1.145
13420.000	1.137
13430.000	1.098
13440.000	1.029
13450.000	0.937
13460.000	0.858
13470.000	0.809
13480.000	0.768
13490.000	0.744
13500.000	0.722
13510.000	0.709
13520.000	0.702
13530.000	0.704
13540.000	0.724
13550.000	0.747
13560.000	0.789
13570.000	0.858
13580.000	0.939
13590.000	1.020
13600.000	1.125
13610.000	1.173
13620.000	1.243
13630.000	1.236
13640.000	1.219
13650.000	1.171
13660.000	1.069
13670.000	0.984
13680.000	0.910
13690.000	0.842
13700.000	0.792
13710.000	0.754
13720.000	0.729
13730.000	0.706
13740.000	0.690
13750.000	0.671
13760.000	0.662
13770.000	0.654
13780.000	0.638
13790.000	0.625
13800.000	0.613
13810.000	0.608
13820.000	0.600
13830.000	0.595
13840.000	0.593
13850.000	0.587
13860.000	0.583
13870.000	0.576
13880.000	0.574
13890.000	0.575
13900.000	0.568
13910.000	0.561
13920.000	0.563
13930.000	0.561
13940.000	0.560
13950.000	0.561
13960.000	0.558
13970.000	0.557
13980.000	0.553
13990.000	0.552
14000.000	0.547
14010.000	0.545
14020.000	0.547
14030.000	0.548
14040.000	0.549
14050.000	0.546
14060.000	0.544
14070.000	0.547
14080.000	0.545
14090.000	0.547
14100.000	0.548
14110.000	0.546
14120.000	0.543
14130.000	0.541
14140.000	0.536
14150.000	0.532
14160.000	0.529
14170.000	0.530
14180.000	0.528
14190.000	0.526
14200.000	0.526
14210.000	0.521
14220.000	0.521
14230.000	0.520
14240.000	0.519
14250.000	0.517
14260.000	0.516
14270.000	0.514
14280.000	0.516
14290.000	0.512
14300.000	0.511
14310.000	0.510
14320.000	0.512
14330.000	0.510
14340.000	0.507
14350.000	0.502
14360.000	0.502
14370.000	0.505
14380.000	0.509
14390.000	0.508
14400.000	0.503
14410.000	0.505
14420.000	0.500
14430.000	0.500
14440.000	0.498
14450.000	0.501
14460.000	0.502
14470.000	0.499
14480.000	0.503
14490.000	0.501
14500.000	0.501
14510.000	0.505
14520.000	0.499
14530.000	0.497
14540.000	0.502
14550.000	0.504
14560.000	0.506
14570.000	0.503
14580.000	0.499
14590.000	0.502
14600.000	0.505
14610.000	0.505
14620.000	0.507
14630.000	0.505
14640.000	0.506
14650.000	0.507
14660.000	0.507
14670.000	0.510
14680.000	0.509
14690.000	0.505
14700.000	0.506
14710.000	0.508
14720.000	0.508
14730.000	0.511
14740.000	0.509
14750.000	0.509
14760.000	0.514
14770.000	0.511
14780.000	0.512
14790.000	0.513
14800.000	0.514
14810.000	0.520
14820.000	0.534
14830.000	0.549
14840.000	0.580
14850.000	0.604
14860.000	0.638
14870.000	0.664
14880.000	0.681
14890.000	0.686
14900.000	0.667
14910.000	0.638
14920.000	0.612
14930.000	0.595
14940.000	0.580
14950.000	0.571
14960.000	0.562
14970.000	0.554
14980.000	0.550
14990.000	0.549
15000.000	0.548
15010.000	0.546
15020.000	0.541
15030.000	0.538
15040.000	0.539
15050.000	0.547
15060.000	0.555
15070.000	0.573
15080.000	0.595
15090.000	0.616
15100.000	0.640
15110.000	0.676
15120.000	0.699
15130.000	0.699
15140.000	0.694
15150.000	0.674
15160.000	0.661
15170.000	0.667
15180.000	0.680
15190.000	0.733
15200.000	0.820
15210.000	0.930
15220.000	1.116
15230.000	1.362
15240.000	1.603
15250.000	1.758
15260.000	1.810
15270.000	1.687
15280.000	1.491
15290.000	1.272
15300.000	1.098
15310.000	0.990
15320.000	0.907
15330.000	0.844
15340.000	0.799
15350.000	0.769
15360.000	0.739
15370.000	0.715
15380.000	0.700
15390.000	0.680
15400.000	0.661
15410.000	0.652
15420.000	0.641
15430.000	0.631
15440.000	0.621
15450.000	0.619
15460.000	0.609
15470.000	0.602
15480.000	0.597
15490.000	0.591
15500.000	0.592
15510.000	0.592
15520.000	0.590
15530.000	0.590
15540.000	0.596
15550.000	0.596
15560.000	0.616
15570.000	0.651
15580.000	0.729
15590.000	0.827
15600.000	0.969
15610.000	1.141
15620.000	1.350
15630.000	1.500
15640.000	1.548
15650.000	1.508
15660.000	1.364
15670.000	1.202
15680.000	1.045
15690.000	0.942
15700.000	0.876
15710.000	0.824
15720.000	0.788
15730.000	0.761
15740.000	0.741
15750.000	0.722
15760.000	0.705
15770.000	0.682
15780.000	0.670
15790.000	0.656
15800.000	0.644
15810.000	0.632
15820.000	0.625
15830.000	0.619
15840.000	0.611
15850.000	0.607
15860.000	0.601
15870.000	0.602
15880.000	0.598
15890.000	0.596
15900.000	0.591
15910.000	0.584
15920.000	0.580
15930.000	0.575
15940.000	0.574
15950.000	0.566
15960.000	0.568
15970.000	0.561
15980.000	0.558
15990.000	0.557
16000.000	0.554
16010.000	0.551
16020.000	0.553
16030.000	0.551
16040.000	0.546
16050.000	0.549
16060.000	0.546
16070.000	0.541
16080.000	0.536
16090.000	0.534
16100.000	0.533
16110.000	0.535
16120.000	0.534
16130.000	0.532
16140.000	0.530
16150.000	0.530
16160.000	0.530
16170.000	0.528
16180.000	0.528
16190.000	0.528
16200.000	0.526
16210.000	0.522
16220.000	0.518
16230.000	0.518
16240.000	0.518
16250.000	0.521
16260.000	0.520
16270.000	0.519
16280.000	0.518
16290.000	0.513
16300.000	0.516
16310.000	0.516
16320.000	0.515
16330.000	0.511
16340.000	0.509
16350.000	0.512
16360.000	0.514
16370.000	0.511
16380.000	0.507
16390.000	0.507
16400.000	0.508
16410.000	0.509
16420.000	0.512
16430.000	0.515
16440.000	0.511
16450.000	0.510
16460.000	0.508
16470.000	0.509
16480.000	0.512
16490.000	0.515
16500.000	0.514
16510.000	0.513
16520.000	0.513
16530.000	0.512
16540.000	0.512
16550.000	0.511
16560.000	0.508
16570.000	0.507
16580.000	0.512
16590.000	0.508
16600.000	0.507
16610.000	0.508
16620.000	0.512
16630.000	0.507
16640.000	0.507
16650.000	0.509
16660.000	0.509
16670.000	0.511
16680.000	0.513
16690.000	0.508
16700.000	0.508
16710.000	0.508
16720.000	0.505
16730.000	0.504
16740.000	0.505
16750.000	0.506
16760.000	0.508
16770.000	0.506
16780.000	0.505
16790.000	0.507
16800.000	0.505
16810.000	0.504
16820.000	0.504
16830.000	0.504
16840.000	0.503
16850.000	0.508
16860.000	0.515
16870.000	0.527
16880.000	0.560
16890.000	0.601
16900.000	0.648
16910.000	0.714
16920.000	0.772
16930.000	0.816
16940.000	0.823
16950.000	0.760
16960.000	0.710
16970.000	0.665
16980.000	0.632
16990.000	0.608
17000.000	0.598
17010.000	0.588
17020.000	0.580
17030.000	0.566
17040.000	0.562
17050.000	0.557
17060.000	0.552
17070.000	0.548
17080.000	0.541
17090.000	0.539
17100.000	0.538
17110.000	0.539
17120.000	0.535
17130.000	0.534
17140.000	0.534
17150.000	0.531
17160.000	0.528
17170.000	0.524
17180.000	0.518
17190.000	0.522
17200.000	0.523
17210.000	0.518
17220.000	0.515
17230.000	0.516
17240.000	0.521
17250.000	0.518
17260.000	0.515
17270.000	0.523
17280.000	0.526
17290.000	0.527
17300.000	0.527
17310.000	0.526
17320.000	0.530
17330.000	0.544
17340.000	0.561
17350.000	0.579
17360.000	0.615
17370.000	0.696
17380.000	0.846
17390.000	1.104
17400.000	1.465
17410.000	1.972
17420.000	2.424
17430.000	2.650
17440.000	2.560
17450.000	2.171
17460.000	1.736
17470.000	1.413
17480.000	1.200
17490.000	1.069
17500.000	0.984
17510.000	0.915
17520.000	0.866
17530.000	0.827
17540.000	0.800
17550.000	0.779
17560.000	0.755
17570.000	0.733
17580.000	0.727
17590.000	0.707
17600.000	0.694
17610.000	0.685
17620.000	0.674
17630.000	0.666
17640.000	0.655
17650.000	0.642
17660.000	0.637
17670.000	0.630
17680.000	0.626
17690.000	0.617
17700.000	0.612
17710.000	0.608
17720.000	0.604
17730.000	0.599
17740.000	0.590
17750.000	0.588
17760.000	0.591
17770.000	0.588
17780.000	0.582
17790.000	0.585
17800.000	0.599
17810.000	0.625
17820.000	0.689
17830.000	0.741
17840.000	0.794
17850.000	0.815
17860.000	0.780
17870.000	0.717
17880.000	0.670
17890.000	0.643
17900.000	0.629
17910.000	0.620
17920.000	0.623
17930.000	0.637
17940.000	0.668
17950.000	0.732
17960.000	0.803
17970.000	0.867
17980.000	0.901
17990.000	0.855
18000.000	0.790
18010.000	0.735
18020.000	0.696
18030.000	0.667
18040.000	0.647
18050.000	0.633
18060.000	0.619
18070.000	0.609
18080.000	0.604
18090.000	0.597
18100.000	0.589
18110.000	0.585
18120.000	0.582
18130.000	0.580
18140.000	0.573
18150.000	0.565
18160.000	0.563
18170.000	0.563
18180.000	0.560
18190.000	0.558
18200.000	0.557
18210.000	0.559
18220.000	0.555
18230.000	0.556
18240.000	0.556
18250.000	0.552
18260.000	0.547
18270.000	0.548
18280.000	0.554
18290.000	0.542
18300.000	0.539
18310.000	0.541
18320.000	0.539
18330.000	0.537
18340.000	0.538
18350.000	0.539
18360.000	0.539
18370.000	0.533
18380.000	0.531
18390.000	0.528
18400.000	0.525
18410.000	0.526
18420.000	0.524
18430.000	0.526
18440.000	0.526
18450.000	0.524
18460.000	0.527
18470.000	0.522
18480.000	0.519
18490.000	0.520
18500.000	0.521
18510.000	0.518
18520.000	0.523
18530.000	0.522
18540.000	0.522
18550.000	0.526
18560.000	0.528
18570.000	0.531
18580.000	0.545
18590.000	0.554
18600.000	0.551
18610.000	0.567
18620.000	0.602
18630.000	0.677
18640.000	0.890
18650.000	1.373
18660.000	1.954
18670.000	2.504
18680.000	2.690
18690.000	2.322
18700.000	1.777
18710.000	1.351
18720.000	1.118
18730.000	0.975
18740.000	0.897
18750.000	0.859
18760.000	0.828
18770.000	0.797
18780.000	0.779
18790.000	0.758
18800.000	0.742
18810.000	0.729
18820.000	0.718
18830.000	0.699
18840.000	0.686
18850.000	0.679
18860.000	0.668
18870.000	0.661
18880.000	0.652
18890.000	0.645
18900.000	0.643
18910.000	0.636
18920.000	0.633
18930.000	0.628
18940.000	0.622
18950.000	0.615
18960.000	0.612
18970.000	0.610
18980.000	0.606
18990.000	0.603
19000.000	0.596
19010.000	0.589
19020.000	0.586
19030.000	0.580
19040.000	0.579
19050.000	0.577
19060.000	0.574
19070.000	0.569
19080.000	0.570
19090.000	0.567
19100.000	0.563
19110.000	0.559
19120.000	0.556
19130.000	0.552
19140.000	0.550
19150.000	0.548
19160.000	0.548
19170.000	0.545
19180.000	0.545
19190.000	0.545
19200.000	0.544
19210.000	0.541
19220.000	0.538
19230.000	0.539
19240.000	0.539
19250.000	0.538
19260.000	0.538
19270.000	0.537
19280.000	0.535
19290.000	0.539
19300.000	0.533
19310.000	0.532
19320.000	0.533
19330.000	0.531
19340.000	0.532
19350.000	0.529
19360.000	0.529
19370.000	0.531
19380.000	0.530
19390.000	0.524
19400.000	0.524
19410.000	0.522
19420.000	0.524
19430.000	0.526
19440.000	0.525
19450.000	0.522
19460.000	0.520
19470.000	0.523
19480.000	0.521
19490.000	0.517
19500.000	0.516
19510.000	0.520
19520.000	0.519
19530.000	0.519
19540.000	0.515
19550.000	0.515
19560.000	0.514
19570.000	0.515
19580.000	0.515
19590.000	0.515
19600.000	0.514
19610.000	0.513
19620.000	0.514
19630.000	0.520
19640.000	0.519
19650.000	0.524
19660.000	0.534
19670.000	0.553
19680.000	0.587
19690.000	0.648
19700.000	0.787
19710.000	0.956
19720.000	1.090
19730.000	1.069
19740.000	0.956
19750.000	0.833
19760.000	0.754
19770.000	0.711
19780.000	0.677
19790.000	0.650
19800.000	0.632
19810.000	0.621
19820.000	0.612
19830.000	0.605
19840.000	0.597
19850.000	0.595
19860.000	0.588
19870.000	0.579
19880.000	0.574
19890.000	0.565
19900.000	0.558
19910.000	0.555
19920.000	0.552
19930.000	0.552
19940.000	0.554
19950.000	0.551
19960.000	0.548
19970.000	0.544
19980.000	0.543
19990.000	0.539
20000.000	0.537
20010.000	0.532
20020.000	0.533
20030.000	0.535
20040.000	0.534
20050.000	0.533
20060.000	0.529
20070.000	0.530
20080.000	0.529
20090.000	0.527
20100.000	0.525
20110.000	0.522
20120.000	0.524
20130.000	0.521
20140.000	0.520
20150.000	0.518
20160.000	0.521
20170.000	0.519
20180.000	0.515
20190.000	0.513
20200.000	0.518
20210.000	0.517
20220.000	0.515
20230.000	0.518
20240.000	0.522
20250.000	0.523
20260.000	0.523
20270.000	0.525
20280.000	0.527
20290.000	0.532
20300.000	0.535
20310.000	0.541
20320.000	0.548
20330.000	0.561
20340.000	0.578
20350.000	0.659
20360.000	0.824
20370.000	1.221
20380.000	2.106
20390.000	3.302
20400.000	4.197
20410.000	4.019
20420.000	3.140
20430.000	2.214
20440.000	1.612
20450.000	1.293
20460.000	1.123
20470.000	1.014
20480.000	0.947
20490.000	0.889
20500.000	0.845
20510.000	0.819
20520.000	0.795
20530.000	0.772
20540.000	0.749
20550.000	0.730
20560.000	0.715
20570.000	0.705
20580.000	0.695
20590.000	0.687
20600.000	0.675
20610.000	0.667
20620.000	0.662
20630.000	0.657
20640.000	0.653
20650.000	0.643
20660.000	0.634
20670.000	0.632
20680.000	0.626
20690.000	0.622
20700.000	0.617
20710.000	0.616
20720.000	0.611
20730.000	0.606
20740.000	0.600
20750.000	0.595
20760.000	0.590
20770.000	0.584
20780.000	0.583
20790.000	0.582
20800.000	0.581
20810.000	0.579
20820.000	0.576
20830.000	0.572
20840.000	0.570
20850.000	0.566
20860.000	0.567
20870.000	0.567
20880.000	0.566
20890.000	0.562
20900.000	0.560
20910.000	0.556
20920.000	0.557
20930.000	0.552
20940.000	0.549
20950.000	0.548
20960.000	0.545
20970.000	0.547
20980.000	0.545
20990.000	0.544
21000.000	0.539
21010.000	0.536
21020.000	0.533
21030.000	0.533
21040.000	0.535
21050.000	0.533
21060.000	0.531
21070.000	0.530
21080.000	0.532
21090.000	0.534
21100.000	0.532
21110.000	0.532
21120.000	0.530
21130.000	0.526
21140.000	0.526
21150.000	0.528
21160.000	0.529
21170.000	0.525
21180.000	0.524
21190.000	0.521
21200.000	0.520
21210.000	0.516
21220.000	0.516
21230.000	0.519
21240.000	0.518
21250.000	0.518
21260.000	0.516
21270.000	0.513
21280.000	0.513
21290.000	0.511
21300.000	0.509
21310.000	0.510
21320.000	0.513
21330.000	0.516
21340.000	0.513
21350.000	0.511
21360.000	0.509
21370.000	0.508
21380.000	0.506
21390.000	0.509
21400.000	0.508
21410.000	0.505
21420.000	0.505
21430.000	0.504
21440.000	0.506
21450.000	0.507
21460.000	0.505
21470.000	0.505
21480.000	0.504
21490.000	0.499
21500.000	0.503
21510.000	0.506
21520.000	0.508
21530.000	0.508
21540.000	0.507
21550.000	0.505
21560.000	0.503
21570.000	0.504
21580.000	0.506
21590.000	0.508
21600.000	0.506
21610.000	0.509
21620.000	0.505
21630.000	0.503
21640.000	0.504
21650.000	0.506
21660.000	0.502
21670.000	0.499
21680.000	0.500
21690.000	0.500
21700.000	0.500
21710.000	0.499
21720.000	0.499
21730.000	0.499
21740.000	0.500
21750.000	0.505
21760.000	0.503
21770.000	0.498
21780.000	0.500
21790.000	0.501
21800.000	0.502
21810.000	0.502
21820.000	0.499
21830.000	0.501
21840.000	0.495
21850.000	0.499
21860.000	0.497
21870.000	0.497
21880.000	0.496
21890.000	0.497
21900.000	0.495
21910.000	0.497
21920.000	0.499
21930.000	0.506
21940.000	0.514
21950.000	0.534
21960.000	0.605
21970.000	0.747
21980.000	0.894
21990.000	1.010
22000.000	1.016
22010.000	0.908
22020.000	0.794
22030.000	0.718
22040.000	0.675
22050.000	0.645
22060.000	0.625
22070.000	0.609
22080.000	0.594
22090.000	0.579
22100.000	0.571
22110.000	0.562
22120.000	0.559
22130.000	0.555
22140.000	0.550
22150.000	0.545
22160.000	0.539
22170.000	0.535
22180.000	0.533
22190.000	0.534
22200.000	0.534
22210.000	0.528
22220.000	0.527
22230.000	0.524
22240.000	0.519
22250.000	0.518
22260.000	0.517
22270.000	0.514
22280.000	0.514
22290.000	0.518
22300.000	0.517
22310.000	0.516
22320.000	0.512
22330.000	0.510
22340.000	0.505
22350.000	0.506
22360.000	0.509
22370.000	0.507
22380.000	0.506
22390.000	0.505
22400.000	0.508
22410.000	0.506
22420.000	0.509
22430.000	0.507
22440.000	0.508
22450.000	0.505
22460.000	0.505
22470.000	0.507
22480.000	0.502
22490.000	0.502
22500.000	0.497
22510.000	0.498
22520.000	0.496
22530.000	0.495
22540.000	0.496
22550.000	0.495
22560.000	0.495
22570.000	0.497
22580.000	0.497
22590.000	0.500
22600.000	0.500
22610.000	0.495
22620.000	0.492
22630.000	0.493
22640.000	0.491
22650.000	0.493
22660.000	0.496
22670.000	0.496
22680.000	0.497
22690.000	0.498
22700.000	0.498
22710.000	0.495
22720.000	0.495
22730.000	0.494
22740.000	0.492
22750.000	0.493
22760.000	0.497
22770.000	0.496
22780.000	0.494
22790.000	0.493
22800.000	0.488
22810.000	0.493
22820.000	0.496
22830.000	0.496
22840.000	0.496
22850.000	0.493
22860.000	0.499
22870.000	0.500
22880.000	0.500
22890.000	0.507
22900.000	0.519
22910.000	0.536
22920.000	0.585
22930.000	0.713
22940.000	0.989
22950.000	1.588
22960.000	2.458
22970.000	3.148
22980.000	3.275
22990.000	2.771
23000.000	2.050
23010.000	1.588
23020.000	1.289
23030.000	1.129
23040.000	1.018
23050.000	0.944
23060.000	0.888
23070.000	0.843
23080.000	0.809
23090.000	0.783
23100.000	0.759
23110.000	0.734
23120.000	0.724
23130.000	0.702
23140.000	0.685
23150.000	0.671
23160.000	0.657
23170.000	0.643
23180.000	0.633
23190.000	0.626
23200.000	0.620
23210.000	0.611
23220.000	0.606
23230.000	0.597
23240.000	0.591
23250.000	0.589
23260.000	0.582
23270.000	0.578
23280.000	0.575
23290.000	0.570
23300.000	0.569
23310.000	0.564
23320.000	0.562
23330.000	0.556
23340.000	0.554
23350.000	0.555
23360.000	0.551
23370.000	0.551
23380.000	0.549
23390.000	0.546
23400.000	0.539
23410.000	0.539
23420.000	0.538
23430.000	0.541
23440.000	0.539
23450.000	0.536
23460.000	0.537
23470.000	0.535
23480.000	0.531
23490.000	0.528
23500.000	0.528
23510.000	0.526
23520.000	0.526
23530.000	0.523
23540.000	0.525
23550.000	0.526
23560.000	0.524
23570.000	0.527
23580.000	0.537
23590.000	0.539
23600.000	0.570
23610.000	0.639
23620.000	0.801
23630.000	1.051
23640.000	1.272
23650.000	1.361
23660.000	1.253
23670.000	1.057
23680.000	0.910
23690.000	0.815
23700.000	0.753
23710.000	0.714
23720.000	0.691
23730.000	0.671
23740.000	0.653
23750.000	0.639
23760.000	0.625
23770.000	0.613
23780.000	0.607
23790.000	0.610
23800.000	0.601
23810.000	0.589
23820.000	0.582
23830.000	0.576
23840.000	0.572
23850.000	0.569
23860.000	0.567
23870.000	0.562
23880.000	0.556
23890.000	0.553
23900.000	0.553
23910.000	0.549
23920.000	0.546
23930.000	0.543
23940.000	0.545
23950.000	0.541
23960.000	0.536
23970.000	0.535
23980.000	0.533
23990.000	0.531
24000.000	0.532
24010.000	0.530
24020.000	0.531
24030.000	0.529
24040.000	0.526
24050.000	0.527
24060.000	0.525
24070.000	0.524
24080.000	0.523
24090.000	0.518
24100.000	0.516
24110.000	0.518
24120.000	0.517
24130.000	0.518
24140.000	0.514
24150.000	0.512
24160.000	0.510
24170.000	0.509
24180.000	0.509
24190.000	0.515
24200.000	0.511
24210.000	0.511
24220.000	0.510
24230.000	0.509
24240.000	0.509
24250.000	0.507
24260.000	0.507
24270.000	0.508
24280.000	0.510
24290.000	0.504
24300.000	0.503
24310.000	0.502
24320.000	0.504
24330.000	0.508
24340.000	0.508
24350.000	0.507
24360.000	0.509
24370.000	0.506
24380.000	0.505
24390.000	0.502
24400.000	0.500
24410.000	0.502
24420.000	0.504
24430.000	0.505
24440.000	0.504
24450.000	0.508
24460.000	0.511
24470.000	0.509
24480.000	0.507
24490.000	0.510
24500.000	0.523
24510.000	0.532
24520.000	0.551
24530.000	0.576
24540.000	0.627
24550.000	0.810
24560.000	1.207
24570.000	1.985
24580.000	3.129
24590.000	4.257
24600.000	4.870
24610.000	4.413
24620.000	3.246
24630.000	2.172
24640.000	1.560
24650.000	1.275
24660.000	1.105
24670.000	1.012
24680.000	0.939
24690.000	0.885
24700.000	0.849
24710.000	0.823
24720.000	0.799
24730.000	0.774
24740.000	0.757
24750.000	0.740
24760.000	0.730
24770.000	0.722
24780.000	0.710
24790.000	0.695
24800.000	0.684
24810.000	0.675
24820.000	0.670
24830.000	0.666
24840.000	0.653
24850.000	0.644
24860.000	0.640
24870.000	0.633
24880.000	0.626
24890.000	0.626
24900.000	0.619
24910.000	0.614
24920.000	0.610
24930.000	0.603
24940.000	0.601
24950.000	0.599
24960.000	0.597
24970.000	0.593
24980.000	0.589
24990.000	0.585
25000.000	0.581
25010.000	0.577
25020.000	0.573
25030.000	0.573
25040.000	0.571
25050.000	0.567
25060.000	0.563
25070.000	0.560
25080.000	0.561
25090.000	0.562
25100.000	0.556
25110.000	0.555
25120.000	0.552
25130.000	0.548
25140.000	0.549
25150.000	0.547
25160.000	0.547
25170.000	0.545
25180.000	0.547
25190.000	0.543
25200.000	0.542
25210.000	0.538
25220.000	0.544
25230.000	0.543
25240.000	0.538
25250.000	0.535
25260.000	0.533
25270.000	0.530
25280.000	0.532
25290.000	0.531
25300.000	0.528
25310.000	0.524
25320.000	0.523
25330.000	0.527
25340.000	0.529
25350.000	0.530
25360.000	0.525
25370.000	0.524
25380.000	0.529
25390.000	0.527
25400.000	0.522
25410.000	0.521
25420.000	0.522
25430.000	0.516
25440.000	0.512
25450.000	0.511
25460.000	0.508
25470.000	0.506
25480.000	0.507
25490.000	0.507
25500.000	0.508
25510.000	0.505
25520.000	0.505
25530.000	0.503
25540.000	0.502
25550.000	0.504
25560.000	0.502
25570.000	0.500
25580.000	0.499
25590.000	0.502
25600.000	0.504
25610.000	0.499
25620.000	0.496
25630.000	0.495
25640.000	0.494
25650.000	0.497
25660.000	0.494
25670.000	0.501
25680.000	0.499
25690.000	0.498
25700.000	0.495
25710.000	0.494
25720.000	0.492
25730.000	0.495
25740.000	0.495
25750.000	0.492
25760.000	0.491
25770.000	0.493
25780.000	0.491
25790.000	0.490
25800.000	0.487
25810.000	0.489
25820.000	0.492
25830.000	0.492
25840.000	0.493
25850.000	0.491
25860.000	0.487
25870.000	0.486
25880.000	0.485
25890.000	0.486
25900.000	0.487
25910.000	0.491
25920.000	0.488
25930.000	0.489
25940.000	0.488
25950.000	0.486
25960.000	0.485
25970.000	0.481
25980.000	0.483
25990.000	0.483
26000.000	0.486
26010.000	0.489
26020.000	0.489
26030.000	0.486
26040.000	0.485
26050.000	0.483
26060.000	0.482
26070.000	0.484
26080.000	0.484
26090.000	0.485
26100.000	0.486
26110.000	0.482
26120.000	0.481
26130.000	0.479
26140.000	0.479
26150.000	0.479
26160.000	0.480
26170.000	0.483
26180.000	0.484
26190.000	0.482
26200.000	0.484
26210.000	0.483
26220.000	0.481
26230.000	0.479
26240.000	0.482
26250.000	0.483
26260.000	0.483
26270.000	0.483
26280.000	0.482
26290.000	0.479
26300.000	0.478
26310.000	0.479
26320.000	0.476
26330.000	0.473
26340.000	0.474
26350.000	0.475
26360.000	0.477
26370.000	0.480
26380.000	0.481
26390.000	0.477
26400.000	0.475
26410.000	0.474
26420.000	0.477
26430.000	0.478
26440.000	0.478
26450.000	0.475
26460.000	0.474
26470.000	0.480
26480.000	0.480
26490.000	0.478
26500.000	0.478
26510.000	0.480
26520.000	0.480
26530.000	0.480
26540.000	0.475
26550.000	0.474
26560.000	0.477
26570.000	0.477
26580.000	0.476
26590.000	0.474
26600.000	0.472
26610.000	0.473
26620.000	0.472
26630.000	0.474
26640.000	0.476
26650.000	0.476
26660.000	0.475
26670.000	0.476
26680.000	0.476
26690.000	0.477
26700.000	0.478
26710.000	0.477
26720.000	0.474
26730.000	0.472
26740.000	0.470
26750.000	0.468
26760.000	0.474
26770.000	0.471
26780.000	0.475
26790.000	0.474
26800.000	0.471
26810.000	0.471
26820.000	0.472
26830.000	0.471
26840.000	0.473
26850.000	0.475
26860.000	0.474
26870.000	0.476
26880.000	0.474
26890.000	0.473
26900.000	0.470
26910.000	0.471
26920.000	0.472
26930.000	0.474
26940.000	0.471
26950.000	0.468
26960.000	0.467
26970.000	0.467
26980.000	0.473
26990.000	0.474
27000.000	0.473
27010.000	0.470
27020.000	0.468
27030.000	0.468
27040.000	0.469
27050.000	0.472
27060.000	0.470
27070.000	0.468
27080.000	0.467
27090.000	0.470
27100.000	0.470
27110.000	0.471
27120.000	0.469
27130.000	0.469
27140.000	0.468
27150.000	0.468
27160.000	0.468
27170.000	0.470
27180.000	0.469
27190.000	0.469
27200.000	0.470
27210.000	0.470
27220.000	0.470
27230.000	0.466
27240.000	0.465
27250.000	0.462
27260.000	0.463
27270.000	0.468
27280.000	0.471
27290.000	0.470
27300.000	0.471
27310.000	0.472
27320.000	0.470
27330.000	0.466
27340.000	0.465
27350.000	0.466
27360.000	0.468
27370.000	0.467
27380.000	0.464
27390.000	0.463
27400.000	0.463
27410.000	0.462
27420.000	0.466
27430.000	0.465
27440.000	0.468
27450.000	0.463
27460.000	0.461
27470.000	0.458
27480.000	0.458
27490.000	0.458
27500.000	0.460
27510.000	0.464
27520.000	0.463
27530.000	0.465
27540.000	0.463
27550.000	0.463
27560.000	0.464
27570.000	0.462
27580.000	0.462
27590.000	0.460
27600.000	0.460
27610.000	0.462
27620.000	0.464
27630.000	0.465
27640.000	0.469
27650.000	0.471
27660.000	0.470
27670.000	0.468
27680.000	0.463
27690.000	0.463
27700.000	0.464
27710.000	0.469
27720.000	0.472
27730.000	0.472
27740.000	0.474
27750.000	0.475
27760.000	0.489
27770.000	0.518
27780.000	0.550
27790.000	0.613
27800.000	0.723
27810.000	0.837
27820.000	0.957
27830.000	1.024
27840.000	0.988
27850.000	0.864
27860.000	0.763
27870.000	0.696
27880.000	0.650
27890.000	0.624
27900.000	0.606
27910.000	0.587
27920.000	0.574
27930.000	0.568
27940.000	0.561
27950.000	0.553
27960.000	0.548
27970.000	0.541
27980.000	0.539
27990.000	0.534
28000.000	0.525
28010.000	0.525
28020.000	0.520
28030.000	0.516
28040.000	0.511
28050.000	0.509
28060.000	0.507
28070.000	0.508
28080.000	0.507
28090.000	0.506
28100.000	0.505
28110.000	0.502
28120.000	0.500
28130.000	0.501
28140.000	0.502
28150.000	0.498
28160.000	0.497
28170.000	0.496
28180.000	0.494
28190.000	0.497
28200.000	0.496
28210.000	0.493
28220.000	0.489
28230.000	0.485
28240.000	0.486
28250.000	0.485
28260.000	0.485
28270.000	0.482
28280.000	0.483
28290.000	0.481
28300.000	0.481
28310.000	0.488
28320.000	0.485
28330.000	0.482
28340.000	0.481
28350.000	0.479
28360.000	0.476
28370.000	0.477
28380.000	0.492
28390.000	0.485
28400.000	0.483
28410.000	0.482
28420.000	0.481
28430.000	0.480
28440.000	0.481
28450.000	0.480
28460.000	0.479
28470.000	0.478
28480.000	0.478
28490.000	0.477
28500.000	0.475
28510.000	0.474
28520.000	0.476
28530.000	0.474
28540.000	0.474
28550.000	0.473
28560.000	0.472
28570.000	0.472
28580.000	0.470
28590.000	0.470
28600.000	0.470
28610.000	0.470
28620.000	0.477
28630.000	0.474
28640.000	0.475
28650.000	0.473
28660.000	0.470
28670.000	0.467
28680.000	0.467
28690.000	0.468
28700.000	0.467
28710.000	0.465
28720.000	0.469
28730.000	0.469
28740.000	0.472
28750.000	0.468
28760.000	0.469
28770.000	0.469
28780.000	0.468
28790.000	0.469
28800.000	0.467
28810.000	0.466
28820.000	0.464
28830.000	0.465
28840.000	0.468
28850.000	0.469
28860.000	0.469
28870.000	0.468
28880.000	0.468
28890.000	0.468
28900.000	0.466
28910.000	0.468
28920.000	0.468
28930.000	0.470
28940.000	0.471
28950.000	0.473
28960.000	0.473
28970.000	0.470
28980.000	0.468
28990.000	0.470
29000.000	0.473
29010.000	0.474
29020.000	0.473
29030.000	0.465
29040.000	0.465
29050.000	0.474
29060.000	0.475
29070.000	0.472
29080.000	0.471
29090.000	0.472
29100.000	0.473
29110.000	0.476
29120.000	0.483
29130.000	0.492
29140.000	0.502
29150.000	0.547
29160.000	0.623
29170.000	0.733
29180.000	0.907
29190.000	1.171
29200.000	1.507
29210.000	1.919
29220.000	2.357
29230.000	2.704
29240.000	2.674
29250.000	2.342
29260.000	1.849
29270.000	1.474
29280.000	1.260
29290.000	1.148
29300.000	1.090
29310.000	1.089
29320.000	1.141
29330.000	1.237
29340.000	1.349
29350.000	1.430
29360.000	1.435
29370.000	1.322
29380.000	1.144
29390.000	1.010
29400.000	0.921
29410.000	0.854
29420.000	0.806
29430.000	0.777
29440.000	0.755
29450.000	0.735
29460.000	0.715
29470.000	0.698
29480.000	0.684
29490.000	0.673
29500.000	0.664
29510.000	0.657
29520.000	0.645
29530.000	0.637
29540.000	0.634
29550.000	0.631
29560.000	0.625
29570.000	0.617
29580.000	0.610
29590.000	0.605
29600.000	0.602
29610.000	0.598
29620.000	0.591
29630.000	0.584
29640.000	0.578
29650.000	0.574
29660.000	0.573
29670.000	0.570
29680.000	0.571
29690.000	0.567
29700.000	0.561
29710.000	0.560
29720.000	0.556
29730.000	0.556
29740.000	0.554
29750.000	0.551
29760.000	0.544
29770.000	0.546
29780.000	0.545
29790.000	0.543
29800.000	0.539
29810.000	0.535
29820.000	0.531
29830.000	0.530
29840.000	0.530
29850.000	0.531
29860.000	0.529
29870.000	0.523
29880.000	0.523
29890.000	0.523
29900.000	0.521
29910.000	0.519
29920.000	0.519
29930.000	0.517
29940.000	0.516
29950.000	0.513
29960.000	0.512
29970.000	0.513
29980.000	0.514
29990.000	0.511
30000.000	0.508
30010.000	0.508
30020.000	0.505
30030.000	0.503
30040.000	0.502
30050.000	0.502
30060.000	0.503
30070.000	0.508
30080.000	0.507
30090.000	0.505
30100.000	0.503
30110.000	0.506
30120.000	0.504
30130.000	0.504
30140.000	0.499
30150.000	0.497
30160.000	0.496
30170.000	0.495
30180.000	0.493
30190.000	0.492
30200.000	0.495
30210.000	0.495
30220.000	0.499
30230.000	0.499
30240.000	0.497
30250.000	0.492
30260.000	0.492
30270.000	0.493
30280.000	0.493
30290.000	0.494
30300.000	0.495
30310.000	0.494
30320.000	0.489
30330.000	0.487
30340.000	0.488
30350.000	0.488
30360.000	0.485
30370.000	0.485
30380.000	0.488
30390.000	0.490
30400.000	0.488
30410.000	0.488
30420.000	0.490
30430.000	0.488
30440.000	0.486
30450.000	0.490
30460.000	0.490
30470.000	0.491
30480.000	0.490
30490.000	0.488
30500.000	0.488
30510.000	0.487
30520.000	0.487
30530.000	0.486
30540.000	0.489
30550.000	0.491
30560.000	0.490
30570.000	0.493
30580.000	0.495
30590.000	0.503
30600.000	0.509
30610.000	0.521
30620.000	0.551
30630.000	0.604
30640.000	0.699
30650.000	0.868
30660.000	1.106
30670.000	1.424
30680.000	1.785
30690.000	2.272
30700.000	2.772
30710.000	3.298
30720.000	3.622
30730.000	3.515
30740.000	2.944
30750.000	2.255
30760.000	1.722
30770.000	1.405
30780.000	1.213
30790.000	1.090
30800.000	1.008
30810.000	0.951
30820.000	0.904
30830.000	0.869
30840.000	0.841
30850.000	0.815
30860.000	0.792
30870.000	0.773
30880.000	0.751
30890.000	0.735
30900.000	0.723
30910.000	0.714
30920.000	0.703
30930.000	0.691
30940.000	0.678
30950.000	0.666
30960.000	0.657
30970.000	0.649
30980.000	0.644
30990.000	0.640
31000.000	0.636
31010.000	0.631
31020.000	0.627
31030.000	0.620
31040.000	0.616
31050.000	0.610
31060.000	0.603
31070.000	0.599
31080.000	0.595
31090.000	0.589
31100.000	0.584
31110.000	0.583
31120.000	0.581
31130.000	0.578
31140.000	0.577
31150.000	0.573
31160.000	0.570
31170.000	0.568
31180.000	0.565
31190.000	0.560
31200.000	0.555
31210.000	0.555
31220.000	0.557
31230.000	0.555
31240.000	0.552
31250.000	0.549
31260.000	0.549
31270.000	0.546
31280.000	0.540
31290.000	0.539
31300.000	0.537
31310.000	0.534
31320.000	0.531
31330.000	0.530
31340.000	0.529
31350.000	0.527
31360.000	0.523
31370.000	0.522
31380.000	0.523
31390.000	0.523
31400.000	0.524
31410.000	0.524
31420.000	0.520
31430.000	0.518
31440.000	0.514
31450.000	0.514
31460.000	0.513
31470.000	0.511
31480.000	0.513
31490.000	0.515
31500.000	0.512
31510.000	0.511
31520.000	0.512
31530.000	0.514
31540.000	0.511
31550.000	0.506
31560.000	0.504
31570.000	0.504
31580.000	0.503
31590.000	0.501
31600.000	0.500
31610.000	0.501
31620.000	0.500
31630.000	0.499
31640.000	0.502
31650.000	0.501
31660.000	0.502
31670.000	0.500
31680.000	0.499
31690.000	0.497
31700.000	0.496
31710.000	0.494
31720.000	0.494
31730.000	0.496
31740.000	0.496
31750.000	0.497
31760.000	0.497
31770.000	0.494
31780.000	0.492
31790.000	0.490
31800.000	0.490
31810.000	0.491
31820.000	0.491
31830.000	0.486
31840.000	0.487
31850.000	0.487
31860.000	0.483
31870.000	0.483
31880.000	0.485
31890.000	0.486
31900.000	0.486
31910.000	0.484
31920.000	0.481
31930.000	0.480
31940.000	0.482
31950.000	0.484
31960.000	0.481
31970.000	0.482
31980.000	0.483
31990.000	0.484
32000.000	0.485
32010.000	0.482
32020.000	0.478
32030.000	0.478
32040.000	0.478
32050.000	0.482
32060.000	0.483
32070.000	0.480
32080.000	0.478
32090.000	0.475
32100.000	0.476
32110.000	0.477
32120.000	0.476
32130.000	0.479
32140.000	0.478
32150.000	0.475
32160.000	0.475
32170.000	0.474
32180.000	0.475
32190.000	0.477
32200.000	0.475
32210.000	0.474
32220.000	0.472
32230.000	0.472
32240.000	0.473
32250.000	0.477
32260.000	0.479
32270.000	0.477
32280.000	0.477
32290.000	0.473
32300.000	0.476
32310.000	0.477
32320.000	0.473
32330.000	0.470
32340.000	0.470
32350.000	0.472
32360.000	0.474
32370.000	0.472
32380.000	0.469
32390.000	0.471
32400.000	0.471
32410.000	0.469
32420.000	0.467
32430.000	0.466
32440.000	0.470
32450.000	0.472
32460.000	0.469
32470.000	0.465
32480.000	0.465
32490.000	0.468
32500.000	0.469
32510.000	0.468
32520.000	0.468
32530.000	0.469
32540.000	0.470
32550.000	0.466
32560.000	0.464
32570.000	0.467
32580.000	0.470
32590.000	0.468
32600.000	0.467
32610.000	0.465
32620.000	0.465
32630.000	0.467
32640.000	0.485
32650.000	0.478
32660.000	0.474
32670.000	0.473
32680.000	0.470
32690.000	0.473
32700.000	0.473
32710.000	0.470
32720.000	0.469
32730.000	0.471
32740.000	0.467
32750.000	0.466
32760.000	0.467
32770.000	0.468
32780.000	0.469
32790.000	0.469
32800.000	0.468
32810.000	0.464
32820.000	0.463
32830.000	0.464
32840.000	0.463
32850.000	0.463
32860.000	0.466
32870.000	0.466
32880.000	0.467
32890.000	0.467
32900.000	0.465
32910.000	0.465
32920.000	0.468
32930.000	0.469
32940.000	0.466
32950.000	0.466
32960.000	0.465
32970.000	0.467
32980.000	0.469
32990.000	0.464
33000.000	0.462
33010.000	0.460
33020.000	0.465
33030.000	0.466
33040.000	0.466
33050.000	0.465
33060.000	0.463
33070.000	0.460
33080.000	0.461
33090.000	0.461
33100.000	0.463
33110.000	0.463
33120.000	0.461
33130.000	0.459
33140.000	0.457
33150.000	0.457
33160.000	0.457
33170.000	0.460
33180.000	0.461
33190.000	0.461
33200.000	0.461
33210.000	0.459
33220.000	0.457
33230.000	0.459
33240.000	0.458
33250.000	0.461
33260.000	0.462
33270.000	0.461
33280.000	0.459
33290.000	0.456
33300.000	0.457
33310.000	0.461
33320.000	0.458
33330.000	0.457
33340.000	0.456
33350.000	0.456
33360.000	0.456
33370.000	0.457
33380.000	0.458
33390.000	0.456
33400.000	0.456
33410.000	0.456
33420.000	0.456
33430.000	0.455
33440.000	0.458
33450.000	0.458
33460.000	0.456
33470.000	0.457
33480.000	0.456
33490.000	0.456
33500.000	0.456
33510.000	0.458
33520.000	0.457
33530.000	0.456
33540.000	0.458
33550.000	0.457
33560.000	0.461
33570.000	0.452
33580.000	0.457
33590.000	0.459
33600.000	0.461
33610.000	0.470
33620.000	0.490
33630.000	0.503
33640.000	0.522
33650.000	0.545
33660.000	0.583
33670.000	0.633
33680.000	0.674
33690.000	0.725
33700.000	0.777
33710.000	0.825
33720.000	0.820
33730.000	0.773
33740.000	0.714
33750.000	0.672
33760.000	0.657
33770.000	0.654
33780.000	0.654
33790.000	0.679
33800.000	0.696
33810.000	0.702
33820.000	0.698
33830.000	0.673
33840.000	0.634
33850.000	0.604
33860.000	0.585
33870.000	0.569
33880.000	0.562
33890.000	0.552
33900.000	0.542
33910.000	0.537
33920.000	0.528
33930.000	0.521
33940.000	0.517
33950.000	0.513
33960.000	0.509
33970.000	0.504
33980.000	0.504
33990.000	0.501
34000.000	0.500
34010.000	0.498
34020.000	0.497
34030.000	0.493
34040.000	0.487
34050.000	0.485
34060.000	0.486
34070.000	0.483
34080.000	0.484
34090.000	0.486
34100.000	0.486
34110.000	0.484
34120.000	0.482
34130.000	0.481
34140.000	0.478
34150.000	0.475
34160.000	0.475
34170.000	0.474
34180.000	0.474
34190.000	0.473
34200.000	0.473
34210.000	0.474
34220.000	0.474
34230.000	0.474
34240.000	0.474
34250.000	0.474
34260.000	0.472
34270.000	0.472
34280.000	0.471
34290.000	0.471
34300.000	0.470
34310.000	0.468
34320.000	0.465
34330.000	0.465
34340.000	0.465
34350.000	0.467
34360.000	0.466
34370.000	0.466
34380.000	0.466
34390.000	0.464
34400.000	0.461
34410.000	0.461
34420.000	0.461
34430.000	0.459
34440.000	0.458
34450.000	0.458
34460.000	0.457
34470.000	0.459
34480.000	0.458
34490.000	0.460
34500.000	0.462
34510.000	0.460
34520.000	0.456
34530.000	0.456
34540.000	0.456
34550.000	0.455
34560.000	0.457
34570.000	0.458
34580.000	0.459
34590.000	0.457
34600.000	0.456
34610.000	0.455
34620.000	0.455
34630.000	0.454
34640.000	0.454
34650.000	0.453
34660.000	0.457
34670.000	0.457
34680.000	0.456
34690.000	0.455
34700.000	0.451
34710.000	0.453
34720.000	0.454
34730.000	0.453
34740.000	0.454
34750.000	0.454
34760.000	0.454
34770.000	0.455
34780.000	0.454
34790.000	0.453
34800.000	0.450
34810.000	0.454
34820.000	0.453
34830.000	0.454
34840.000	0.454
34850.000	0.451
34860.000	0.450
34870.000	0.452
34880.000	0.451
34890.000	0.453
34900.000	0.451
34910.000	0.452
34920.000	0.454
34930.000	0.452
34940.000	0.450
34950.000	0.450
34960.000	0.453
34970.000	0.450
34980.000	0.449
34990.000	0.451
35000.000	0.451
35010.000	0.448
35020.000	0.445
35030.000	0.447
35040.000	0.447
35050.000	0.447
35060.000	0.449
35070.000	0.450
35080.000	0.451
35090.000	0.448
35100.000	0.446
35110.000	0.445
35120.000	0.445
35130.000	0.444
35140.000	0.444
35150.000	0.444
35160.000	0.445
35170.000	0.450
35180.000	0.450
35190.000	0.448
35200.000	0.446
35210.000	0.444
35220.000	0.445
35230.000	0.448
35240.000	0.447
35250.000	0.445
35260.000	0.445
35270.000	0.446
35280.000	0.447
35290.000	0.446
35300.000	0.442
35310.000	0.442
35320.000	0.443
35330.000	0.445
35340.000	0.446
35350.000	0.446
35360.000	0.448
35370.000	0.448
35380.000	0.445
35390.000	0.445
35400.000	0.444
35410.000	0.448
35420.000	0.447
35430.000	0.444
35440.000	0.442
35450.000	0.442
35460.000	0.443
35470.000	0.445
35480.000	0.443
35490.000	0.443
35500.000	0.443
35510.000	0.444
35520.000	0.446
35530.000	0.443
35540.000	0.442
35550.000	0.442
35560.000	0.444
35570.000	0.442
35580.000	0.443
35590.000	0.443
35600.000	0.441
35610.000	0.442
35620.000	0.441
35630.000	0.443
35640.000	0.443
35650.000	0.447
35660.000	0.447
35670.000	0.445
35680.000	0.443
35690.000	0.442
35700.000	0.443
35710.000	0.442
35720.000	0.442
35730.000	0.442
35740.000	0.444
35750.000	0.443
35760.000	0.441
35770.000	0.440
35780.000	0.438
35790.000	0.438
35800.000	0.439
35810.000	0.441
35820.000	0.440
35830.000	0.441
35840.000	0.438
35850.000	0.437
35860.000	0.437
35870.000	0.437
35880.000	0.439
35890.000	0.439
35900.000	0.441
35910.000	0.443
35920.000	0.442
35930.000	0.442
35940.000	0.442
35950.000	0.440
35960.000	0.440
35970.000	0.440
35980.000	0.438
35990.000	0.438
36000.000	0.438
36010.000	0.440
36020.000	0.442
36030.000	0.442
36040.000	0.441
36050.000	0.441
36060.000	0.438
36070.000	0.438
36080.000	0.440
36090.000	0.442
36100.000	0.441
36110.000	0.441
36120.000	0.442
36130.000	0.440
36140.000	0.438
36150.000	0.438
36160.000	0.436
36170.000	0.439
36180.000	0.441
36190.000	0.442
36200.000	0.441
36210.000	0.440
36220.000	0.437
36230.000	0.434
36240.000	0.435
36250.000	0.436
36260.000	0.438
36270.000	0.438
36280.000	0.438
36290.000	0.437
36300.000	0.437
36310.000	0.436
36320.000	0.437
36330.000	0.435
36340.000	0.437
36350.000	0.439
36360.000	0.441
36370.000	0.440
36380.000	0.439
36390.000	0.438
36400.000	0.437
36410.000	0.440
36420.000	0.439
36430.000	0.439
36440.000	0.439
36450.000	0.438
36460.000	0.438
36470.000	0.436
36480.000	0.435
36490.000	0.434
36500.000	0.435
36510.000	0.438
36520.000	0.440
36530.000	0.443
36540.000	0.445
36550.000	0.447
36560.000	0.451
36570.000	0.457
36580.000	0.466
36590.000	0.475
36600.000	0.481
36610.000	0.492
36620.000	0.511
36630.000	0.532
36640.000	0.541
36650.000	0.545
36660.000	0.539
36670.000	0.524
36680.000	0.507
36690.000	0.494
36700.000	0.485
36710.000	0.480
36720.000	0.474
36730.000	0.468
36740.000	0.464
36750.000	0.462
36760.000	0.459
36770.000	0.457
36780.000	0.455
36790.000	0.455
36800.000	0.457
36810.000	0.456
36820.000	0.455
36830.000	0.453
36840.000	0.451
36850.000	0.449
36860.000	0.448
36870.000	0.449
36880.000	0.449
36890.000	0.450
36900.000	0.448
36910.000	0.447
36920.000	0.445
36930.000	0.443
36940.000	0.444
36950.000	0.445
36960.000	0.446
36970.000	0.446
36980.000	0.445
36990.000	0.443
37000.000	0.443
37010.000	0.441
37020.000	0.441
37030.000	0.440
37040.000	0.441
37050.000	0.443
37060.000	0.442
37070.000	0.441
37080.000	0.438
37090.000	0.436
37100.000	0.437
37110.000	0.439
37120.000	0.439
37130.000	0.440
37140.000	0.440
37150.000	0.441
37160.000	0.437
37170.000	0.437
37180.000	0.436
37190.000	0.436
37200.000	0.439
37210.000	0.440
37220.000	0.439
37230.000	0.439
37240.000	0.438
37250.000	0.438
37260.000	0.438
37270.000	0.436
37280.000	0.435
37290.000	0.436
37300.000	0.435
37310.000	0.436
37320.000	0.435
37330.000	0.437
37340.000	0.434
37350.000	0.434
37360.000	0.433
37370.000	0.434
37380.000	0.434
37390.000	0.433
37400.000	0.432
37410.000	0.433
37420.000	0.433
37430.000	0.433
37440.000	0.433
37450.000	0.434
37460.000	0.433
37470.000	0.435
37480.000	0.432
37490.000	0.433
37500.000	0.432
37510.000	0.430
37520.000	0.431
37530.000	0.432
37540.000	0.432
37550.000	0.434
37560.000	0.433
37570.000	0.436
37580.000	0.433
37590.000	0.432
37600.000	0.431
37610.000	0.431
37620.000	0.430
37630.000	0.430
37640.000	0.429
37650.000	0.430
37660.000	0.433
37670.000	0.433
37680.000	0.431
37690.000	0.429
37700.000	0.434
37710.000	0.437
37720.000	0.437
37730.000	0.431
37740.000	0.433
37750.000	0.432
37760.000	0.433
37770.000	0.433
37780.000	0.434
37790.000	0.434
37800.000	0.433
37810.000	0.433
37820.000	0.432
37830.000	0.435
37840.000	0.436
37850.000	0.436
37860.000	0.439
37870.000	0.441
37880.000	0.447
37890.000	0.454
37900.000	0.459
37910.000	0.460
37920.000	0.469
37930.000	0.474
37940.000	0.481
37950.000	0.488
37960.000	0.498
37970.000	0.510
37980.000	0.520
37990.000	0.518
38000.000	0.503
38010.000	0.491
38020.000	0.484
38030.000	0.476
38040.000	0.468
38050.000	0.463
38060.000	0.457
38070.000	0.454
38080.000	0.453
38090.000	0.454
38100.000	0.453
38110.000	0.448
38120.000	0.446
38130.000	0.449
38140.000	0.447
38150.000	0.446
38160.000	0.446
38170.000	0.444
38180.000	0.442
38190.000	0.440
38200.000	0.439
38210.000	0.441
38220.000	0.442
38230.000	0.441
38240.000	0.440
38250.000	0.436
38260.000	0.436
38270.000	0.439
38280.000	0.440
38290.000	0.437
38300.000	0.435
38310.000	0.436
38320.000	0.436
38330.000	0.439
38340.000	0.437
38350.000	0.434
38360.000	0.435
38370.000	0.434
38380.000	0.434
38390.000	0.435
38400.000	0.436
38410.000	0.436
38420.000	0.436
38430.000	0.435
38440.000	0.433
38450.000	0.433
38460.000	0.432
38470.000	0.432
38480.000	0.433
38490.000	0.435
38500.000	0.437
38510.000	0.438
38520.000	0.442
38530.000	0.447
38540.000	0.450
38550.000	0.455
38560.000	0.458
38570.000	0.467
38580.000	0.475
38590.000	0.490
38600.000	0.505
38610.000	0.524
38620.000	0.540
38630.000	0.557
38640.000	0.587
38650.000	0.603
38660.000	0.595
38670.000	0.575
38680.000	0.559
38690.000	0.537
38700.000	0.520
38710.000	0.505
38720.000	0.496
38730.000	0.487
38740.000	0.481
38750.000	0.477
38760.000	0.475
38770.000	0.470
38780.000	0.467
38790.000	0.464
38800.000	0.462
38810.000	0.459
38820.000	0.458
38830.000	0.456
38840.000	0.455
38850.000	0.453
38860.000	0.454
38870.000	0.452
38880.000	0.453
38890.000	0.454
38900.000	0.453
38910.000	0.452
38920.000	0.454
38930.000	0.449
38940.000	0.447
38950.000	0.446
38960.000	0.444
38970.000	0.442
38980.000	0.442
38990.000	0.442
39000.000	0.441
39010.000	0.442
39020.000	0.441
39030.000	0.441
39040.000	0.440
39050.000	0.443
39060.000	0.443
39070.000	0.442
39080.000	0.443
39090.000	0.441
39100.000	0.442
39110.000	0.443
39120.000	0.442
39130.000	0.440
39140.000	0.439
39150.000	0.437
39160.000	0.436
39170.000	0.436
39180.000	0.437
39190.000	0.436
39200.000	0.436
39210.000	0.436
39220.000	0.435
39230.000	0.435
39240.000	0.436
39250.000	0.436
39260.000	0.436
39270.000	0.437
39280.000	0.437
39290.000	0.437
39300.000	0.437
39310.000	0.436
39320.000	0.435
39330.000	0.436
39340.000	0.436
39350.000	0.436
39360.000	0.435
39370.000	0.437
39380.000	0.434
39390.000	0.433
39400.000	0.433
39410.000	0.433
39420.000	0.435
39430.000	0.434
39440.000	0.433
39450.000	0.435
39460.000	0.432
39470.000	0.434
39480.000	0.430
39490.000	0.430
39500.000	0.431
39510.000	0.430
39520.000	0.430
39530.000	0.430
39540.000	0.430
39550.000	0.431
39560.000	0.430
39570.000	0.430
39580.000	0.430
39590.000	0.431
39600.000	0.431
39610.000	0.431
39620.000	0.431
39630.000	0.432
39640.000	0.430
39650.000	0.431
39660.000	0.431
39670.000	0.429
39680.000	0.431
39690.000	0.429
39700.000	0.430
39710.000	0.430
39720.000	0.430
39730.000	0.428
39740.000	0.430
39750.000	0.430
39760.000	0.431
39770.000	0.431
39780.000	0.431
39790.000	0.437
39800.000	0.440
39810.000	0.446
39820.000	0.454
39830.000	0.460
39840.000	0.463
39850.000	0.472
39860.000	0.477
39870.000	0.494
39880.000	0.502
39890.000	0.521
39900.000	0.529
39910.000	0.546
39920.000	0.572
39930.000	0.591
39940.000	0.597
39950.000	0.581
39960.000	0.550
39970.000	0.524
39980.000	0.509
39990.000	0.498
40000.000	0.490
40010.000	0.485
40020.000	0.478
40030.000	0.473
40040.000	0.467
40050.000	0.465
40060.000	0.464
40070.000	0.463
40080.000	0.460
40090.000	0.457
40100.000	0.452
40110.000	0.451
40120.000	0.450
40130.000	0.451
40140.000	0.451
40150.000	0.451
40160.000	0.450
40170.000	0.450
40180.000	0.449
40190.000	0.447
40200.000	0.444
40210.000	0.442
40220.000	0.441
40230.000	0.442
40240.000	0.443
40250.000	0.444
40260.000	0.443
40270.000	0.440
40280.000	0.440
40290.000	0.439
40300.000	0.439
40310.000	0.441
40320.000	0.441
40330.000	0.440
40340.000	0.440
40350.000	0.440
40360.000	0.439
40370.000	0.438
40380.000	0.437
40390.000	0.438
40400.000	0.438
40410.000	0.437
40420.000	0.436
40430.000	0.435
40440.000	0.434
40450.000	0.434
40460.000	0.433
40470.000	0.437
40480.000	0.436
40490.000	0.436
40500.000	0.435
40510.000	0.435
40520.000	0.435
40530.000	0.434
40540.000	0.432
40550.000	0.431
40560.000	0.432
40570.000	0.433
40580.000	0.433
40590.000	0.432
40600.000	0.431
40610.000	0.432
40620.000	0.430
40630.000	0.430
40640.000	0.429
40650.000	0.430
40660.000	0.430
40670.000	0.431
40680.000	0.431
40690.000	0.430
40700.000	0.429
40710.000	0.428
40720.000	0.429
40730.000	0.430
40740.000	0.431
40750.000	0.429
40760.000	0.431
40770.000	0.428
40780.000	0.428
40790.000	0.426
40800.000	0.427
40810.000	0.427
40820.000	0.430
40830.000	0.429
40840.000	0.429
40850.000	0.427
40860.000	0.427
40870.000	0.426
40880.000	0.428
40890.000	0.431
40900.000	0.431
40910.000	0.429
40920.000	0.428
40930.000	0.425
40940.000	0.424
40950.000	0.427
40960.000	0.430
40970.000	0.429
40980.000	0.427
40990.000	0.428
41000.000	0.428
41010.000	0.426
41020.000	0.426
41030.000	0.425
41040.000	0.427
41050.000	0.426
41060.000	0.426
41070.000	0.427
41080.000	0.425
41090.000	0.426
41100.000	0.426
41110.000	0.426
41120.000	0.428
41130.000	0.426
41140.000	0.426
41150.000	0.427
41160.000	0.425
41170.000	0.427
41180.000	0.428
41190.000	0.429
41200.000	0.428
41210.000	0.428
41220.000	0.425
41230.000	0.423
41240.000	0.423
41250.000	0.424
41260.000	0.425
41270.000	0.425
41280.000	0.424
41290.000	0.425
41300.000	0.426
41310.000	0.428
41320.000	0.428
41330.000	0.427
41340.000	0.428
41350.000	0.428
41360.000	0.427
41370.000	0.426
41380.000	0.425
41390.000	0.423
41400.000	0.422
41410.000	0.422
41420.000	0.422
41430.000	0.425
41440.000	0.425
41450.000	0.426
41460.000	0.426
41470.000	0.427
41480.000	0.428
41490.000	0.429
41500.000	0.427
41510.000	0.425
41520.000	0.425
41530.000	0.423
41540.000	0.423
41550.000	0.422
41560.000	0.423
41570.000	0.422
41580.000	0.422
41590.000	0.423
41600.000	0.423
41610.000	0.423
41620.000	0.423
41630.000	0.425
41640.000	0.426
41650.000	0.425
41660.000	0.426
41670.000	0.426
41680.000	0.423
41690.000	0.423
41700.000	0.422
41710.000	0.423
41720.000	0.423
41730.000	0.422
41740.000	0.422
41750.000	0.426
41760.000	0.425
41770.000	0.425
41780.000	0.426
41790.000	0.426
41800.000	0.425
41810.000	0.427
41820.000	0.426
41830.000	0.426
41840.000	0.426
41850.000	0.425
41860.000	0.423
41870.000	0.423
41880.000	0.425
41890.000	0.423
41900.000	0.421
41910.000	0.421
41920.000	0.421
41930.000	0.421
41940.000	0.422
41950.000	0.423
41960.000	0.424
41970.000	0.425
41980.000	0.425
41990.000	0.424
42000.000	0.424
42010.000	0.425
42020.000	0.426
42030.000	0.426
42040.000	0.424
42050.000	0.423
42060.000	0.421
42070.000	0.421
42080.000	0.421
42090.000	0.421
42100.000	0.421
42110.000	0.422
42120.000	0.421
42130.000	0.421
42140.000	0.423
42150.000	0.424
42160.000	0.425
42170.000	0.424
42180.000	0.421
42190.000	0.421
42200.000	0.419
42210.000	0.422
42220.000	0.420
42230.000	0.420
42240.000	0.420
42250.000	0.425
42260.000	0.423
42270.000	0.422
42280.000	0.421
42290.000	0.420
42300.000	0.421
42310.000	0.419
42320.000	0.419
42330.000	0.422
42340.000	0.422
42350.000	0.419
42360.000	0.419
42370.000	0.420
42380.000	0.419
42390.000	0.421
42400.000	0.422
42410.000	0.422
42420.000	0.423
42430.000	0.424
42440.000	0.424
42450.000	0.424
42460.000	0.423
42470.000	0.423
42480.000	0.422
42490.000	0.424
42500.000	0.424
42510.000	0.424
42520.000	0.424
42530.000	0.422
42540.000	0.421
42550.000	0.420
42560.000	0.420
42570.000	0.421
42580.000	0.420
42590.000	0.420
42600.000	0.422
42610.000	0.421
42620.000	0.423
42630.000	0.425
42640.000	0.424
42650.000	0.423
42660.000	0.424
42670.000	0.424
42680.000	0.425
42690.000	0.421
42700.000	0.420
42710.000	0.420
42720.000	0.421
42730.000	0.422
42740.000	0.422
42750.000	0.423
42760.000	0.422
42770.000	0.422
42780.000	0.423
42790.000	0.425
42800.000	0.426
42810.000	0.426
42820.000	0.424
42830.000	0.424
42840.000	0.423
42850.000	0.422
42860.000	0.422
42870.000	0.421
42880.000	0.420
42890.000	0.420
42900.000	0.420
42910.000	0.424
42920.000	0.424
42930.000	0.421
42940.000	0.422
42950.000	0.423
42960.000	0.421
42970.000	0.422
42980.000	0.422
42990.000	0.422
43000.000	0.423
43010.000	0.423
43020.000	0.422
43030.000	0.422
43040.000	0.422
43050.000	0.421
43060.000	0.421
43070.000	0.421
43080.000	0.422
43090.000	0.420
43100.000	0.419
43110.000	0.420
43120.000	0.423
43130.000	0.424
43140.000	0.423
43150.000	0.423
43160.000	0.420
43170.000	0.420
43180.000	0.421
43190.000	0.420
43200.000	0.421
43210.000	0.424
43220.000	0.426
43230.000	0.424
43240.000	0.424
43250.000	0.421
43260.000	0.420
43270.000	0.420
43280.000	0.421
43290.000	0.422
43300.000	0.423
43310.000	0.424
43320.000	0.421
43330.000	0.420
43340.000	0.421
43350.000	0.422
43360.000	0.422
43370.000	0.423
43380.000	0.422
43390.000	0.421
43400.000	0.422
43410.000	0.422
43420.000	0.422
43430.000	0.422
43440.000	0.422
43450.000	0.421
43460.000	0.421
43470.000	0.420
43480.000	0.421
43490.000	0.421
43500.000	0.421
43510.000	0.419
43520.000	0.418
43530.000	0.419
43540.000	0.423
43550.000	0.423
43560.000	0.423
43570.000	0.424
43580.000	0.421
43590.000	0.420
43600.000	0.419
43610.000	0.419
43620.000	0.418
43630.000	0.420
43640.000	0.420
43650.000	0.421
43660.000	0.422
43670.000	0.422
43680.000	0.423
43690.000	0.424
43700.000	0.421
43710.000	0.420
43720.000	0.418
43730.000	0.418
43740.000	0.421
43750.000	0.423
43760.000	0.422
43770.000	0.419
43780.000	0.418
43790.000	0.418
43800.000	0.421
43810.000	0.421
43820.000	0.418
43830.000	0.419
43840.000	0.423
43850.000	0.421
43860.000	0.419
43870.000	0.419
43880.000	0.423
43890.000	0.421
43900.000	0.420
43910.000	0.420
43920.000	0.423
43930.000	0.422
43940.000	0.421
43950.000	0.422
43960.000	0.422
43970.000	0.423
43980.000	0.418
43990.000	0.419
44000.000	0.419
44010.000	0.419
44020.000	0.422
44030.000	0.422
44040.000	0.421
44050.000	0.442
44060.000	0.436
44070.000	0.430
44080.000	0.426
44090.000	0.425
44100.000	0.425
44110.000	0.425
44120.000	0.425
44130.000	0.421
44140.000	0.420
44150.000	0.421
44160.000	0.422
44170.000	0.420
44180.000	0.421
44190.000	0.420
44200.000	0.420
44210.000	0.422
44220.000	0.422
44230.000	0.425
44240.000	0.425
44250.000	0.425
44260.000	0.425
44270.000	0.424
44280.000	0.426
44290.000	0.427
44300.000	0.424
44310.000	0.423
44320.000	0.422
44330.000	0.421
44340.000	0.421
44350.000	0.421
44360.000	0.421
44370.000	0.422
44380.000	0.423
44390.000	0.422
44400.000	0.421
44410.000	0.424
44420.000	0.424
44430.000	0.423
44440.000	0.424
44450.000	0.424
44460.000	0.423
44470.000	0.423
44480.000	0.422
44490.000	0.419
44500.000	0.419
44510.000	0.419
44520.000	0.418
44530.000	0.418
44540.000	0.420
44550.000	0.419
44560.000	0.419
44570.000	0.419
44580.000	0.419
44590.000	0.420
44600.000	0.419
44610.000	0.418
44620.000	0.420
44630.000	0.418
44640.000	0.418
44650.000	0.418
44660.000	0.418
44670.000	0.419
44680.000	0.421
44690.000	0.421
44700.000	0.422
44710.000	0.423
44720.000	0.423
44730.000	0.422
44740.000	0.422
44750.000	0.422
44760.000	0.425
44770.000	0.422
44780.000	0.422
44790.000	0.423
44800.000	0.424
44810.000	0.421
44820.000	0.420
44830.000	0.420
44840.000	0.420
44850.000	0.418
44860.000	0.419
44870.000	0.419
44880.000	0.419
44890.000	0.418
44900.000	0.418
44910.000	0.418
44920.000	0.419
44930.000	0.420
44940.000	0.420
44950.000	0.422
44960.000	0.419
44970.000	0.418
44980.000	0.420
44990.000	0.421
45000.000	0.422
45010.000	0.421
45020.000	0.420
45030.000	0.418
45040.000	0.418
45050.000	0.420
45060.000	0.421
45070.000	0.422
45080.000	0.419
45090.000	0.417
45100.000	0.418
45110.000	0.421
45120.000	0.422
45130.000	0.420
45140.000	0.418
45150.000	0.417
45160.000	0.419
45170.000	0.422
45180.000	0.420
45190.000	0.418
45200.000	0.418
45210.000	0.421
45220.000	0.423
45230.000	0.420
45240.000	0.420
45250.000	0.418
45260.000	0.420
45270.000	0.423
45280.000	0.422
45290.000	0.421
45300.000	0.420
45310.000	0.417
45320.000	0.417
45330.000	0.418
45340.000	0.420
45350.000	0.421
45360.000	0.420
45370.000	0.419
45380.000	0.417
45390.000	0.417
45400.000	0.420
45410.000	0.422
45420.000	0.418
45430.000	0.418
45440.000	0.419
45450.000	0.419
45460.000	0.420
45470.000	0.419
45480.000	0.420
45490.000	0.420
45500.000	0.421
45510.000	0.422
45520.000	0.421
45530.000	0.420
45540.000	0.419
45550.000	0.417
45560.000	0.416
45570.000	0.416
45580.000	0.417
45590.000	0.415
45600.000	0.415
45610.000	0.416
45620.000	0.418
45630.000	0.418
45640.000	0.421
45650.000	0.421
45660.000	0.422
45670.000	0.419
45680.000	0.419
45690.000	0.420
45700.000	0.421
45710.000	0.420
45720.000	0.417
45730.000	0.416
45740.000	0.416
45750.000	0.416
45760.000	0.417
45770.000	0.419
45780.000	0.419
45790.000	0.420
45800.000	0.420
45810.000	0.421
45820.000	0.420
45830.000	0.421
45840.000	0.421
45850.000	0.419
45860.000	0.422
45870.000	0.421
45880.000	0.420
45890.000	0.417
45900.000	0.415
45910.000	0.416
45920.000	0.416
45930.000	0.417
45940.000	0.418
45950.000	0.419
45960.000	0.418
45970.000	0.418
45980.000	0.418
45990.000	0.419
46000.000	0.419
46010.000	0.419
46020.000	0.419
46030.000	0.418
46040.000	0.417
46050.000	0.415
46060.000	0.415
46070.000	0.415
46080.000	0.416
46090.000	0.415
46100.000	0.416
46110.000	0.416
46120.000	0.416
46130.000	0.417
46140.000	0.417
46150.000	0.416
46160.000	0.418
46170.000	0.418
46180.000	0.418
46190.000	0.417
46200.000	0.417
46210.000	0.418
46220.000	0.419
46230.000	0.418
46240.000	0.418
46250.000	0.418
46260.000	0.417
46270.000	0.417
46280.000	0.418
46290.000	0.418
46300.000	0.417
46310.000	0.417
46320.000	0.417
46330.000	0.417
46340.000	0.418
46350.000	0.418
46360.000	0.419
46370.000	0.418
46380.000	0.417
46390.000	0.416
46400.000	0.415
46410.000	0.417
46420.000	0.418
46430.000	0.419
46440.000	0.417
46450.000	0.415
46460.000	0.417
46470.000	0.420
46480.000	0.419
46490.000	0.417
46500.000	0.415
46510.000	0.415
46520.000	0.417
46530.000	0.420
46540.000	0.419
46550.000	0.417
46560.000	0.417
46570.000	0.419
46580.000	0.419
46590.000	0.418
46600.000	0.416
46610.000	0.415
46620.000	0.417
46630.000	0.419
46640.000	0.418
46650.000	0.415
46660.000	0.417
46670.000	0.415
46680.000	0.418
46690.000	0.417
46700.000	0.414
46710.000	0.416
46720.000	0.419
46730.000	0.416
46740.000	0.414
46750.000	0.417
46760.000	0.417
46770.000	0.415
46780.000	0.415
46790.000	0.418
46800.000	0.416
46810.000	0.417
46820.000	0.416
46830.000	0.416
46840.000	0.414
46850.000	0.415
46860.000	0.416
46870.000	0.418
46880.000	0.418
46890.000	0.417
46900.000	0.415
46910.000	0.414
46920.000	0.415
46930.000	0.414
46940.000	0.417
46950.000	0.418
46960.000	0.418
46970.000	0.417
46980.000	0.414
46990.000	0.415
47000.000	0.416
47010.000	0.418
47020.000	0.418
47030.000	0.416
47040.000	0.415
47050.000	0.414
47060.000	0.415
47070.000	0.418
47080.000	0.418
47090.000	0.416
47100.000	0.413
47110.000	0.416
47120.000	0.417
47130.000	0.420
47140.000	0.418
47150.000	0.414
47160.000	0.414
47170.000	0.417
47180.000	0.418
47190.000	0.416
47200.000	0.414
47210.000	0.414
47220.000	0.414
47230.000	0.416
47240.000	0.417
47250.000	0.418
47260.000	0.417
47270.000	0.414
47280.000	0.414
47290.000	0.416
47300.000	0.418
47310.000	0.417
47320.000	0.414
47330.000	0.413
47340.000	0.413
47350.000	0.415
47360.000	0.415
47370.000	0.417
47380.000	0.418
47390.000	0.418
47400.000	0.417
47410.000	0.415
47420.000	0.415
47430.000	0.415
47440.000	0.415
47450.000	0.416
47460.000	0.415
47470.000	0.417
47480.000	0.415
47490.000	0.413
47500.000	0.414
47510.000	0.414
47520.000	0.416
47530.000	0.417
47540.000	0.418
47550.000	0.418
47560.000	0.419
47570.000	0.418
47580.000	0.417
47590.000	0.415
47600.000	0.414
47610.000	0.413
47620.000	0.413
47630.000	0.413
47640.000	0.413
47650.000	0.414
47660.000	0.415
47670.000	0.414
47680.000	0.416
47690.000	0.416
47700.000	0.417
47710.000	0.418
47720.000	0.418
47730.000	0.419
47740.000	0.417
47750.000	0.417
47760.000	0.416
47770.000	0.415
47780.000	0.414
47790.000	0.413
47800.000	0.416
47810.000	0.417
47820.000	0.418
47830.000	0.418
47840.000	0.418
47850.000	0.417
47860.000	0.419
47870.000	0.418
47880.000	0.420
47890.000	0.418
47900.000	0.418
47910.000	0.419
47920.000	0.422
47930.000	0.417
47940.000	0.416
47950.000	0.416
47960.000	0.414
47970.000	0.414
47980.000	0.414
47990.000	0.414
48000.000	0.414
48010.000	0.413
48020.000	0.413
48030.000	0.415
48040.000	0.415
48050.000	0.416
48060.000	0.417
48070.000	0.419
48080.000	0.419
48090.000	0.418
48100.000	0.418
48110.000	0.419
48120.000	0.415
48130.000	0.416
48140.000	0.416
48150.000	0.416
48160.000	0.416
48170.000	0.414
48180.000	0.417
48190.000	0.414
48200.000	0.417
48210.000	0.414
48220.000	0.416
48230.000	0.414
48240.000	0.417
48250.000	0.415
48260.000	0.417
48270.000	0.416
48280.000	0.417
48290.000	0.417
48300.000	0.416
48310.000	0.417
48320.000	0.416
48330.000	0.412
48340.000	0.413
48350.000	0.415
48360.000	0.417
48370.000	0.418
48380.000	0.419
48390.000	0.420
48400.000	0.417
48410.000	0.415
48420.000	0.414
48430.000	0.414
48440.000	0.416
48450.000	0.416
48460.000	0.418
48470.000	0.418
48480.000	0.417
48490.000	0.416
48492.000	0.417
