10.000	0.037
20.000	0.036
30.000	0.036
40.000	0.038
50.000	0.035
60.000	0.036
70.000	0.039
80.000	0.035
90.000	0.038
100.000	0.038
110.000	0.037
120.000	0.040
130.000	0.040
140.000	0.036
150.000	0.038
160.000	0.038
170.000	0.037
180.000	0.043
190.000	0.040
200.000	0.036
210.000	0.039
220.000	0.040
230.000	0.035
240.000	0.040
250.000	0.035
260.000	0.039
270.000	0.036
280.000	0.039
290.000	0.035
300.000	0.036
310.000	0.034
320.000	0.035
330.000	0.036
340.000	0.039
350.000	0.040
360.000	0.040
370.000	0.037
380.000	0.038
390.000	0.040
400.000	0.038
410.000	0.041
420.000	0.040
430.000	0.036
440.000	0.035
450.000	0.041
460.000	0.040
470.000	0.041
480.000	0.038
490.000	0.040
500.000	0.040
510.000	0.039
520.000	0.038
530.000	0.038
540.000	0.039
550.000	0.040
560.000	0.044
570.000	0.040
580.000	0.039
590.000	0.039
600.000	0.038
610.000	0.041
620.000	0.039
630.000	0.039
640.000	0.038
650.000	0.042
660.000	0.041
670.000	0.039
680.000	0.035
690.000	0.034
700.000	0.035
710.000	0.037
720.000	0.039
730.000	0.038
740.000	0.037
750.000	0.038
760.000	0.041
770.000	0.039
780.000	0.036
790.000	0.037
800.000	0.038
810.000	0.040
820.000	0.041
830.000	0.042
840.000	0.042
850.000	0.040
860.000	0.039
870.000	0.040
880.000	0.038
890.000	0.040
900.000	0.038
910.000	0.044
920.000	0.043
930.000	0.041
940.000	0.039
950.000	0.039
960.000	0.038
970.000	0.042
980.000	0.042
990.000	0.040
1000.000	0.042
1010.000	0.040
1020.000	0.039
1030.000	0.040
1040.000	0.039
1050.000	0.039
1060.000	0.042
1070.000	0.043
1080.000	0.044
1090.000	0.040
1100.000	0.042
1110.000	0.041
1120.000	0.040
1130.000	0.040
1140.000	0.039
1150.000	0.040
1160.000	0.039
1170.000	0.042
1180.000	0.038
1190.000	0.039
1200.000	0.040
1210.000	0.040
1220.000	0.038
1230.000	0.038
1240.000	0.039
1250.000	0.041
1260.000	0.037
1270.000	0.041
1280.000	0.038
1290.000	0.038
1300.000	0.043
1310.000	0.040
1320.000	0.040
1330.000	0.038
1340.000	0.037
1350.000	0.039
1360.000	0.041
1370.000	0.040
1380.000	0.039
1390.000	0.037
1400.000	0.039
1410.000	0.043
1420.000	0.041
1430.000	0.038
1440.000	0.037
1450.000	0.039
1460.000	0.041
1470.000	0.038
1480.000	0.039
1490.000	0.041
1500.000	0.044
1510.000	0.042
1520.000	0.038
1530.000	0.036
1540.000	0.037
1550.000	0.041
1560.000	0.041
1570.000	0.040
1580.000	0.036
1590.000	0.035
1600.000	0.035
1610.000	0.036
1620.000	0.041
1630.000	0.040
1640.000	0.038
1650.000	0.036
1660.000	0.038
1670.000	0.043
1680.000	0.044
1690.000	0.040
1700.000	0.040
1710.000	0.040
1720.000	0.040
1730.000	0.036
1740.000	0.038
1750.000	0.041
1760.000	0.041
1770.000	0.041
1780.000	0.038
1790.000	0.038
1800.000	0.039
1810.000	0.040
1820.000	0.040
1830.000	0.039
1840.000	0.039
1850.000	0.039
1860.000	0.040
1870.000	0.037
1880.000	0.038
1890.000	0.040
1900.000	0.039
1910.000	0.040
1920.000	0.039
1930.000	0.041
1940.000	0.047
1950.000	0.045
1960.000	0.043
1970.000	0.040
1980.000	0.040
1990.000	0.041
2000.000	0.041
2010.000	0.042
2020.000	0.041
2030.000	0.039
2040.000	0.036
2050.000	0.036
2060.000	0.043
2070.000	0.043
2080.000	0.040
2090.000	0.038
2100.000	0.038
2110.000	0.038
2120.000	0.043
2130.000	0.042
2140.000	0.043
2150.000	0.042
2160.000	0.043
2170.000	0.045
2180.000	0.047
2190.000	0.046
2200.000	0.042
2210.000	0.046
2220.000	0.039
2230.000	0.041
2240.000	0.040
2250.000	0.041
2260.000	0.045
2270.000	0.041
2280.000	0.038
2290.000	0.041
2300.000	0.043
2310.000	0.044
2320.000	0.039
2330.000	0.044
2340.000	0.043
2350.000	0.043
2360.000	0.044
2370.000	0.044
2380.000	0.043
2390.000	0.042
2400.000	0.039
2410.000	0.039
2420.000	0.039
2430.000	0.039
2440.000	0.040
2450.000	0.039
2460.000	0.041
2470.000	0.043
2480.000	0.041
2490.000	0.043
2500.000	0.043
2510.000	0.042
2520.000	0.041
2530.000	0.044
2540.000	0.039
2550.000	0.040
2560.000	0.038
2570.000	0.041
2580.000	0.041
2590.000	0.046
2600.000	0.042
2610.000	0.043
2620.000	0.039
2630.000	0.036
2640.000	0.040
2650.000	0.043
2660.000	0.042
2670.000	0.042
2680.000	0.041
2690.000	0.037
2700.000	0.041
2710.000	0.042
2720.000	0.046
2730.000	0.044
2740.000	0.041
2750.000	0.041
2760.000	0.039
2770.000	0.043
2780.000	0.045
2790.000	0.045
2800.000	0.043
2810.000	0.040
2820.000	0.041
2830.000	0.040
2840.000	0.042
2850.000	0.039
2860.000	0.042
2870.000	0.039
2880.000	0.038
2890.000	0.039
2900.000	0.039
2910.000	0.039
2920.000	0.039
2930.000	0.041
2940.000	0.042
2950.000	0.038
2960.000	0.041
2970.000	0.040
2980.000	0.040
2990.000	0.041
3000.000	0.043
3010.000	0.041
3020.000	0.039
3030.000	0.038
3040.000	0.041
3050.000	0.044
3060.000	0.042
3070.000	0.041
3080.000	0.042
3090.000	0.040
3100.000	0.041
3110.000	0.043
3120.000	0.045
3130.000	0.045
3140.000	0.042
3150.000	0.041
3160.000	0.043
3170.000	0.045
3180.000	0.047
3190.000	0.046
3200.000	0.045
3210.000	0.046
3220.000	0.043
3230.000	0.041
3240.000	0.044
3250.000	0.044
3260.000	0.039
3270.000	0.040
3280.000	0.040
3290.000	0.041
3300.000	0.041
3310.000	0.040
3320.000	0.040
3330.000	0.042
3340.000	0.044
3350.000	0.048
3360.000	0.049
3370.000	0.045
3380.000	0.043
3390.000	0.046
3400.000	0.044
3410.000	0.047
3420.000	0.044
3430.000	0.042
3440.000	0.047
3450.000	0.047
3460.000	0.046
3470.000	0.046
3480.000	0.043
3490.000	0.041
3500.000	0.041
3510.000	0.045
3520.000	0.045
3530.000	0.044
3540.000	0.042
3550.000	0.043
3560.000	0.043
3570.000	0.043
3580.000	0.040
3590.000	0.044
3600.000	0.042
3610.000	0.042
3620.000	0.043
3630.000	0.047
3640.000	0.046
3650.000	0.044
3660.000	0.046
3670.000	0.045
3680.000	0.045
3690.000	0.048
3700.000	0.047
3710.000	0.043
3720.000	0.041
3730.000	0.040
3740.000	0.042
3750.000	0.043
3760.000	0.042
3770.000	0.041
3780.000	0.038
3790.000	0.040
3800.000	0.052
3810.000	0.046
3820.000	0.043
3830.000	0.046
3840.000	0.045
3850.000	0.044
3860.000	0.045
3870.000	0.040
3880.000	0.045
3890.000	0.045
3900.000	0.046
3910.000	0.046
3920.000	0.048
3930.000	0.046
3940.000	0.045
3950.000	0.043
3960.000	0.045
3970.000	0.046
3980.000	0.045
3990.000	0.044
4000.000	0.045
4010.000	0.043
4020.000	0.043
4030.000	0.045
4040.000	0.047
4050.000	0.042
4060.000	0.043
4070.000	0.040
4080.000	0.042
4090.000	0.043
4100.000	0.045
4110.000	0.045
4120.000	0.046
4130.000	0.045
4140.000	0.048
4150.000	0.046
4160.000	0.043
4170.000	0.041
4180.000	0.041
4190.000	0.045
4200.000	0.046
4210.000	0.043
4220.000	0.046
4230.000	0.048
4240.000	0.045
4250.000	0.047
4260.000	0.044
4270.000	0.046
4280.000	0.047
4290.000	0.044
4300.000	0.043
4310.000	0.047
4320.000	0.046
4330.000	0.048
4340.000	0.047
4350.000	0.048
4360.000	0.047
4370.000	0.045
4380.000	0.043
4390.000	0.046
4400.000	0.044
4410.000	0.045
4420.000	0.043
4430.000	0.047
4440.000	0.049
4450.000	0.050
4460.000	0.049
4470.000	0.047
4480.000	0.042
4490.000	0.042
4500.000	0.042
4510.000	0.044
4520.000	0.045
4530.000	0.046
4540.000	0.045
4550.000	0.044
4560.000	0.044
4570.000	0.042
4580.000	0.047
4590.000	0.047
4600.000	0.048
4610.000	0.048
4620.000	0.044
4630.000	0.046
4640.000	0.045
4650.000	0.049
4660.000	0.046
4670.000	0.042
4680.000	0.048
4690.000	0.048
4700.000	0.050
4710.000	0.051
4720.000	0.048
4730.000	0.045
4740.000	0.043
4750.000	0.043
4760.000	0.042
4770.000	0.045
4780.000	0.046
4790.000	0.046
4800.000	0.045
4810.000	0.044
4820.000	0.047
4830.000	0.048
4840.000	0.046
4850.000	0.047
4860.000	0.044
4870.000	0.043
4880.000	0.045
4890.000	0.046
4900.000	0.045
4910.000	0.046
4920.000	0.047
4930.000	0.046
4940.000	0.048
4950.000	0.047
4960.000	0.048
4970.000	0.047
4980.000	0.044
4990.000	0.045
5000.000	0.042
5010.000	0.044
5020.000	0.048
5030.000	0.047
5040.000	0.046
5050.000	0.046
5060.000	0.048
5070.000	0.046
5080.000	0.047
5090.000	0.049
5100.000	0.048
5110.000	0.045
5120.000	0.044
5130.000	0.047
5140.000	0.046
5150.000	0.042
5160.000	0.043
5170.000	0.043
5180.000	0.047
5190.000	0.048
5200.000	0.048
5210.000	0.044
5220.000	0.045
5230.000	0.046
5240.000	0.044
5250.000	0.042
5260.000	0.040
5270.000	0.043
5280.000	0.046
5290.000	0.042
5300.000	0.042
5310.000	0.042
5320.000	0.042
5330.000	0.043
5340.000	0.046
5350.000	0.049
5360.000	0.048
5370.000	0.047
5380.000	0.047
5390.000	0.051
5400.000	0.047
5410.000	0.051
5420.000	0.054
5430.000	0.050
5440.000	0.044
5450.000	0.047
5460.000	0.047
5470.000	0.053
5480.000	0.053
5490.000	0.048
5500.000	0.047
5510.000	0.046
5520.000	0.047
5530.000	0.052
5540.000	0.051
5550.000	0.048
5560.000	0.047
5570.000	0.044
5580.000	0.046
5590.000	0.044
5600.000	0.042
5610.000	0.047
5620.000	0.052
5630.000	0.053
5640.000	0.049
5650.000	0.048
5660.000	0.050
5670.000	0.045
5680.000	0.046
5690.000	0.046
5700.000	0.049
5710.000	0.051
5720.000	0.048
5730.000	0.047
5740.000	0.045
5750.000	0.045
5760.000	0.047
5770.000	0.046
5780.000	0.053
5790.000	0.051
5800.000	0.052
5810.000	0.046
5820.000	0.046
5830.000	0.045
5840.000	0.048
5850.000	0.049
5860.000	0.047
5870.000	0.051
5880.000	0.049
5890.000	0.050
5900.000	0.048
5910.000	0.042
5920.000	0.045
5930.000	0.048
5940.000	0.049
5950.000	0.053
5960.000	0.052
5970.000	0.051
5980.000	0.048
5990.000	0.049
6000.000	0.054
6010.000	0.054
6020.000	0.047
6030.000	0.045
6040.000	0.046
6050.000	0.046
6060.000	0.049
6070.000	0.048
6080.000	0.049
6090.000	0.049
6100.000	0.049
6110.000	0.046
6120.000	0.046
6130.000	0.050
6140.000	0.052
6150.000	0.051
6160.000	0.052
6170.000	0.053
6180.000	0.049
6190.000	0.043
6200.000	0.048
6210.000	0.049
6220.000	0.046
6230.000	0.045
6240.000	0.049
6250.000	0.047
6260.000	0.045
6270.000	0.044
6280.000	0.051
6290.000	0.050
6300.000	0.051
6310.000	0.050
6320.000	0.048
6330.000	0.050
6340.000	0.049
6350.000	0.047
6360.000	0.049
6370.000	0.049
6380.000	0.048
6390.000	0.047
6400.000	0.051
6410.000	0.051
6420.000	0.047
6430.000	0.049
6440.000	0.046
6450.000	0.048
6460.000	0.050
6470.000	0.047
6480.000	0.048
6490.000	0.047
6500.000	0.052
6510.000	0.051
6520.000	0.051
6530.000	0.052
6540.000	0.049
6550.000	0.048
6560.000	0.050
6570.000	0.049
6580.000	0.049
6590.000	0.054
6600.000	0.049
6610.000	0.047
6620.000	0.046
6630.000	0.047
6640.000	0.049
6650.000	0.054
6660.000	0.052
6670.000	0.048
6680.000	0.051
6690.000	0.051
6700.000	0.053
6710.000	0.056
6720.000	0.049
6730.000	0.050
6740.000	0.048
6750.000	0.050
6760.000	0.054
6770.000	0.052
6780.000	0.051
6790.000	0.050
6800.000	0.045
6810.000	0.046
6820.000	0.050
6830.000	0.053
6840.000	0.049
6850.000	0.052
6860.000	0.047
6870.000	0.049
6880.000	0.048
6890.000	0.048
6900.000	0.046
6910.000	0.051
6920.000	0.050
6930.000	0.051
6940.000	0.049
6950.000	0.047
6960.000	0.050
6970.000	0.051
6980.000	0.051
6990.000	0.047
7000.000	0.049
7010.000	0.044
7020.000	0.051
7030.000	0.053
7040.000	0.048
7050.000	0.045
7060.000	0.044
7070.000	0.049
7080.000	0.048
7090.000	0.045
7100.000	0.049
7110.000	0.049
7120.000	0.051
7130.000	0.050
7140.000	0.055
7150.000	0.054
7160.000	0.050
7170.000	0.048
7180.000	0.048
7190.000	0.047
7200.000	0.049
7210.000	0.049
7220.000	0.049
7230.000	0.051
7240.000	0.050
7250.000	0.051
7260.000	0.053
7270.000	0.051
7280.000	0.047
7290.000	0.048
7300.000	0.053
7310.000	0.053
7320.000	0.052
7330.000	0.048
7340.000	0.051
7350.000	0.047
7360.000	0.052
7370.000	0.051
7380.000	0.052
7390.000	0.052
7400.000	0.054
7410.000	0.049
7420.000	0.048
7430.000	0.056
7440.000	0.055
7450.000	0.053
7460.000	0.052
7470.000	0.052
7480.000	0.048
7490.000	0.053
7500.000	0.052
7510.000	0.058
7520.000	0.060
7530.000	0.055
7540.000	0.053
7550.000	0.058
7560.000	0.056
7570.000	0.052
7580.000	0.053
7590.000	0.054
7600.000	0.054
7610.000	0.055
7620.000	0.051
7630.000	0.046
7640.000	0.050
7650.000	0.048
7660.000	0.050
7670.000	0.047
7680.000	0.047
7690.000	0.048
7700.000	0.050
7710.000	0.053
7720.000	0.051
7730.000	0.052
7740.000	0.048
7750.000	0.049
7760.000	0.050
7770.000	0.050
7780.000	0.048
7790.000	0.051
7800.000	0.049
7810.000	0.050
7820.000	0.055
7830.000	0.055
7840.000	0.053
7850.000	0.056
7860.000	0.054
7870.000	0.055
7880.000	0.054
7890.000	0.054
7900.000	0.058
7910.000	0.058
7920.000	0.056
7930.000	0.056
7940.000	0.056
7950.000	0.049
7960.000	0.050
7970.000	0.053
7980.000	0.058
7990.000	0.061
8000.000	0.057
8010.000	0.055
8020.000	0.057
8030.000	0.051
8040.000	0.054
8050.000	0.050
8060.000	0.050
8070.000	0.048
8080.000	0.044
8090.000	0.047
8100.000	0.050
8110.000	0.054
8120.000	0.049
8130.000	0.049
8140.000	0.049
8150.000	0.051
8160.000	0.051
8170.000	0.045
8180.000	0.050
8190.000	0.049
8200.000	0.053
8210.000	0.052
8220.000	0.056
8230.000	0.053
8240.000	0.056
8250.000	0.056
8260.000	0.053
8270.000	0.050
8280.000	0.050
8290.000	0.050
8300.000	0.051
8310.000	0.049
8320.000	0.051
8330.000	0.055
8340.000	0.054
8350.000	0.059
8360.000	0.051
8370.000	0.052
8380.000	0.052
8390.000	0.057
8400.000	0.053
8410.000	0.056
8420.000	0.055
8430.000	0.054
8440.000	0.055
8450.000	0.051
8460.000	0.052
8470.000	0.052
8480.000	0.056
8490.000	0.058
8500.000	0.053
8510.000	0.054
8520.000	0.057
8530.000	0.060
8540.000	0.058
8550.000	0.061
8560.000	0.061
8570.000	0.058
8580.000	0.065
8590.000	0.061
8600.000	0.061
8610.000	0.058
8620.000	0.056
8630.000	0.054
8640.000	0.052
8650.000	0.051
8660.000	0.059
8670.000	0.054
8680.000	0.056
8690.000	0.055
8700.000	0.056
8710.000	0.055
8720.000	0.053
8730.000	0.057
8740.000	0.051
8750.000	0.052
8760.000	0.050
8770.000	0.048
8780.000	0.049
8790.000	0.049
8800.000	0.049
8810.000	0.050
8820.000	0.050
8830.000	0.052
8840.000	0.051
8850.000	0.050
8860.000	0.050
8870.000	0.052
8880.000	0.055
8890.000	0.048
8900.000	0.055
8910.000	0.055
8920.000	0.054
8930.000	0.057
8940.000	0.052
8950.000	0.052
8960.000	0.054
8970.000	0.053
8980.000	0.055
8990.000	0.050
9000.000	0.051
9010.000	0.051
9020.000	0.051
9030.000	0.047
9040.000	0.049
9050.000	0.051
9060.000	0.050
9070.000	0.047
9080.000	0.052
9090.000	0.051
9100.000	0.050
9110.000	0.054
9120.000	0.056
9130.000	0.052
9140.000	0.053
9150.000	0.052
9160.000	0.055
9170.000	0.054
9180.000	0.056
9190.000	0.053
9200.000	0.051
9210.000	0.051
9220.000	0.051
9230.000	0.054
9240.000	0.061
9250.000	0.060
9260.000	0.059
9270.000	0.062
9280.000	0.063
9290.000	0.057
9300.000	0.061
9310.000	0.064
9320.000	0.063
9330.000	0.067
9340.000	0.063
9350.000	0.066
9360.000	0.067
9370.000	0.073
9380.000	0.074
9390.000	0.076
9400.000	0.075
9410.000	0.073
9420.000	0.083
9430.000	0.078
9440.000	0.076
9450.000	0.069
9460.000	0.066
9470.000	0.064
9480.000	0.058
9490.000	0.058
9500.000	0.053
9510.000	0.053
9520.000	0.052
9530.000	0.053
9540.000	0.055
9550.000	0.049
9560.000	0.047
9570.000	0.050
9580.000	0.048
9590.000	0.047
9600.000	0.046
9610.000	0.051
9620.000	0.052
9630.000	0.054
9640.000	0.053
9650.000	0.049
9660.000	0.044
9670.000	0.049
9680.000	0.050
9690.000	0.051
9700.000	0.051
9710.000	0.053
9720.000	0.050
9730.000	0.048
9740.000	0.051
9750.000	0.047
9760.000	0.054
9770.000	0.055
9780.000	0.057
9790.000	0.055
9800.000	0.055
9810.000	0.058
9820.000	0.060
9830.000	0.057
9840.000	0.055
9850.000	0.056
9860.000	0.052
9870.000	0.054
9880.000	0.057
9890.000	0.054
9900.000	0.055
9910.000	0.057
9920.000	0.056
9930.000	0.060
9940.000	0.059
9950.000	0.058
9960.000	0.057
9970.000	0.058
9980.000	0.059
9990.000	0.054
10000.000	0.055
10010.000	0.050
10020.000	0.052
10030.000	0.051
10040.000	0.051
10050.000	0.052
10060.000	0.051
10070.000	0.049
10080.000	0.045
10090.000	0.047
10100.000	0.051
10110.000	0.050
10120.000	0.053
10130.000	0.054
10140.000	0.051
10150.000	0.052
10160.000	0.056
10170.000	0.058
10180.000	0.058
10190.000	0.064
10200.000	0.060
10210.000	0.055
10220.000	0.054
10230.000	0.054
10240.000	0.049
10250.000	0.055
10260.000	0.054
10270.000	0.056
10280.000	0.055
10290.000	0.054
10300.000	0.053
10310.000	0.055
10320.000	0.058
10330.000	0.059
10340.000	0.064
10350.000	0.064
10360.000	0.072
10370.000	0.077
10380.000	0.083
10390.000	0.092
10400.000	0.098
10410.000	0.094
10420.000	0.099
10430.000	0.099
10440.000	0.095
10450.000	0.090
10460.000	0.089
10470.000	0.087
10480.000	0.081
10490.000	0.074
10500.000	0.073
10510.000	0.071
10520.000	0.064
10530.000	0.065
10540.000	0.069
10550.000	0.071
10560.000	0.074
10570.000	0.071
10580.000	0.068
10590.000	0.067
10600.000	0.065
10610.000	0.068
10620.000	0.063
10630.000	0.056
10640.000	0.052
10650.000	0.050
10660.000	0.051
10670.000	0.049
10680.000	0.049
10690.000	0.044
10700.000	0.046
10710.000	0.049
10720.000	0.046
10730.000	0.040
10740.000	0.041
10750.000	0.041
10760.000	0.049
10770.000	0.045
10780.000	0.047
10790.000	0.049
10800.000	0.046
10810.000	0.051
10820.000	0.052
10830.000	0.048
10840.000	0.043
10850.000	0.047
10860.000	0.049
10870.000	0.047
10880.000	0.044
10890.000	0.045
10900.000	0.045
10910.000	0.048
10920.000	0.048
10930.000	0.049
10940.000	0.047
10950.000	0.043
10960.000	0.043
10970.000	0.048
10980.000	0.047
10990.000	0.047
11000.000	0.047
11010.000	0.046
11020.000	0.047
11030.000	0.046
11040.000	0.045
11050.000	0.044
11060.000	0.046
11070.000	0.045
11080.000	0.047
11090.000	0.051
11100.000	0.048
11110.000	0.047
11120.000	0.048
11130.000	0.050
11140.000	0.052
11150.000	0.051
11160.000	0.052
11170.000	0.056
11180.000	0.055
11190.000	0.055
11200.000	0.055
11210.000	0.056
11220.000	0.055
11230.000	0.059
11240.000	0.059
11250.000	0.059
11260.000	0.062
11270.000	0.062
11280.000	0.071
11290.000	0.067
11300.000	0.081
11310.000	0.087
11320.000	0.091
11330.000	0.099
11340.000	0.101
11350.000	0.101
11360.000	0.102
11370.000	0.105
11380.000	0.096
11390.000	0.096
11400.000	0.095
11410.000	0.095
11420.000	0.085
11430.000	0.079
11440.000	0.076
11450.000	0.068
11460.000	0.059
11470.000	0.056
11480.000	0.049
11490.000	0.045
11500.000	0.048
11510.000	0.050
11520.000	0.048
11530.000	0.048
11540.000	0.055
11550.000	0.050
11560.000	0.052
11570.000	0.051
11580.000	0.049
11590.000	0.047
11600.000	0.048
11610.000	0.053
11620.000	0.055
11630.000	0.064
11640.000	0.071
11650.000	0.083
11660.000	0.100
11670.000	0.114
11680.000	0.122
11690.000	0.125
11700.000	0.134
11710.000	0.140
11720.000	0.126
11730.000	0.113
11740.000	0.107
11750.000	0.095
11760.000	0.086
11770.000	0.075
11780.000	0.065
11790.000	0.061
11800.000	0.052
11810.000	0.045
11820.000	0.044
11830.000	0.045
11840.000	0.044
11850.000	0.043
11860.000	0.042
11870.000	0.045
11880.000	0.042
11890.000	0.041
11900.000	0.041
11910.000	0.041
11920.000	0.042
11930.000	0.042
11940.000	0.040
11950.000	0.042
11960.000	0.039
11970.000	0.038
11980.000	0.039
11990.000	0.042
12000.000	0.045
12010.000	0.043
12020.000	0.045
12030.000	0.045
12040.000	0.049
12050.000	0.049
12060.000	0.052
12070.000	0.054
12080.000	0.051
12090.000	0.058
12100.000	0.056
12110.000	0.052
12120.000	0.058
12130.000	0.056
12140.000	0.060
12150.000	0.053
12160.000	0.053
12170.000	0.055
12180.000	0.049
12190.000	0.055
12200.000	0.052
12210.000	0.050
12220.000	0.051
12230.000	0.050
12240.000	0.054
12250.000	0.057
12260.000	0.063
12270.000	0.067
12280.000	0.082
12290.000	0.092
12300.000	0.106
12310.000	0.117
12320.000	0.139
12330.000	0.142
12340.000	0.147
12350.000	0.146
12360.000	0.136
12370.000	0.128
12380.000	0.120
12390.000	0.104
12400.000	0.085
12410.000	0.071
12420.000	0.066
12430.000	0.061
12440.000	0.056
12450.000	0.053
12460.000	0.046
12470.000	0.045
12480.000	0.042
12490.000	0.040
12500.000	0.040
12510.000	0.043
12520.000	0.043
12530.000	0.042
12540.000	0.039
12550.000	0.036
12560.000	0.036
12570.000	0.037
12580.000	0.038
12590.000	0.042
12600.000	0.041
12610.000	0.041
12620.000	0.036
12630.000	0.038
12640.000	0.040
12650.000	0.040
12660.000	0.043
12670.000	0.042
12680.000	0.040
12690.000	0.041
12700.000	0.041
12710.000	0.042
12720.000	0.045
12730.000	0.045
12740.000	0.042
12750.000	0.042
12760.000	0.040
12770.000	0.042
12780.000	0.040
12790.000	0.040
12800.000	0.039
12810.000	0.041
12820.000	0.040
12830.000	0.038
12840.000	0.041
12850.000	0.042
12860.000	0.041
12870.000	0.043
12880.000	0.041
12890.000	0.041
12900.000	0.039
12910.000	0.043
12920.000	0.046
12930.000	0.044
12940.000	0.047
12950.000	0.054
12960.000	0.061
12970.000	0.060
12980.000	0.058
12990.000	0.071
13000.000	0.071
13010.000	0.063
13020.000	0.066
13030.000	0.054
13040.000	0.048
13050.000	0.048
13060.000	0.039
13070.000	0.041
13080.000	0.043
13090.000	0.039
13100.000	0.038
13110.000	0.041
13120.000	0.037
13130.000	0.039
13140.000	0.042
13150.000	0.042
13160.000	0.040
13170.000	0.043
13180.000	0.043
13190.000	0.043
13200.000	0.043
13210.000	0.041
13220.000	0.043
13230.000	0.044
13240.000	0.047
13250.000	0.051
13260.000	0.057
13270.000	0.060
13280.000	0.071
13290.000	0.074
13300.000	0.079
13310.000	0.090
13320.000	0.103
13330.000	0.123
13340.000	0.147
13350.000	0.180
13360.000	0.203
13370.000	0.225
13380.000	0.231
13390.000	0.227
13400.000	0.206
13410.000	0.184
13420.000	0.151
13430.000	0.118
13440.000	0.091
13450.000	0.079
13460.000	0.066
13470.000	0.059
13480.000	0.054
13490.000	0.056
13500.000	0.059
13510.000	0.063
13520.000	0.076
13530.000	0.085
13540.000	0.102
13550.000	0.125
13560.000	0.150
13570.000	0.184
13580.000	0.215
13590.000	0.241
13600.000	0.264
13610.000	0.268
13620.000	0.238
13630.000	0.198
13640.000	0.158
13650.000	0.125
13660.000	0.096
13670.000	0.077
13680.000	0.065
13690.000	0.063
13700.000	0.061
13710.000	0.052
13720.000	0.052
13730.000	0.049
13740.000	0.043
13750.000	0.041
13760.000	0.040
13770.000	0.040
13780.000	0.036
13790.000	0.037
13800.000	0.037
13810.000	0.038
13820.000	0.036
13830.000	0.037
13840.000	0.036
13850.000	0.038
13860.000	0.040
13870.000	0.039
13880.000	0.038
13890.000	0.037
13900.000	0.039
13910.000	0.036
13920.000	0.036
13930.000	0.039
13940.000	0.038
13950.000	0.039
13960.000	0.038
13970.000	0.037
13980.000	0.038
13990.000	0.037
14000.000	0.038
14010.000	0.042
14020.000	0.045
14030.000	0.042
14040.000	0.043
14050.000	0.044
14060.000	0.046
14070.000	0.047
14080.000	0.043
14090.000	0.043
14100.000	0.042
14110.000	0.043
14120.000	0.043
14130.000	0.043
14140.000	0.039
14150.000	0.037
14160.000	0.036
14170.000	0.035
14180.000	0.034
14190.000	0.035
14200.000	0.036
14210.000	0.036
14220.000	0.035
14230.000	0.037
14240.000	0.038
14250.000	0.038
14260.000	0.039
14270.000	0.039
14280.000	0.040
14290.000	0.038
14300.000	0.039
14310.000	0.038
14320.000	0.037
14330.000	0.038
14340.000	0.040
14350.000	0.036
14360.000	0.035
14370.000	0.037
14380.000	0.037
14390.000	0.037
14400.000	0.037
14410.000	0.038
14420.000	0.040
14430.000	0.040
14440.000	0.039
14450.000	0.041
14460.000	0.037
14470.000	0.036
14480.000	0.039
14490.000	0.039
14500.000	0.039
14510.000	0.037
14520.000	0.037
14530.000	0.037
14540.000	0.037
14550.000	0.035
14560.000	0.035
14570.000	0.038
14580.000	0.037
14590.000	0.038
14600.000	0.039
14610.000	0.041
14620.000	0.042
14630.000	0.041
14640.000	0.042
14650.000	0.040
14660.000	0.041
14670.000	0.039
14680.000	0.037
14690.000	0.037
14700.000	0.039
14710.000	0.040
14720.000	0.041
14730.000	0.040
14740.000	0.037
14750.000	0.039
14760.000	0.041
14770.000	0.039
14780.000	0.040
14790.000	0.047
14800.000	0.049
14810.000	0.056
14820.000	0.056
14830.000	0.069
14840.000	0.076
14850.000	0.084
14860.000	0.094
14870.000	0.095
14880.000	0.088
14890.000	0.076
14900.000	0.062
14910.000	0.051
14920.000	0.044
14930.000	0.043
14940.000	0.039
14950.000	0.037
14960.000	0.038
14970.000	0.037
14980.000	0.037
14990.000	0.039
15000.000	0.040
15010.000	0.043
15020.000	0.044
15030.000	0.046
15040.000	0.047
15050.000	0.053
15060.000	0.059
15070.000	0.070
15080.000	0.083
15090.000	0.090
15100.000	0.100
15110.000	0.097
15120.000	0.082
15130.000	0.073
15140.000	0.068
15150.000	0.069
15160.000	0.080
15170.000	0.095
15180.000	0.131
15190.000	0.182
15200.000	0.238
15210.000	0.328
15220.000	0.394
15230.000	0.457
15240.000	0.461
15250.000	0.438
15260.000	0.353
15270.000	0.264
15280.000	0.178
15290.000	0.123
15300.000	0.087
15310.000	0.070
15320.000	0.057
15330.000	0.047
15340.000	0.048
15350.000	0.042
15360.000	0.044
15370.000	0.044
15380.000	0.039
15390.000	0.041
15400.000	0.041
15410.000	0.041
15420.000	0.042
15430.000	0.041
15440.000	0.039
15450.000	0.041
15460.000	0.040
15470.000	0.041
15480.000	0.043
15490.000	0.044
15500.000	0.049
15510.000	0.047
15520.000	0.047
15530.000	0.051
15540.000	0.057
15550.000	0.073
15560.000	0.095
15570.000	0.132
15580.000	0.194
15590.000	0.263
15600.000	0.339
15610.000	0.404
15620.000	0.416
15630.000	0.385
15640.000	0.311
15650.000	0.211
15660.000	0.142
15670.000	0.093
15680.000	0.065
15690.000	0.056
15700.000	0.051
15710.000	0.048
15720.000	0.046
15730.000	0.044
15740.000	0.041
15750.000	0.039
15760.000	0.039
15770.000	0.043
15780.000	0.039
15790.000	0.038
15800.000	0.037
15810.000	0.037
15820.000	0.038
15830.000	0.041
15840.000	0.039
15850.000	0.037
15860.000	0.039
15870.000	0.041
15880.000	0.037
15890.000	0.034
15900.000	0.036
15910.000	0.038
15920.000	0.043
15930.000	0.041
15940.000	0.037
15950.000	0.035
15960.000	0.038
15970.000	0.038
15980.000	0.039
15990.000	0.037
16000.000	0.038
16010.000	0.038
16020.000	0.039
16030.000	0.040
16040.000	0.036
16050.000	0.034
16060.000	0.034
16070.000	0.037
16080.000	0.055
16090.000	0.042
16100.000	0.040
16110.000	0.037
16120.000	0.035
16130.000	0.037
16140.000	0.035
16150.000	0.035
16160.000	0.038
16170.000	0.039
16180.000	0.037
16190.000	0.037
16200.000	0.034
16210.000	0.037
16220.000	0.039
16230.000	0.039
16240.000	0.036
16250.000	0.036
16260.000	0.036
16270.000	0.034
16280.000	0.034
16290.000	0.038
16300.000	0.037
16310.000	0.036
16320.000	0.035
16330.000	0.036
16340.000	0.038
16350.000	0.038
16360.000	0.035
16370.000	0.036
16380.000	0.039
16390.000	0.041
16400.000	0.038
16410.000	0.036
16420.000	0.035
16430.000	0.035
16440.000	0.040
16450.000	0.039
16460.000	0.036
16470.000	0.036
16480.000	0.037
16490.000	0.042
16500.000	0.042
16510.000	0.038
16520.000	0.037
16530.000	0.040
16540.000	0.041
16550.000	0.040
16560.000	0.037
16570.000	0.035
16580.000	0.040
16590.000	0.042
16600.000	0.040
16610.000	0.035
16620.000	0.040
16630.000	0.039
16640.000	0.040
16650.000	0.040
16660.000	0.037
16670.000	0.038
16680.000	0.037
16690.000	0.040
16700.000	0.039
16710.000	0.036
16720.000	0.037
16730.000	0.036
16740.000	0.039
16750.000	0.036
16760.000	0.035
16770.000	0.035
16780.000	0.040
16790.000	0.037
16800.000	0.037
16810.000	0.035
16820.000	0.036
16830.000	0.040
16840.000	0.040
16850.000	0.044
16860.000	0.053
16870.000	0.063
16880.000	0.087
16890.000	0.114
16900.000	0.143
16910.000	0.157
16920.000	0.149
16930.000	0.119
16940.000	0.089
16950.000	0.067
16960.000	0.054
16970.000	0.049
16980.000	0.043
16990.000	0.041
17000.000	0.037
17010.000	0.036
17020.000	0.040
17030.000	0.038
17040.000	0.036
17050.000	0.038
17060.000	0.040
17070.000	0.039
17080.000	0.039
17090.000	0.037
17100.000	0.036
17110.000	0.037
17120.000	0.039
17130.000	0.039
17140.000	0.038
17150.000	0.041
17160.000	0.041
17170.000	0.040
17180.000	0.039
17190.000	0.039
17200.000	0.037
17210.000	0.037
17220.000	0.038
17230.000	0.043
17240.000	0.045
17250.000	0.043
17260.000	0.041
17270.000	0.039
17280.000	0.040
17290.000	0.041
17300.000	0.044
17310.000	0.044
17320.000	0.046
17330.000	0.059
17340.000	0.073
17350.000	0.099
17360.000	0.134
17370.000	0.220
17380.000	0.365
17390.000	0.552
17400.000	0.761
17410.000	0.879
17420.000	0.880
17430.000	0.730
17440.000	0.482
17450.000	0.297
17460.000	0.172
17470.000	0.108
17480.000	0.082
17490.000	0.064
17500.000	0.055
17510.000	0.047
17520.000	0.043
17530.000	0.043
17540.000	0.044
17550.000	0.044
17560.000	0.041
17570.000	0.040
17580.000	0.039
17590.000	0.038
17600.000	0.037
17610.000	0.035
17620.000	0.036
17630.000	0.037
17640.000	0.038
17650.000	0.039
17660.000	0.038
17670.000	0.035
17680.000	0.037
17690.000	0.034
17700.000	0.037
17710.000	0.037
17720.000	0.037
17730.000	0.038
17740.000	0.040
17750.000	0.037
17760.000	0.039
17770.000	0.039
17780.000	0.047
17790.000	0.056
17800.000	0.077
17810.000	0.093
17820.000	0.122
17830.000	0.141
17840.000	0.131
17850.000	0.095
17860.000	0.068
17870.000	0.054
17880.000	0.047
17890.000	0.045
17900.000	0.050
17910.000	0.051
17920.000	0.059
17930.000	0.084
17940.000	0.120
17950.000	0.152
17960.000	0.161
17970.000	0.146
17980.000	0.111
17990.000	0.085
18000.000	0.059
18010.000	0.046
18020.000	0.041
18030.000	0.039
18040.000	0.039
18050.000	0.039
18060.000	0.040
18070.000	0.041
18080.000	0.041
18090.000	0.037
18100.000	0.036
18110.000	0.034
18120.000	0.037
18130.000	0.036
18140.000	0.034
18150.000	0.037
18160.000	0.037
18170.000	0.037
18180.000	0.037
18190.000	0.038
18200.000	0.040
18210.000	0.040
18220.000	0.040
18230.000	0.036
18240.000	0.039
18250.000	0.039
18260.000	0.042
18270.000	0.039
18280.000	0.036
18290.000	0.035
18300.000	0.037
18310.000	0.036
18320.000	0.036
18330.000	0.036
18340.000	0.037
18350.000	0.041
18360.000	0.040
18370.000	0.039
18380.000	0.038
18390.000	0.038
18400.000	0.034
18410.000	0.036
18420.000	0.039
18430.000	0.036
18440.000	0.038
18450.000	0.037
18460.000	0.037
18470.000	0.039
18480.000	0.039
18490.000	0.038
18500.000	0.039
18510.000	0.039
18520.000	0.039
18530.000	0.039
18540.000	0.041
18550.000	0.043
18560.000	0.042
18570.000	0.041
18580.000	0.049
18590.000	0.051
18600.000	0.063
18610.000	0.098
18620.000	0.153
18630.000	0.266
18640.000	0.442
18650.000	0.708
18660.000	0.853
18670.000	0.841
18680.000	0.565
18690.000	0.318
18700.000	0.193
18710.000	0.119
18720.000	0.078
18730.000	0.064
18740.000	0.052
18750.000	0.047
18760.000	0.042
18770.000	0.042
18780.000	0.040
18790.000	0.043
18800.000	0.040
18810.000	0.041
18820.000	0.039
18830.000	0.038
18840.000	0.036
18850.000	0.038
18860.000	0.037
18870.000	0.038
18880.000	0.038
18890.000	0.038
18900.000	0.037
18910.000	0.036
18920.000	0.035
18930.000	0.036
18940.000	0.037
18950.000	0.037
18960.000	0.037
18970.000	0.037
18980.000	0.038
18990.000	0.035
19000.000	0.037
19010.000	0.036
19020.000	0.036
19030.000	0.034
19040.000	0.036
19050.000	0.037
19060.000	0.034
19070.000	0.037
19080.000	0.037
19090.000	0.036
19100.000	0.037
19110.000	0.034
19120.000	0.034
19130.000	0.039
19140.000	0.038
19150.000	0.036
19160.000	0.035
19170.000	0.037
19180.000	0.038
19190.000	0.038
19200.000	0.037
19210.000	0.036
19220.000	0.034
19230.000	0.036
19240.000	0.038
19250.000	0.037
19260.000	0.035
19270.000	0.038
19280.000	0.035
19290.000	0.040
19300.000	0.038
19310.000	0.041
19320.000	0.039
19330.000	0.037
19340.000	0.037
19350.000	0.035
19360.000	0.033
19370.000	0.034
19380.000	0.035
19390.000	0.039
19400.000	0.038
19410.000	0.042
19420.000	0.041
19430.000	0.039
19440.000	0.037
19450.000	0.035
19460.000	0.035
19470.000	0.035
19480.000	0.035
19490.000	0.036
19500.000	0.035
19510.000	0.035
19520.000	0.034
19530.000	0.033
19540.000	0.033
19550.000	0.035
19560.000	0.038
19570.000	0.035
19580.000	0.038
19590.000	0.037
19600.000	0.038
19610.000	0.039
19620.000	0.040
19630.000	0.040
19640.000	0.038
19650.000	0.043
19660.000	0.057
19670.000	0.075
19680.000	0.120
19690.000	0.179
19700.000	0.258
19710.000	0.273
19720.000	0.229
19730.000	0.151
19740.000	0.092
19750.000	0.067
19760.000	0.053
19770.000	0.042
19780.000	0.038
19790.000	0.037
19800.000	0.035
19810.000	0.034
19820.000	0.034
19830.000	0.035
19840.000	0.036
19850.000	0.037
19860.000	0.036
19870.000	0.036
19880.000	0.038
19890.000	0.039
19900.000	0.040
19910.000	0.037
19920.000	0.034
19930.000	0.034
19940.000	0.036
19950.000	0.037
19960.000	0.037
19970.000	0.038
19980.000	0.038
19990.000	0.038
20000.000	0.037
20010.000	0.035
20020.000	0.032
20030.000	0.034
20040.000	0.037
20050.000	0.036
20060.000	0.037
20070.000	0.039
20080.000	0.038
20090.000	0.038
20100.000	0.036
20110.000	0.036
20120.000	0.034
20130.000	0.037
20140.000	0.036
20150.000	0.034
20160.000	0.035
20170.000	0.035
20180.000	0.036
20190.000	0.039
20200.000	0.041
20210.000	0.041
20220.000	0.039
20230.000	0.040
20240.000	0.039
20250.000	0.039
20260.000	0.041
20270.000	0.043
20280.000	0.043
20290.000	0.049
20300.000	0.049
20310.000	0.050
20320.000	0.065
20330.000	0.077
20340.000	0.106
20350.000	0.207
20360.000	0.419
20370.000	0.765
20380.000	1.263
20390.000	1.632
20400.000	1.633
20410.000	1.155
20420.000	0.663
20430.000	0.335
20440.000	0.186
20450.000	0.109
20460.000	0.072
20470.000	0.057
20480.000	0.053
20490.000	0.049
20500.000	0.047
20510.000	0.042
20520.000	0.039
20530.000	0.041
20540.000	0.041
20550.000	0.041
20560.000	0.037
20570.000	0.036
20580.000	0.037
20590.000	0.035
20600.000	0.034
20610.000	0.036
20620.000	0.040
20630.000	0.040
20640.000	0.038
20650.000	0.039
20660.000	0.039
20670.000	0.040
20680.000	0.039
20690.000	0.036
20700.000	0.032
20710.000	0.034
20720.000	0.033
20730.000	0.036
20740.000	0.034
20750.000	0.036
20760.000	0.036
20770.000	0.037
20780.000	0.037
20790.000	0.038
20800.000	0.037
20810.000	0.038
20820.000	0.039
20830.000	0.037
20840.000	0.036
20850.000	0.036
20860.000	0.035
20870.000	0.034
20880.000	0.033
20890.000	0.035
20900.000	0.035
20910.000	0.034
20920.000	0.035
20930.000	0.034
20940.000	0.035
20950.000	0.035
20960.000	0.036
20970.000	0.037
20980.000	0.037
20990.000	0.039
21000.000	0.038
21010.000	0.037
21020.000	0.033
21030.000	0.035
21040.000	0.034
21050.000	0.035
21060.000	0.036
21070.000	0.038
21080.000	0.034
21090.000	0.034
21100.000	0.035
21110.000	0.034
21120.000	0.033
21130.000	0.033
21140.000	0.035
21150.000	0.038
21160.000	0.039
21170.000	0.037
21180.000	0.038
21190.000	0.037
21200.000	0.035
21210.000	0.035
21220.000	0.035
21230.000	0.035
21240.000	0.034
21250.000	0.034
21260.000	0.034
21270.000	0.032
21280.000	0.032
21290.000	0.035
21300.000	0.036
21310.000	0.038
21320.000	0.037
21330.000	0.040
21340.000	0.037
21350.000	0.035
21360.000	0.039
21370.000	0.037
21380.000	0.037
21390.000	0.036
21400.000	0.036
21410.000	0.036
21420.000	0.033
21430.000	0.037
21440.000	0.037
21450.000	0.036
21460.000	0.036
21470.000	0.035
21480.000	0.036
21490.000	0.040
21500.000	0.038
21510.000	0.038
21520.000	0.037
21530.000	0.038
21540.000	0.037
21550.000	0.036
21560.000	0.036
21570.000	0.034
21580.000	0.035
21590.000	0.036
21600.000	0.036
21610.000	0.038
21620.000	0.036
21630.000	0.036
21640.000	0.038
21650.000	0.037
21660.000	0.037
21670.000	0.037
21680.000	0.038
21690.000	0.037
21700.000	0.037
21710.000	0.037
21720.000	0.036
21730.000	0.035
21740.000	0.037
21750.000	0.039
21760.000	0.034
21770.000	0.036
21780.000	0.034
21790.000	0.034
21800.000	0.034
21810.000	0.036
21820.000	0.036
21830.000	0.037
21840.000	0.038
21850.000	0.037
21860.000	0.037
21870.000	0.039
21880.000	0.037
21890.000	0.037
21900.000	0.034
21910.000	0.042
21920.000	0.041
21930.000	0.046
21940.000	0.060
21950.000	0.091
21960.000	0.160
21970.000	0.243
21980.000	0.264
21990.000	0.215
22000.000	0.126
22010.000	0.075
22020.000	0.051
22030.000	0.040
22040.000	0.036
22050.000	0.037
22060.000	0.035
22070.000	0.034
22080.000	0.034
22090.000	0.038
22100.000	0.036
22110.000	0.038
22120.000	0.039
22130.000	0.038
22140.000	0.037
22150.000	0.035
22160.000	0.037
22170.000	0.038
22180.000	0.037
22190.000	0.035
22200.000	0.036
22210.000	0.037
22220.000	0.038
22230.000	0.037
22240.000	0.037
22250.000	0.036
22260.000	0.033
22270.000	0.037
22280.000	0.034
22290.000	0.036
22300.000	0.037
22310.000	0.037
22320.000	0.040
22330.000	0.039
22340.000	0.035
22350.000	0.035
22360.000	0.034
22370.000	0.036
22380.000	0.032
22390.000	0.035
22400.000	0.038
22410.000	0.040
22420.000	0.039
22430.000	0.039
22440.000	0.036
22450.000	0.038
22460.000	0.037
22470.000	0.036
22480.000	0.035
22490.000	0.036
22500.000	0.034
22510.000	0.035
22520.000	0.034
22530.000	0.035
22540.000	0.037
22550.000	0.036
22560.000	0.036
22570.000	0.035
22580.000	0.033
22590.000	0.037
22600.000	0.038
22610.000	0.035
22620.000	0.033
22630.000	0.033
22640.000	0.035
22650.000	0.035
22660.000	0.035
22670.000	0.035
22680.000	0.037
22690.000	0.038
22700.000	0.038
22710.000	0.038
22720.000	0.041
22730.000	0.038
22740.000	0.037
22750.000	0.034
22760.000	0.033
22770.000	0.035
22780.000	0.038
22790.000	0.038
22800.000	0.039
22810.000	0.039
22820.000	0.037
22830.000	0.039
22840.000	0.037
22850.000	0.035
22860.000	0.034
22870.000	0.037
22880.000	0.044
22890.000	0.049
22900.000	0.056
22910.000	0.068
22920.000	0.118
22930.000	0.253
22940.000	0.536
22950.000	0.936
22960.000	1.314
22970.000	1.336
22980.000	0.941
22990.000	0.506
23000.000	0.264
23010.000	0.139
23020.000	0.086
23030.000	0.061
23040.000	0.048
23050.000	0.042
23060.000	0.042
23070.000	0.041
23080.000	0.039
23090.000	0.038
23100.000	0.038
23110.000	0.038
23120.000	0.036
23130.000	0.039
23140.000	0.036
23150.000	0.035
23160.000	0.039
23170.000	0.038
23180.000	0.035
23190.000	0.035
23200.000	0.033
23210.000	0.036
23220.000	0.036
23230.000	0.036
23240.000	0.037
23250.000	0.038
23260.000	0.035
23270.000	0.036
23280.000	0.036
23290.000	0.036
23300.000	0.034
23310.000	0.035
23320.000	0.037
23330.000	0.035
23340.000	0.036
23350.000	0.035
23360.000	0.035
23370.000	0.039
23380.000	0.038
23390.000	0.036
23400.000	0.036
23410.000	0.034
23420.000	0.034
23430.000	0.033
23440.000	0.036
23450.000	0.037
23460.000	0.039
23470.000	0.035
23480.000	0.035
23490.000	0.033
23500.000	0.032
23510.000	0.035
23520.000	0.038
23530.000	0.039
23540.000	0.039
23550.000	0.037
23560.000	0.034
23570.000	0.036
23580.000	0.041
23590.000	0.053
23600.000	0.081
23610.000	0.148
23620.000	0.250
23630.000	0.356
23640.000	0.384
23650.000	0.281
23660.000	0.163
23670.000	0.094
23680.000	0.062
23690.000	0.046
23700.000	0.039
23710.000	0.035
23720.000	0.038
23730.000	0.040
23740.000	0.039
23750.000	0.036
23760.000	0.035
23770.000	0.034
23780.000	0.038
23790.000	0.039
23800.000	0.038
23810.000	0.036
23820.000	0.033
23830.000	0.034
23840.000	0.035
23850.000	0.037
23860.000	0.038
23870.000	0.036
23880.000	0.033
23890.000	0.035
23900.000	0.036
23910.000	0.036
23920.000	0.038
23930.000	0.036
23940.000	0.035
23950.000	0.033
23960.000	0.035
23970.000	0.036
23980.000	0.037
23990.000	0.036
24000.000	0.035
24010.000	0.033
24020.000	0.033
24030.000	0.034
24040.000	0.035
24050.000	0.035
24060.000	0.032
24070.000	0.031
24080.000	0.031
24090.000	0.032
24100.000	0.034
24110.000	0.035
24120.000	0.036
24130.000	0.037
24140.000	0.035
24150.000	0.033
24160.000	0.033
24170.000	0.035
24180.000	0.035
24190.000	0.039
24200.000	0.037
24210.000	0.035
24220.000	0.032
24230.000	0.033
24240.000	0.035
24250.000	0.037
24260.000	0.037
24270.000	0.035
24280.000	0.034
24290.000	0.032
24300.000	0.034
24310.000	0.037
24320.000	0.036
24330.000	0.038
24340.000	0.036
24350.000	0.035
24360.000	0.036
24370.000	0.037
24380.000	0.037
24390.000	0.039
24400.000	0.036
24410.000	0.036
24420.000	0.035
24430.000	0.038
24440.000	0.039
24450.000	0.038
24460.000	0.039
24470.000	0.039
24480.000	0.043
24490.000	0.048
24500.000	0.051
24510.000	0.049
24520.000	0.057
24530.000	0.070
24540.000	0.106
24550.000	0.212
24560.000	0.475
24570.000	1.046
24580.000	1.728
24590.000	2.192
24600.000	2.062
24610.000	1.346
24620.000	0.710
24630.000	0.363
24640.000	0.206
24650.000	0.117
24660.000	0.082
24670.000	0.062
24680.000	0.053
24690.000	0.051
24700.000	0.046
24710.000	0.046
24720.000	0.043
24730.000	0.043
24740.000	0.040
24750.000	0.040
24760.000	0.040
24770.000	0.036
24780.000	0.037
24790.000	0.038
24800.000	0.037
24810.000	0.036
24820.000	0.037
24830.000	0.038
24840.000	0.037
24850.000	0.033
24860.000	0.036
24870.000	0.036
24880.000	0.037
24890.000	0.037
24900.000	0.037
24910.000	0.037
24920.000	0.039
24930.000	0.038
24940.000	0.035
24950.000	0.038
24960.000	0.036
24970.000	0.034
24980.000	0.035
24990.000	0.033
25000.000	0.034
25010.000	0.032
25020.000	0.033
25030.000	0.035
25040.000	0.036
25050.000	0.035
25060.000	0.035
25070.000	0.035
25080.000	0.036
25090.000	0.037
25100.000	0.037
25110.000	0.039
25120.000	0.038
25130.000	0.038
25140.000	0.038
25150.000	0.037
25160.000	0.037
25170.000	0.037
25180.000	0.037
25190.000	0.036
25200.000	0.036
25210.000	0.035
25220.000	0.034
25230.000	0.037
25240.000	0.038
25250.000	0.037
25260.000	0.039
25270.000	0.038
25280.000	0.036
25290.000	0.038
25300.000	0.038
25310.000	0.036
25320.000	0.036
25330.000	0.033
25340.000	0.033
25350.000	0.033
25360.000	0.035
25370.000	0.036
25380.000	0.040
25390.000	0.038
25400.000	0.037
25410.000	0.037
25420.000	0.036
25430.000	0.036
25440.000	0.034
25450.000	0.033
25460.000	0.032
25470.000	0.033
25480.000	0.034
25490.000	0.037
25500.000	0.036
25510.000	0.036
25520.000	0.035
25530.000	0.036
25540.000	0.034
25550.000	0.036
25560.000	0.036
25570.000	0.036
25580.000	0.035
25590.000	0.032
25600.000	0.035
25610.000	0.032
25620.000	0.034
25630.000	0.033
25640.000	0.033
25650.000	0.035
25660.000	0.033
25670.000	0.036
25680.000	0.035
25690.000	0.036
25700.000	0.035
25710.000	0.035
25720.000	0.037
25730.000	0.036
25740.000	0.037
25750.000	0.034
25760.000	0.035
25770.000	0.037
25780.000	0.035
25790.000	0.038
25800.000	0.038
25810.000	0.035
25820.000	0.031
25830.000	0.031
25840.000	0.032
25850.000	0.034
25860.000	0.034
25870.000	0.034
25880.000	0.034
25890.000	0.035
25900.000	0.033
25910.000	0.036
25920.000	0.034
25930.000	0.036
25940.000	0.037
25950.000	0.036
25960.000	0.032
25970.000	0.032
25980.000	0.032
25990.000	0.035
26000.000	0.037
26010.000	0.036
26020.000	0.038
26030.000	0.034
26040.000	0.033
26050.000	0.035
26060.000	0.037
26070.000	0.036
26080.000	0.035
26090.000	0.031
26100.000	0.033
26110.000	0.034
26120.000	0.034
26130.000	0.035
26140.000	0.036
26150.000	0.036
26160.000	0.034
26170.000	0.036
26180.000	0.035
26190.000	0.036
26200.000	0.035
26210.000	0.034
26220.000	0.035
26230.000	0.036
26240.000	0.035
26250.000	0.035
26260.000	0.036
26270.000	0.036
26280.000	0.037
26290.000	0.035
26300.000	0.032
26310.000	0.033
26320.000	0.034
26330.000	0.036
26340.000	0.037
26350.000	0.035
26360.000	0.034
26370.000	0.033
26380.000	0.034
26390.000	0.035
26400.000	0.036
26410.000	0.035
26420.000	0.033
26430.000	0.033
26440.000	0.034
26450.000	0.039
26460.000	0.035
26470.000	0.034
26480.000	0.036
26490.000	0.036
26500.000	0.037
26510.000	0.037
26520.000	0.034
26530.000	0.035
26540.000	0.034
26550.000	0.036
26560.000	0.036
26570.000	0.032
26580.000	0.034
26590.000	0.036
26600.000	0.035
26610.000	0.038
26620.000	0.037
26630.000	0.035
26640.000	0.036
26650.000	0.036
26660.000	0.037
26670.000	0.037
26680.000	0.034
26690.000	0.032
26700.000	0.036
26710.000	0.035
26720.000	0.035
26730.000	0.034
26740.000	0.034
26750.000	0.032
26760.000	0.032
26770.000	0.032
26780.000	0.030
26790.000	0.032
26800.000	0.033
26810.000	0.034
26820.000	0.034
26830.000	0.036
26840.000	0.035
26850.000	0.036
26860.000	0.036
26870.000	0.035
26880.000	0.037
26890.000	0.037
26900.000	0.037
26910.000	0.036
26920.000	0.036
26930.000	0.036
26940.000	0.035
26950.000	0.035
26960.000	0.034
26970.000	0.035
26980.000	0.034
26990.000	0.034
27000.000	0.031
27010.000	0.033
27020.000	0.035
27030.000	0.034
27040.000	0.035
27050.000	0.034
27060.000	0.034
27070.000	0.035
27080.000	0.035
27090.000	0.036
27100.000	0.034
27110.000	0.036
27120.000	0.038
27130.000	0.036
27140.000	0.035
27150.000	0.037
27160.000	0.036
27170.000	0.034
27180.000	0.033
27190.000	0.033
27200.000	0.031
27210.000	0.034
27220.000	0.033
27230.000	0.035
27240.000	0.036
27250.000	0.033
27260.000	0.032
27270.000	0.032
27280.000	0.033
27290.000	0.031
27300.000	0.032
27310.000	0.034
27320.000	0.034
27330.000	0.034
27340.000	0.034
27350.000	0.036
27360.000	0.036
27370.000	0.036
27380.000	0.037
27390.000	0.037
27400.000	0.038
27410.000	0.034
27420.000	0.034
27430.000	0.034
27440.000	0.037
27450.000	0.036
27460.000	0.034
27470.000	0.035
27480.000	0.034
27490.000	0.034
27500.000	0.035
27510.000	0.035
27520.000	0.035
27530.000	0.035
27540.000	0.036
27550.000	0.033
27560.000	0.035
27570.000	0.034
27580.000	0.034
27590.000	0.033
27600.000	0.034
27610.000	0.033
27620.000	0.034
27630.000	0.034
27640.000	0.034
27650.000	0.037
27660.000	0.034
27670.000	0.034
27680.000	0.032
27690.000	0.032
27700.000	0.033
27710.000	0.036
27720.000	0.036
27730.000	0.038
27740.000	0.037
27750.000	0.037
27760.000	0.041
27770.000	0.053
27780.000	0.082
27790.000	0.130
27800.000	0.193
27810.000	0.258
27820.000	0.262
27830.000	0.202
27840.000	0.135
27850.000	0.081
27860.000	0.056
27870.000	0.040
27880.000	0.037
27890.000	0.035
27900.000	0.040
27910.000	0.038
27920.000	0.035
27930.000	0.034
27940.000	0.033
27950.000	0.034
27960.000	0.034
27970.000	0.035
27980.000	0.034
27990.000	0.033
28000.000	0.035
28010.000	0.034
28020.000	0.036
28030.000	0.034
28040.000	0.034
28050.000	0.033
28060.000	0.034
28070.000	0.032
28080.000	0.032
28090.000	0.032
28100.000	0.032
28110.000	0.032
28120.000	0.034
28130.000	0.038
28140.000	0.037
28150.000	0.037
28160.000	0.035
28170.000	0.037
28180.000	0.035
28190.000	0.035
28200.000	0.035
28210.000	0.034
28220.000	0.034
28230.000	0.033
28240.000	0.031
28250.000	0.032
28260.000	0.032
28270.000	0.031
28280.000	0.031
28290.000	0.032
28300.000	0.032
28310.000	0.032
28320.000	0.033
28330.000	0.034
28340.000	0.034
28350.000	0.036
28360.000	0.035
28370.000	0.035
28380.000	0.035
28390.000	0.033
28400.000	0.035
28410.000	0.036
28420.000	0.033
28430.000	0.033
28440.000	0.031
28450.000	0.030
28460.000	0.032
28470.000	0.032
28480.000	0.032
28490.000	0.035
28500.000	0.037
28510.000	0.035
28520.000	0.035
28530.000	0.034
28540.000	0.032
28550.000	0.032
28560.000	0.032
28570.000	0.033
28580.000	0.033
28590.000	0.034
28600.000	0.033
28610.000	0.035
28620.000	0.035
28630.000	0.049
28640.000	0.039
28650.000	0.036
28660.000	0.037
28670.000	0.034
28680.000	0.033
28690.000	0.032
28700.000	0.034
28710.000	0.035
28720.000	0.036
28730.000	0.036
28740.000	0.037
28750.000	0.038
28760.000	0.037
28770.000	0.035
28780.000	0.032
28790.000	0.032
28800.000	0.035
28810.000	0.033
28820.000	0.036
28830.000	0.035
28840.000	0.036
28850.000	0.035
28860.000	0.037
28870.000	0.034
28880.000	0.031
28890.000	0.034
28900.000	0.033
28910.000	0.036
28920.000	0.036
28930.000	0.035
28940.000	0.034
28950.000	0.036
28960.000	0.038
28970.000	0.037
28980.000	0.036
28990.000	0.036
29000.000	0.036
29010.000	0.034
29020.000	0.036
29030.000	0.037
29040.000	0.038
29050.000	0.035
29060.000	0.034
29070.000	0.035
29080.000	0.036
29090.000	0.038
29100.000	0.039
29110.000	0.038
29120.000	0.039
29130.000	0.044
29140.000	0.051
29150.000	0.061
29160.000	0.081
29170.000	0.129
29180.000	0.207
29190.000	0.395
29200.000	0.659
29210.000	0.916
29220.000	1.105
29230.000	1.054
29240.000	0.742
29250.000	0.386
29260.000	0.205
29270.000	0.122
29280.000	0.094
29290.000	0.087
29300.000	0.112
29310.000	0.160
29320.000	0.253
29330.000	0.340
29340.000	0.372
29350.000	0.333
29360.000	0.234
29370.000	0.136
29380.000	0.083
29390.000	0.059
29400.000	0.049
29410.000	0.044
29420.000	0.044
29430.000	0.035
29440.000	0.034
29450.000	0.034
29460.000	0.035
29470.000	0.036
29480.000	0.039
29490.000	0.038
29500.000	0.035
29510.000	0.034
29520.000	0.033
29530.000	0.034
29540.000	0.033
29550.000	0.035
29560.000	0.038
29570.000	0.038
29580.000	0.037
29590.000	0.036
29600.000	0.036
29610.000	0.032
29620.000	0.031
29630.000	0.032
29640.000	0.033
29650.000	0.033
29660.000	0.033
29670.000	0.034
29680.000	0.037
29690.000	0.035
29700.000	0.032
29710.000	0.031
29720.000	0.030
29730.000	0.033
29740.000	0.036
29750.000	0.036
29760.000	0.036
29770.000	0.035
29780.000	0.035
29790.000	0.037
29800.000	0.035
29810.000	0.032
29820.000	0.033
29830.000	0.032
29840.000	0.033
29850.000	0.030
29860.000	0.035
29870.000	0.035
29880.000	0.038
29890.000	0.038
29900.000	0.035
29910.000	0.033
29920.000	0.034
29930.000	0.033
29940.000	0.033
29950.000	0.031
29960.000	0.033
29970.000	0.034
29980.000	0.036
29990.000	0.035
30000.000	0.033
30010.000	0.032
30020.000	0.030
30030.000	0.032
30040.000	0.031
30050.000	0.035
30060.000	0.035
30070.000	0.037
30080.000	0.037
30090.000	0.035
30100.000	0.037
30110.000	0.038
30120.000	0.036
30130.000	0.034
30140.000	0.035
30150.000	0.033
30160.000	0.034
30170.000	0.033
30180.000	0.034
30190.000	0.035
30200.000	0.034
30210.000	0.033
30220.000	0.035
30230.000	0.034
30240.000	0.034
30250.000	0.032
30260.000	0.030
30270.000	0.030
30280.000	0.032
30290.000	0.032
30300.000	0.035
30310.000	0.036
30320.000	0.036
30330.000	0.035
30340.000	0.035
30350.000	0.035
30360.000	0.033
30370.000	0.033
30380.000	0.033
30390.000	0.032
30400.000	0.033
30410.000	0.031
30420.000	0.031
30430.000	0.032
30440.000	0.033
30450.000	0.037
30460.000	0.038
30470.000	0.038
30480.000	0.037
30490.000	0.037
30500.000	0.037
30510.000	0.036
30520.000	0.038
30530.000	0.034
30540.000	0.034
30550.000	0.036
30560.000	0.036
30570.000	0.035
30580.000	0.035
30590.000	0.037
30600.000	0.040
30610.000	0.048
30620.000	0.053
30630.000	0.062
30640.000	0.089
30650.000	0.151
30660.000	0.253
30670.000	0.465
30680.000	0.764
30690.000	1.168
30700.000	1.543
30710.000	1.658
30720.000	1.469
30730.000	0.966
30740.000	0.491
30750.000	0.217
30760.000	0.115
30770.000	0.073
30780.000	0.056
30790.000	0.050
30800.000	0.041
30810.000	0.042
30820.000	0.042
30830.000	0.038
30840.000	0.039
30850.000	0.040
30860.000	0.037
30870.000	0.037
30880.000	0.035
30890.000	0.035
30900.000	0.034
30910.000	0.035
30920.000	0.034
30930.000	0.033
30940.000	0.035
30950.000	0.034
30960.000	0.035
30970.000	0.036
30980.000	0.034
30990.000	0.034
31000.000	0.033
31010.000	0.032
31020.000	0.034
31030.000	0.031
31040.000	0.032
31050.000	0.034
31060.000	0.035
31070.000	0.036
31080.000	0.035
31090.000	0.034
31100.000	0.032
31110.000	0.033
31120.000	0.031
31130.000	0.034
31140.000	0.036
31150.000	0.037
31160.000	0.036
31170.000	0.035
31180.000	0.033
31190.000	0.032
31200.000	0.032
31210.000	0.031
31220.000	0.034
31230.000	0.033
31240.000	0.032
31250.000	0.031
31260.000	0.033
31270.000	0.034
31280.000	0.034
31290.000	0.035
31300.000	0.036
31310.000	0.035
31320.000	0.036
31330.000	0.031
31340.000	0.032
31350.000	0.031
31360.000	0.033
31370.000	0.031
31380.000	0.030
31390.000	0.032
31400.000	0.030
31410.000	0.035
31420.000	0.035
31430.000	0.035
31440.000	0.035
31450.000	0.035
31460.000	0.036
31470.000	0.037
31480.000	0.034
31490.000	0.033
31500.000	0.032
31510.000	0.031
31520.000	0.031
31530.000	0.031
31540.000	0.034
31550.000	0.032
31560.000	0.034
31570.000	0.033
31580.000	0.034
31590.000	0.035
31600.000	0.035
31610.000	0.036
31620.000	0.034
31630.000	0.033
31640.000	0.033
31650.000	0.033
31660.000	0.033
31670.000	0.031
31680.000	0.031
31690.000	0.031
31700.000	0.033
31710.000	0.033
31720.000	0.033
31730.000	0.035
31740.000	0.035
31750.000	0.034
31760.000	0.033
31770.000	0.035
31780.000	0.034
31790.000	0.034
31800.000	0.034
31810.000	0.032
31820.000	0.031
31830.000	0.032
31840.000	0.032
31850.000	0.036
31860.000	0.032
31870.000	0.034
31880.000	0.032
31890.000	0.034
31900.000	0.033
31910.000	0.033
31920.000	0.032
31930.000	0.033
31940.000	0.033
31950.000	0.033
31960.000	0.031
31970.000	0.032
31980.000	0.034
31990.000	0.034
32000.000	0.034
32010.000	0.036
32020.000	0.034
32030.000	0.033
32040.000	0.033
32050.000	0.031
32060.000	0.031
32070.000	0.033
32080.000	0.033
32090.000	0.034
32100.000	0.034
32110.000	0.035
32120.000	0.032
32130.000	0.030
32140.000	0.032
32150.000	0.034
32160.000	0.034
32170.000	0.033
32180.000	0.031
32190.000	0.033
32200.000	0.031
32210.000	0.030
32220.000	0.033
32230.000	0.036
32240.000	0.034
32250.000	0.031
32260.000	0.032
32270.000	0.035
32280.000	0.036
32290.000	0.034
32300.000	0.034
32310.000	0.036
32320.000	0.035
32330.000	0.037
32340.000	0.036
32350.000	0.034
32360.000	0.031
32370.000	0.030
32380.000	0.033
32390.000	0.033
32400.000	0.033
32410.000	0.033
32420.000	0.034
32430.000	0.035
32440.000	0.035
32450.000	0.034
32460.000	0.035
32470.000	0.033
32480.000	0.031
32490.000	0.031
32500.000	0.031
32510.000	0.030
32520.000	0.031
32530.000	0.031
32540.000	0.030
32550.000	0.031
32560.000	0.031
32570.000	0.030
32580.000	0.033
32590.000	0.034
32600.000	0.033
32610.000	0.034
32620.000	0.034
32630.000	0.035
32640.000	0.034
32650.000	0.035
32660.000	0.035
32670.000	0.034
32680.000	0.031
32690.000	0.031
32700.000	0.033
32710.000	0.033
32720.000	0.032
32730.000	0.030
32740.000	0.030
32750.000	0.031
32760.000	0.033
32770.000	0.035
32780.000	0.035
32790.000	0.034
32800.000	0.032
32810.000	0.034
32820.000	0.033
32830.000	0.035
32840.000	0.034
32850.000	0.033
32860.000	0.035
32870.000	0.036
32880.000	0.034
32890.000	0.034
32900.000	0.032
32910.000	0.032
32920.000	0.034
32930.000	0.036
32940.000	0.034
32950.000	0.034
32960.000	0.035
32970.000	0.035
32980.000	0.033
32990.000	0.034
33000.000	0.031
33010.000	0.031
33020.000	0.031
33030.000	0.030
33040.000	0.030
33050.000	0.034
33060.000	0.034
33070.000	0.035
33080.000	0.034
33090.000	0.032
33100.000	0.031
33110.000	0.033
33120.000	0.032
33130.000	0.032
33140.000	0.033
33150.000	0.033
33160.000	0.034
33170.000	0.035
33180.000	0.031
33190.000	0.034
33200.000	0.032
33210.000	0.032
33220.000	0.034
33230.000	0.031
33240.000	0.032
33250.000	0.033
33260.000	0.031
33270.000	0.035
33280.000	0.033
33290.000	0.031
33300.000	0.032
33310.000	0.031
33320.000	0.031
33330.000	0.032
33340.000	0.033
33350.000	0.033
33360.000	0.032
33370.000	0.030
33380.000	0.030
33390.000	0.031
33400.000	0.033
33410.000	0.033
33420.000	0.032
33430.000	0.030
33440.000	0.032
33450.000	0.035
33460.000	0.035
33470.000	0.034
33480.000	0.034
33490.000	0.030
33500.000	0.033
33510.000	0.034
33520.000	0.034
33530.000	0.029
33540.000	0.029
33550.000	0.030
33560.000	0.032
33570.000	0.035
33580.000	0.035
33590.000	0.033
33600.000	0.033
33610.000	0.031
33620.000	0.036
33630.000	0.042
33640.000	0.052
33650.000	0.063
33660.000	0.083
33670.000	0.110
33680.000	0.142
33690.000	0.184
33700.000	0.203
33710.000	0.185
33720.000	0.132
33730.000	0.088
33740.000	0.066
33750.000	0.056
33760.000	0.067
33770.000	0.078
33780.000	0.094
33790.000	0.105
33800.000	0.112
33810.000	0.109
33820.000	0.082
33830.000	0.060
33840.000	0.044
33850.000	0.037
33860.000	0.036
33870.000	0.036
33880.000	0.033
33890.000	0.029
33900.000	0.029
33910.000	0.031
33920.000	0.032
33930.000	0.032
33940.000	0.034
33950.000	0.032
33960.000	0.030
33970.000	0.033
33980.000	0.034
33990.000	0.035
34000.000	0.032
34010.000	0.031
34020.000	0.033
34030.000	0.033
34040.000	0.033
34050.000	0.032
34060.000	0.031
34070.000	0.029
34080.000	0.031
34090.000	0.035
34100.000	0.034
34110.000	0.033
34120.000	0.031
34130.000	0.029
34140.000	0.029
34150.000	0.030
34160.000	0.033
34170.000	0.037
34180.000	0.033
34190.000	0.030
34200.000	0.028
34210.000	0.029
34220.000	0.033
34230.000	0.033
34240.000	0.033
34250.000	0.031
34260.000	0.030
34270.000	0.031
34280.000	0.033
34290.000	0.033
34300.000	0.034
34310.000	0.034
34320.000	0.035
34330.000	0.033
34340.000	0.033
34350.000	0.031
34360.000	0.029
34370.000	0.029
34380.000	0.028
34390.000	0.029
34400.000	0.032
34410.000	0.032
34420.000	0.032
34430.000	0.034
34440.000	0.033
34450.000	0.033
34460.000	0.031
34470.000	0.033
34480.000	0.030
34490.000	0.029
34500.000	0.029
34510.000	0.029
34520.000	0.029
34530.000	0.028
34540.000	0.028
34550.000	0.030
34560.000	0.029
34570.000	0.030
34580.000	0.030
34590.000	0.030
34600.000	0.031
34610.000	0.032
34620.000	0.031
34630.000	0.032
34640.000	0.034
34650.000	0.034
34660.000	0.033
34670.000	0.033
34680.000	0.034
34690.000	0.033
34700.000	0.033
34710.000	0.032
34720.000	0.030
34730.000	0.029
34740.000	0.029
34750.000	0.031
34760.000	0.031
34770.000	0.033
34780.000	0.034
34790.000	0.033
34800.000	0.034
34810.000	0.032
34820.000	0.030
34830.000	0.029
34840.000	0.029
34850.000	0.031
34860.000	0.029
34870.000	0.028
34880.000	0.029
34890.000	0.030
34900.000	0.031
34910.000	0.031
34920.000	0.033
34930.000	0.032
34940.000	0.032
34950.000	0.033
34960.000	0.035
34970.000	0.034
34980.000	0.034
34990.000	0.032
35000.000	0.031
35010.000	0.032
35020.000	0.032
35030.000	0.032
35040.000	0.032
35050.000	0.032
35060.000	0.031
35070.000	0.031
35080.000	0.031
35090.000	0.031
35100.000	0.030
35110.000	0.031
35120.000	0.030
35130.000	0.032
35140.000	0.030
35150.000	0.029
35160.000	0.030
35170.000	0.034
35180.000	0.033
35190.000	0.033
35200.000	0.031
35210.000	0.033
35220.000	0.033
35230.000	0.033
35240.000	0.032
35250.000	0.029
35260.000	0.029
35270.000	0.030
35280.000	0.033
35290.000	0.033
35300.000	0.029
35310.000	0.029
35320.000	0.032
35330.000	0.034
35340.000	0.031
35350.000	0.028
35360.000	0.029
35370.000	0.032
35380.000	0.032
35390.000	0.029
35400.000	0.030
35410.000	0.031
35420.000	0.033
35430.000	0.033
35440.000	0.034
35450.000	0.030
35460.000	0.029
35470.000	0.031
35480.000	0.033
35490.000	0.032
35500.000	0.033
35510.000	0.031
35520.000	0.029
35530.000	0.030
35540.000	0.030
35550.000	0.031
35560.000	0.032
35570.000	0.033
35580.000	0.032
35590.000	0.030
35600.000	0.030
35610.000	0.030
35620.000	0.032
35630.000	0.032
35640.000	0.032
35650.000	0.030
35660.000	0.030
35670.000	0.032
35680.000	0.030
35690.000	0.029
35700.000	0.030
35710.000	0.032
35720.000	0.036
35730.000	0.033
35740.000	0.033
35750.000	0.033
35760.000	0.034
35770.000	0.033
35780.000	0.033
35790.000	0.030
35800.000	0.031
35810.000	0.031
35820.000	0.031
35830.000	0.032
35840.000	0.030
35850.000	0.030
35860.000	0.030
35870.000	0.030
35880.000	0.030
35890.000	0.031
35900.000	0.032
35910.000	0.032
35920.000	0.032
35930.000	0.032
35940.000	0.033
35950.000	0.032
35960.000	0.031
35970.000	0.031
35980.000	0.030
35990.000	0.030
36000.000	0.029
36010.000	0.030
36020.000	0.032
36030.000	0.033
36040.000	0.032
36050.000	0.032
36060.000	0.032
36070.000	0.032
36080.000	0.032
36090.000	0.032
36100.000	0.030
36110.000	0.030
36120.000	0.029
36130.000	0.028
36140.000	0.028
36150.000	0.028
36160.000	0.031
36170.000	0.031
36180.000	0.032
36190.000	0.032
36200.000	0.031
36210.000	0.029
36220.000	0.028
36230.000	0.030
36240.000	0.033
36250.000	0.033
36260.000	0.032
36270.000	0.029
36280.000	0.030
36290.000	0.028
36300.000	0.030
36310.000	0.033
36320.000	0.033
36330.000	0.031
36340.000	0.029
36350.000	0.028
36360.000	0.033
36370.000	0.033
36380.000	0.033
36390.000	0.031
36400.000	0.029
36410.000	0.030
36420.000	0.032
36430.000	0.032
36440.000	0.033
36450.000	0.032
36460.000	0.028
36470.000	0.029
36480.000	0.031
36490.000	0.032
36500.000	0.032
36510.000	0.032
36520.000	0.029
36530.000	0.030
36540.000	0.033
36550.000	0.035
36560.000	0.037
36570.000	0.034
36580.000	0.039
36590.000	0.047
36600.000	0.061
36610.000	0.065
36620.000	0.067
36630.000	0.077
36640.000	0.076
36650.000	0.067
36660.000	0.052
36670.000	0.041
36680.000	0.036
36690.000	0.033
36700.000	0.033
36710.000	0.032
36720.000	0.030
36730.000	0.030
36740.000	0.029
36750.000	0.030
36760.000	0.030
36770.000	0.029
36780.000	0.030
36790.000	0.031
36800.000	0.032
36810.000	0.032
36820.000	0.033
36830.000	0.033
36840.000	0.031
36850.000	0.030
36860.000	0.030
36870.000	0.029
36880.000	0.029
36890.000	0.028
36900.000	0.029
36910.000	0.030
36920.000	0.032
36930.000	0.032
36940.000	0.028
36950.000	0.029
36960.000	0.031
36970.000	0.029
36980.000	0.030
36990.000	0.030
37000.000	0.030
37010.000	0.030
37020.000	0.031
37030.000	0.031
37040.000	0.031
37050.000	0.031
37060.000	0.032
37070.000	0.030
37080.000	0.032
37090.000	0.030
37100.000	0.028
37110.000	0.029
37120.000	0.030
37130.000	0.032
37140.000	0.031
37150.000	0.033
37160.000	0.032
37170.000	0.032
37180.000	0.031
37190.000	0.029
37200.000	0.028
37210.000	0.028
37220.000	0.028
37230.000	0.028
37240.000	0.030
37250.000	0.031
37260.000	0.032
37270.000	0.032
37280.000	0.032
37290.000	0.031
37300.000	0.029
37310.000	0.029
37320.000	0.029
37330.000	0.031
37340.000	0.031
37350.000	0.029
37360.000	0.029
37370.000	0.031
37380.000	0.032
37390.000	0.030
37400.000	0.030
37410.000	0.031
37420.000	0.030
37430.000	0.029
37440.000	0.030
37450.000	0.031
37460.000	0.030
37470.000	0.030
37480.000	0.031
37490.000	0.030
37500.000	0.029
37510.000	0.030
37520.000	0.032
37530.000	0.029
37540.000	0.031
37550.000	0.034
37560.000	0.033
37570.000	0.032
37580.000	0.030
37590.000	0.029
37600.000	0.029
37610.000	0.029
37620.000	0.029
37630.000	0.032
37640.000	0.033
37650.000	0.033
37660.000	0.032
37670.000	0.030
37680.000	0.029
37690.000	0.027
37700.000	0.031
37710.000	0.031
37720.000	0.032
37730.000	0.032
37740.000	0.030
37750.000	0.028
37760.000	0.029
37770.000	0.030
37780.000	0.031
37790.000	0.032
37800.000	0.030
37810.000	0.029
37820.000	0.028
37830.000	0.029
37840.000	0.033
37850.000	0.033
37860.000	0.035
37870.000	0.035
37880.000	0.034
37890.000	0.032
37900.000	0.033
37910.000	0.035
37920.000	0.044
37930.000	0.053
37940.000	0.059
37950.000	0.058
37960.000	0.067
37970.000	0.067
37980.000	0.057
37990.000	0.048
38000.000	0.043
38010.000	0.038
38020.000	0.037
38030.000	0.034
38040.000	0.032
38050.000	0.031
38060.000	0.030
38070.000	0.030
38080.000	0.030
38090.000	0.031
38100.000	0.030
38110.000	0.028
38120.000	0.028
38130.000	0.029
38140.000	0.029
38150.000	0.028
38160.000	0.030
38170.000	0.030
38180.000	0.031
38190.000	0.031
38200.000	0.032
38210.000	0.031
38220.000	0.031
38230.000	0.032
38240.000	0.031
38250.000	0.028
38260.000	0.030
38270.000	0.028
38280.000	0.028
38290.000	0.028
38300.000	0.027
38310.000	0.028
38320.000	0.028
38330.000	0.028
38340.000	0.028
38350.000	0.029
38360.000	0.029
38370.000	0.029
38380.000	0.031
38390.000	0.031
38400.000	0.031
38410.000	0.031
38420.000	0.032
38430.000	0.033
38440.000	0.032
38450.000	0.032
38460.000	0.032
38470.000	0.032
38480.000	0.033
38490.000	0.031
38500.000	0.031
38510.000	0.031
38520.000	0.032
38530.000	0.031
38540.000	0.031
38550.000	0.033
38560.000	0.033
38570.000	0.036
38580.000	0.041
38590.000	0.048
38600.000	0.057
38610.000	0.066
38620.000	0.078
38630.000	0.093
38640.000	0.101
38650.000	0.095
38660.000	0.075
38670.000	0.050
38680.000	0.039
38690.000	0.035
38700.000	0.033
38710.000	0.032
38720.000	0.033
38730.000	0.034
38740.000	0.031
38750.000	0.030
38760.000	0.029
38770.000	0.028
38780.000	0.028
38790.000	0.031
38800.000	0.033
38810.000	0.034
38820.000	0.034
38830.000	0.034
38840.000	0.034
38850.000	0.031
38860.000	0.031
38870.000	0.029
38880.000	0.029
38890.000	0.029
38900.000	0.030
38910.000	0.030
38920.000	0.032
38930.000	0.029
38940.000	0.029
38950.000	0.029
38960.000	0.029
38970.000	0.032
38980.000	0.032
38990.000	0.032
39000.000	0.031
39010.000	0.031
39020.000	0.031
39030.000	0.032
39040.000	0.031
39050.000	0.029
39060.000	0.028
39070.000	0.029
39080.000	0.027
39090.000	0.027
39100.000	0.029
39110.000	0.030
39120.000	0.028
39130.000	0.030
39140.000	0.032
39150.000	0.031
39160.000	0.030
39170.000	0.032
39180.000	0.031
39190.000	0.032
39200.000	0.033
39210.000	0.031
39220.000	0.031
39230.000	0.031
39240.000	0.028
39250.000	0.027
39260.000	0.028
39270.000	0.029
39280.000	0.029
39290.000	0.029
39300.000	0.030
39310.000	0.030
39320.000	0.031
39330.000	0.031
39340.000	0.032
39350.000	0.029
39360.000	0.030
39370.000	0.032
39380.000	0.032
39390.000	0.033
39400.000	0.032
39410.000	0.032
39420.000	0.032
39430.000	0.032
39440.000	0.032
39450.000	0.032
39460.000	0.031
39470.000	0.028
39480.000	0.029
39490.000	0.029
39500.000	0.029
39510.000	0.031
39520.000	0.032
39530.000	0.033
39540.000	0.032
39550.000	0.031
39560.000	0.032
39570.000	0.030
39580.000	0.030
39590.000	0.027
39600.000	0.030
39610.000	0.028
39620.000	0.029
39630.000	0.031
39640.000	0.029
39650.000	0.027
39660.000	0.028
39670.000	0.028
39680.000	0.030
39690.000	0.031
39700.000	0.030
39710.000	0.031
39720.000	0.030
39730.000	0.032
39740.000	0.031
39750.000	0.032
39760.000	0.031
39770.000	0.031
39780.000	0.030
39790.000	0.030
39800.000	0.032
39810.000	0.033
39820.000	0.033
39830.000	0.033
39840.000	0.034
39850.000	0.038
39860.000	0.047
39870.000	0.050
39880.000	0.059
39890.000	0.072
39900.000	0.082
39910.000	0.102
39920.000	0.095
39930.000	0.087
39940.000	0.077
39950.000	0.057
39960.000	0.043
39970.000	0.035
39980.000	0.035
39990.000	0.033
40000.000	0.030
40010.000	0.030
40020.000	0.029
40030.000	0.031
40040.000	0.032
40050.000	0.032
40060.000	0.030
40070.000	0.027
40080.000	0.028
40090.000	0.030
40100.000	0.032
40110.000	0.032
40120.000	0.028
40130.000	0.028
40140.000	0.028
40150.000	0.032
40160.000	0.032
40170.000	0.029
40180.000	0.029
40190.000	0.028
40200.000	0.031
40210.000	0.032
40220.000	0.029
40230.000	0.029
40240.000	0.028
40250.000	0.031
40260.000	0.034
40270.000	0.030
40280.000	0.028
40290.000	0.028
40300.000	0.031
40310.000	0.032
40320.000	0.030
40330.000	0.028
40340.000	0.027
40350.000	0.032
40360.000	0.032
40370.000	0.030
40380.000	0.031
40390.000	0.027
40400.000	0.029
40410.000	0.030
40420.000	0.032
40430.000	0.032
40440.000	0.032
40450.000	0.032
40460.000	0.030
40470.000	0.028
40480.000	0.027
40490.000	0.030
40500.000	0.032
40510.000	0.032
40520.000	0.032
40530.000	0.029
40540.000	0.028
40550.000	0.028
40560.000	0.029
40570.000	0.030
40580.000	0.031
40590.000	0.032
40600.000	0.031
40610.000	0.031
40620.000	0.029
40630.000	0.028
40640.000	0.028
40650.000	0.028
40660.000	0.032
40670.000	0.032
40680.000	0.028
40690.000	0.029
40700.000	0.028
40710.000	0.030
40720.000	0.031
40730.000	0.031
40740.000	0.031
40750.000	0.031
40760.000	0.030
40770.000	0.030
40780.000	0.028
40790.000	0.030
40800.000	0.032
40810.000	0.031
40820.000	0.032
40830.000	0.030
40840.000	0.028
40850.000	0.028
40860.000	0.029
40870.000	0.032
40880.000	0.032
40890.000	0.030
40900.000	0.028
40910.000	0.030
40920.000	0.028
40930.000	0.029
40940.000	0.031
40950.000	0.032
40960.000	0.031
40970.000	0.029
40980.000	0.028
40990.000	0.028
41000.000	0.030
41010.000	0.032
41020.000	0.032
41030.000	0.030
41040.000	0.027
41050.000	0.029
41060.000	0.031
41070.000	0.032
41080.000	0.032
41090.000	0.031
41100.000	0.028
41110.000	0.032
41120.000	0.031
41130.000	0.030
41140.000	0.029
41150.000	0.029
41160.000	0.029
41170.000	0.029
41180.000	0.028
41190.000	0.029
41200.000	0.030
41210.000	0.031
41220.000	0.030
41230.000	0.030
41240.000	0.029
41250.000	0.031
41260.000	0.031
41270.000	0.030
41280.000	0.030
41290.000	0.029
41300.000	0.029
41310.000	0.030
41320.000	0.029
41330.000	0.030
41340.000	0.033
41350.000	0.033
41360.000	0.031
41370.000	0.028
41380.000	0.029
41390.000	0.031
41400.000	0.030
41410.000	0.029
41420.000	0.027
41430.000	0.030
41440.000	0.031
41450.000	0.032
41460.000	0.034
41470.000	0.031
41480.000	0.028
41490.000	0.028
41500.000	0.028
41510.000	0.032
41520.000	0.032
41530.000	0.031
41540.000	0.030
41550.000	0.029
41560.000	0.029
41570.000	0.030
41580.000	0.031
41590.000	0.033
41600.000	0.031
41610.000	0.029
41620.000	0.029
41630.000	0.029
41640.000	0.031
41650.000	0.031
41660.000	0.031
41670.000	0.030
41680.000	0.030
41690.000	0.028
41700.000	0.028
41710.000	0.029
41720.000	0.029
41730.000	0.031
41740.000	0.032
41750.000	0.030
41760.000	0.029
41770.000	0.030
41780.000	0.032
41790.000	0.032
41800.000	0.030
41810.000	0.028
41820.000	0.029
41830.000	0.028
41840.000	0.030
41850.000	0.032
41860.000	0.033
41870.000	0.032
41880.000	0.029
41890.000	0.028
41900.000	0.028
41910.000	0.028
41920.000	0.029
41930.000	0.031
41940.000	0.032
41950.000	0.032
41960.000	0.031
41970.000	0.029
41980.000	0.028
41990.000	0.028
42000.000	0.030
42010.000	0.030
42020.000	0.033
42030.000	0.032
42040.000	0.030
42050.000	0.028
42060.000	0.028
42070.000	0.029
42080.000	0.032
42090.000	0.030
42100.000	0.029
42110.000	0.029
42120.000	0.032
42130.000	0.030
42140.000	0.030
42150.000	0.030
42160.000	0.030
42170.000	0.031
42180.000	0.030
42190.000	0.029
42200.000	0.030
42210.000	0.030
42220.000	0.032
42230.000	0.030
42240.000	0.028
42250.000	0.029
42260.000	0.030
42270.000	0.031
42280.000	0.033
42290.000	0.033
42300.000	0.029
42310.000	0.028
42320.000	0.027
42330.000	0.028
42340.000	0.032
42350.000	0.031
42360.000	0.029
42370.000	0.030
42380.000	0.028
42390.000	0.030
42400.000	0.035
42410.000	0.031
42420.000	0.029
42430.000	0.028
42440.000	0.030
42450.000	0.031
42460.000	0.029
42470.000	0.030
42480.000	0.027
42490.000	0.029
42500.000	0.032
42510.000	0.033
42520.000	0.031
42530.000	0.028
42540.000	0.030
42550.000	0.033
42560.000	0.032
42570.000	0.030
42580.000	0.026
42590.000	0.029
42600.000	0.028
42610.000	0.030
42620.000	0.032
42630.000	0.033
42640.000	0.033
42650.000	0.029
42660.000	0.028
42670.000	0.027
42680.000	0.029
42690.000	0.033
42700.000	0.028
42710.000	0.028
42720.000	0.031
42730.000	0.032
42740.000	0.029
42750.000	0.029
42760.000	0.029
42770.000	0.031
42780.000	0.033
42790.000	0.032
42800.000	0.029
42810.000	0.028
42820.000	0.031
42830.000	0.032
42840.000	0.033
42850.000	0.032
42860.000	0.028
42870.000	0.030
42880.000	0.032
42890.000	0.032
42900.000	0.032
42910.000	0.029
42920.000	0.029
42930.000	0.029
42940.000	0.031
42950.000	0.032
42960.000	0.031
42970.000	0.031
42980.000	0.028
42990.000	0.032
43000.000	0.032
43010.000	0.030
43020.000	0.028
43030.000	0.031
43040.000	0.032
43050.000	0.032
43060.000	0.030
43070.000	0.030
43080.000	0.028
43090.000	0.029
43100.000	0.030
43110.000	0.032
43120.000	0.032
43130.000	0.029
43140.000	0.027
43150.000	0.028
43160.000	0.030
43170.000	0.032
43180.000	0.028
43190.000	0.030
43200.000	0.029
43210.000	0.028
43220.000	0.028
43230.000	0.028
43240.000	0.028
43250.000	0.030
43260.000	0.031
43270.000	0.032
43280.000	0.030
43290.000	0.029
43300.000	0.030
43310.000	0.031
43320.000	0.031
43330.000	0.030
43340.000	0.029
43350.000	0.029
43360.000	0.030
43370.000	0.030
43380.000	0.030
43390.000	0.029
43400.000	0.031
43410.000	0.030
43420.000	0.029
43430.000	0.031
43440.000	0.030
43450.000	0.031
43460.000	0.030
43470.000	0.030
43480.000	0.031
43490.000	0.030
43500.000	0.031
43510.000	0.030
43520.000	0.030
43530.000	0.030
43540.000	0.031
43550.000	0.033
43560.000	0.032
43570.000	0.028
43580.000	0.029
43590.000	0.030
43600.000	0.032
43610.000	0.029
43620.000	0.028
43630.000	0.031
43640.000	0.032
43650.000	0.032
43660.000	0.030
43670.000	0.027
43680.000	0.028
43690.000	0.031
43700.000	0.034
43710.000	0.032
43720.000	0.031
43730.000	0.028
43740.000	0.029
43750.000	0.030
43760.000	0.031
43770.000	0.030
43780.000	0.028
43790.000	0.028
43800.000	0.030
43810.000	0.031
43820.000	0.032
43830.000	0.031
43840.000	0.030
43850.000	0.028
43860.000	0.029
43870.000	0.031
43880.000	0.031
43890.000	0.029
43900.000	0.028
43910.000	0.030
43920.000	0.033
43930.000	0.032
43940.000	0.030
43950.000	0.029
43960.000	0.027
43970.000	0.028
43980.000	0.028
43990.000	0.031
44000.000	0.031
44010.000	0.031
44020.000	0.029
44030.000	0.030
44040.000	0.029
44050.000	0.031
44060.000	0.031
44070.000	0.032
44080.000	0.032
44090.000	0.031
44100.000	0.030
44110.000	0.029
44120.000	0.028
44130.000	0.027
44140.000	0.028
44150.000	0.029
44160.000	0.028
44170.000	0.030
44180.000	0.032
44190.000	0.034
44200.000	0.032
44210.000	0.032
44220.000	0.030
44230.000	0.030
44240.000	0.029
44250.000	0.030
44260.000	0.029
44270.000	0.030
44280.000	0.029
44290.000	0.029
44300.000	0.031
44310.000	0.030
44320.000	0.029
44330.000	0.030
44340.000	0.031
44350.000	0.031
44360.000	0.030
44370.000	0.030
44380.000	0.031
44390.000	0.029
44400.000	0.030
44410.000	0.030
44420.000	0.028
44430.000	0.029
44440.000	0.028
44450.000	0.031
44460.000	0.032
44470.000	0.031
44480.000	0.030
44490.000	0.028
44500.000	0.029
44510.000	0.033
44520.000	0.032
44530.000	0.031
44540.000	0.028
44550.000	0.027
44560.000	0.029
44570.000	0.029
44580.000	0.032
44590.000	0.027
44600.000	0.028
44610.000	0.029
44620.000	0.031
44630.000	0.032
44640.000	0.034
44650.000	0.031
44660.000	0.029
44670.000	0.031
44680.000	0.027
44690.000	0.031
44700.000	0.034
44710.000	0.030
44720.000	0.028
44730.000	0.028
44740.000	0.029
44750.000	0.031
44760.000	0.032
44770.000	0.032
44780.000	0.033
44790.000	0.031
44800.000	0.028
44810.000	0.028
44820.000	0.032
44830.000	0.031
44840.000	0.028
44850.000	0.031
44860.000	0.031
44870.000	0.033
44880.000	0.030
44890.000	0.030
44900.000	0.029
44910.000	0.031
44920.000	0.032
44930.000	0.033
44940.000	0.033
44950.000	0.030
44960.000	0.029
44970.000	0.031
44980.000	0.031
44990.000	0.030
45000.000	0.028
45010.000	0.028
45020.000	0.027
45030.000	0.029
45040.000	0.030
45050.000	0.032
45060.000	0.031
45070.000	0.030
45080.000	0.028
45090.000	0.027
45100.000	0.027
45110.000	0.031
45120.000	0.030
45130.000	0.032
45140.000	0.031
45150.000	0.028
45160.000	0.030
45170.000	0.031
45180.000	0.032
45190.000	0.032
45200.000	0.033
45210.000	0.033
45220.000	0.032
45230.000	0.029
45240.000	0.027
45250.000	0.028
45260.000	0.029
45270.000	0.032
45280.000	0.032
45290.000	0.031
45300.000	0.029
45310.000	0.029
45320.000	0.029
45330.000	0.032
45340.000	0.032
45350.000	0.031
45360.000	0.028
45370.000	0.028
45380.000	0.029
45390.000	0.030
45400.000	0.033
45410.000	0.032
45420.000	0.033
45430.000	0.029
45440.000	0.027
45450.000	0.028
45460.000	0.031
45470.000	0.032
45480.000	0.032
45490.000	0.032
45500.000	0.031
45510.000	0.030
45520.000	0.028
45530.000	0.027
45540.000	0.030
45550.000	0.030
45560.000	0.030
45570.000	0.033
45580.000	0.031
45590.000	0.029
45600.000	0.028
45610.000	0.030
45620.000	0.029
45630.000	0.031
45640.000	0.031
45650.000	0.033
45660.000	0.030
45670.000	0.028
45680.000	0.028
45690.000	0.030
45700.000	0.032
45710.000	0.032
45720.000	0.032
45730.000	0.030
45740.000	0.029
45750.000	0.028
45760.000	0.029
45770.000	0.031
45780.000	0.033
45790.000	0.031
45800.000	0.030
45810.000	0.029
45820.000	0.029
45830.000	0.030
45840.000	0.031
45850.000	0.031
45860.000	0.032
45870.000	0.031
45880.000	0.031
45890.000	0.032
45900.000	0.030
45910.000	0.027
45920.000	0.029
45930.000	0.029
45940.000	0.029
45950.000	0.029
45960.000	0.028
45970.000	0.028
45980.000	0.028
45990.000	0.028
46000.000	0.028
46010.000	0.028
46020.000	0.029
46030.000	0.029
46040.000	0.029
46050.000	0.029
46060.000	0.030
46070.000	0.032
46080.000	0.032
46090.000	0.031
46100.000	0.031
46110.000	0.032
46120.000	0.029
46130.000	0.031
46140.000	0.031
46150.000	0.030
46160.000	0.031
46170.000	0.029
46180.000	0.028
46190.000	0.029
46200.000	0.029
46210.000	0.029
46220.000	0.028
46230.000	0.029
46240.000	0.029
46250.000	0.030
46260.000	0.029
46270.000	0.028
46280.000	0.028
46290.000	0.030
46300.000	0.032
46310.000	0.034
46320.000	0.031
46330.000	0.032
46340.000	0.032
46350.000	0.029
46360.000	0.029
46370.000	0.028
46380.000	0.028
46390.000	0.028
46400.000	0.028
46410.000	0.028
46420.000	0.028
46430.000	0.028
46440.000	0.027
46450.000	0.028
46460.000	0.029
46470.000	0.031
46480.000	0.033
46490.000	0.032
46500.000	0.033
46510.000	0.031
46520.000	0.033
46530.000	0.029
46540.000	0.028
46550.000	0.027
46560.000	0.029
46570.000	0.028
46580.000	0.028
46590.000	0.027
46600.000	0.028
46610.000	0.030
46620.000	0.030
46630.000	0.029
46640.000	0.030
46650.000	0.030
46660.000	0.029
46670.000	0.029
46680.000	0.029
46690.000	0.031
46700.000	0.029
46710.000	0.029
46720.000	0.030
46730.000	0.029
46740.000	0.029
46750.000	0.029
46760.000	0.030
46770.000	0.031
46780.000	0.030
46790.000	0.030
46800.000	0.032
46810.000	0.030
46820.000	0.028
46830.000	0.029
46840.000	0.033
46850.000	0.032
46860.000	0.031
46870.000	0.029
46880.000	0.030
46890.000	0.030
46900.000	0.030
46910.000	0.029
46920.000	0.031
46930.000	0.031
46940.000	0.030
46950.000	0.029
46960.000	0.031
46970.000	0.030
46980.000	0.033
46990.000	0.031
47000.000	0.028
47010.000	0.029
47020.000	0.031
47030.000	0.029
47040.000	0.027
47050.000	0.029
47060.000	0.031
47070.000	0.032
47080.000	0.030
47090.000	0.028
47100.000	0.030
47110.000	0.031
47120.000	0.029
47130.000	0.027
47140.000	0.029
47150.000	0.030
47160.000	0.031
47170.000	0.031
47180.000	0.029
47190.000	0.028
47200.000	0.031
47210.000	0.028
47220.000	0.029
47230.000	0.030
47240.000	0.031
47250.000	0.028
47260.000	0.028
47270.000	0.028
47280.000	0.028
47290.000	0.028
47300.000	0.029
47310.000	0.031
47320.000	0.031
47330.000	0.031
47340.000	0.030
47350.000	0.029
47360.000	0.029
47370.000	0.029
47380.000	0.029
47390.000	0.030
47400.000	0.028
47410.000	0.028
47420.000	0.030
47430.000	0.033
47440.000	0.032
47450.000	0.033
47460.000	0.031
47470.000	0.028
47480.000	0.028
47490.000	0.028
47500.000	0.028
47510.000	0.029
47520.000	0.032
47530.000	0.032
47540.000	0.032
47550.000	0.031
47560.000	0.029
47570.000	0.029
47580.000	0.029
47590.000	0.028
47600.000	0.030
47610.000	0.031
47620.000	0.032
47630.000	0.031
47640.000	0.031
47650.000	0.029
47660.000	0.029
47670.000	0.030
47680.000	0.028
47690.000	0.028
47700.000	0.031
47710.000	0.032
47720.000	0.032
47730.000	0.031
47740.000	0.028
47750.000	0.027
47760.000	0.027
47770.000	0.027
47780.000	0.029
47790.000	0.030
47800.000	0.033
47810.000	0.033
47820.000	0.032
47830.000	0.029
47840.000	0.028
47850.000	0.028
47860.000	0.028
47870.000	0.032
47880.000	0.029
47890.000	0.031
47900.000	0.031
47910.000	0.032
47920.000	0.032
47930.000	0.032
47940.000	0.031
47950.000	0.029
47960.000	0.028
47970.000	0.028
47980.000	0.030
47990.000	0.033
48000.000	0.032
48010.000	0.033
48020.000	0.032
48030.000	0.031
48040.000	0.031
48050.000	0.030
48060.000	0.029
48070.000	0.030
48080.000	0.028
48090.000	0.030
48100.000	0.031
48110.000	0.035
48120.000	0.031
48130.000	0.029
48140.000	0.029
48150.000	0.029
48160.000	0.029
48170.000	0.028
48180.000	0.030
48190.000	0.031
48200.000	0.032
48210.000	0.030
48220.000	0.030
48230.000	0.029
48240.000	0.029
48250.000	0.029
48260.000	0.029
48270.000	0.029
48280.000	0.032
48290.000	0.032
48300.000	0.032
48310.000	0.031
48320.000	0.029
48330.000	0.029
48340.000	0.028
48350.000	0.028
48360.000	0.029
48370.000	0.031
48380.000	0.033
48390.000	0.032
48400.000	0.030
48410.000	0.029
48420.000	0.029
48430.000	0.028
48440.000	0.028
48450.000	0.031
48460.000	0.030
48470.000	0.032
48480.000	0.032
48488.000	0.031
