Mass [amu]	Ion Current [A]
0.00	-3.876481e-014
0.03	-1.796981e-014
0.06	-6.066592e-015
0.09	-1.660763e-015
0.13	-1.640642e-015
0.16	-6.039049e-015
0.19	-1.816384e-014
0.22	-3.955557e-014
0.25	-6.419319e-014
0.28	-8.185707e-014
0.31	-8.916321e-014
0.34	-9.201187e-014
0.38	-9.607395e-014
0.41	-1.010057e-013
0.44	-1.049897e-013
0.47	-1.085017e-013
0.50	-1.113972e-013
0.53	-1.102429e-013
0.56	-1.007858e-013
0.59	-8.412744e-014
0.63	-7.003878e-014
0.66	-6.802332e-014
0.69	-7.563397e-014
0.72	-8.330234e-014
0.75	-8.542109e-014
0.78	-8.005113e-014
0.81	-6.416873e-014
0.84	-3.315866e-014
0.88	1.732583e-014
0.91	8.759177e-014
0.94	1.697844e-013
0.97	2.499385e-013
1.00	3.167417e-013
1.03	3.676304e-013
1.06	4.060510e-013
1.09	4.357456e-013
1.13	4.583455e-013
1.16	4.723180e-013
1.19	4.728580e-013
1.22	4.551568e-013
1.25	4.187476e-013
1.28	3.689108e-013
1.31	3.133186e-013
1.34	2.559830e-013
1.38	1.949562e-013
1.41	1.282342e-013
1.44	6.226566e-014
1.47	1.344655e-014
1.50	3.248781e-015
1.53	5.433692e-014
1.56	1.886651e-013
1.59	4.248967e-013
1.63	7.772913e-013
1.66	1.257266e-012
1.69	1.872858e-012
1.72	2.620481e-012
1.75	3.469991e-012
1.78	4.361588e-012
1.81	5.230101e-012
1.84	6.031780e-012
1.88	6.744123e-012
1.91	7.353021e-012
1.94	7.846580e-012
1.97	8.211850e-012
2.00	8.434693e-012
2.03	8.506938e-012
2.06	8.434324e-012
2.09	8.237422e-012
2.13	7.941973e-012
2.16	7.558988e-012
2.19	7.072256e-012
2.22	6.460874e-012
2.25	5.750642e-012
2.28	5.033767e-012
2.31	4.403159e-012
2.34	3.859418e-012
2.38	3.315861e-012
2.41	2.698288e-012
2.44	2.011307e-012
2.47	1.322385e-012
2.50	7.198165e-013
2.53	2.754999e-013
2.56	1.044856e-014
2.59	-1.123535e-013
2.63	-1.543567e-013
2.66	-1.637554e-013
2.69	-1.648377e-013
2.72	-1.656613e-013
2.75	-1.667598e-013
2.78	-1.666624e-013
2.81	-1.654172e-013
2.84	-1.643685e-013
2.88	-1.637858e-013
2.91	-1.635866e-013
2.94	-1.643167e-013
2.97	-1.654122e-013
3.00	-1.660582e-013
3.03	-1.671770e-013
3.06	-1.692881e-013
3.09	-1.711551e-013
3.13	-1.719480e-013
3.16	-1.722690e-013
3.19	-1.733451e-013
3.22	-1.755578e-013
3.25	-1.772127e-013
3.28	-1.749467e-013
3.31	-1.633837e-013
3.34	-1.338598e-013
3.38	-7.715410e-014
3.41	1.131959e-014
3.44	1.307106e-013
3.47	2.775366e-013
3.50	4.463784e-013
3.53	6.284029e-013
3.56	8.110118e-013
3.59	9.806391e-013
3.63	1.127980e-012
3.66	1.250791e-012
3.69	1.351603e-012
3.72	1.433838e-012
3.75	1.499098e-012
3.78	1.546412e-012
3.81	1.574246e-012
3.84	1.582247e-012
3.88	1.571724e-012
3.91	1.548007e-012
3.94	1.521288e-012
3.97	1.500204e-012
4.00	1.483597e-012
4.03	1.461322e-012
4.06	1.423722e-012
4.09	1.367241e-012
4.13	1.289293e-012
4.16	1.184379e-012
4.19	1.054595e-012
4.22	9.214465e-013
4.25	8.140031e-013
4.28	7.408594e-013
4.31	6.831533e-013
4.34	6.164624e-013
4.38	5.286251e-013
4.41	4.173559e-013
4.44	2.851960e-013
4.47	1.429542e-013
4.50	1.153959e-014
4.53	-8.789437e-014
4.56	-1.483832e-013
4.59	-1.790818e-013
4.63	-1.927619e-013
4.66	-1.965063e-013
4.69	-1.941778e-013
4.72	-1.900324e-013
4.75	-1.874241e-013
4.78	-1.869332e-013
4.81	-1.863062e-013
4.84	-1.835491e-013
4.88	-1.803109e-013
4.91	-1.793906e-013
4.94	-1.806733e-013
4.97	-1.820646e-013
5.00	-1.822101e-013
5.03	-1.817992e-013
5.06	-1.827007e-013
5.09	-1.852163e-013
5.13	-1.878810e-013
5.16	-1.899889e-013
5.19	-1.916249e-013
5.22	-1.921319e-013
5.25	-1.908226e-013
5.28	-1.880118e-013
5.31	-1.843959e-013
5.34	-1.805410e-013
5.38	-1.775463e-013
5.41	-1.774061e-013
5.44	-1.814748e-013
5.47	-1.879476e-013
5.50	-1.921014e-013
5.53	-1.907526e-013
5.56	-1.855469e-013
5.59	-1.807431e-013
5.63	-1.789117e-013
5.66	-1.796324e-013
5.69	-1.815982e-013
5.72	-1.842231e-013
5.75	-1.866685e-013
5.78	-1.880038e-013
5.81	-1.891230e-013
5.84	-1.914169e-013
5.88	-1.939194e-013
5.91	-1.944233e-013
5.94	-1.923855e-013
5.97	-1.891830e-013
6.00	-1.865578e-013
6.03	-1.856305e-013
6.06	-1.868331e-013
6.09	-1.898158e-013
6.13	-1.928015e-013
6.16	-1.933755e-013
6.19	-1.907481e-013
6.22	-1.864912e-013
6.25	-1.839407e-013
6.28	-1.869929e-013
6.31	-1.965092e-013
6.34	-2.070889e-013
6.38	-2.108530e-013
6.41	-2.053679e-013
6.44	-1.949015e-013
6.47	-1.848579e-013
6.50	-1.780313e-013
6.53	-1.750523e-013
6.56	-1.759818e-013
6.59	-1.800137e-013
6.63	-1.843403e-013
6.66	-1.859727e-013
6.69	-1.847699e-013
6.72	-1.826775e-013
6.75	-1.807077e-013
6.78	-1.791008e-013
6.81	-1.790482e-013
6.84	-1.818713e-013
6.88	-1.871217e-013
6.91	-1.919238e-013
6.94	-1.921808e-013
6.97	-1.862878e-013
7.00	-1.778833e-013
7.03	-1.716894e-013
7.06	-1.680010e-013
7.09	-1.652863e-013
7.13	-1.648852e-013
7.16	-1.688327e-013
7.19	-1.757642e-013
7.22	-1.821038e-013
7.25	-1.861849e-013
7.28	-1.894192e-013
7.31	-1.931665e-013
7.34	-1.961167e-013
7.38	-1.962824e-013
7.41	-1.939742e-013
7.44	-1.912307e-013
7.47	-1.896670e-013
7.50	-1.899129e-013
7.53	-1.918914e-013
7.56	-1.943539e-013
7.59	-1.950162e-013
7.63	-1.932042e-013
7.66	-1.911597e-013
7.69	-1.907692e-013
7.72	-1.916521e-013
7.75	-1.931279e-013
7.78	-1.941959e-013
7.81	-1.926606e-013
7.84	-1.881110e-013
7.88	-1.834893e-013
7.91	-1.814305e-013
7.94	-1.814738e-013
7.97	-1.818008e-013
8.00	-1.823932e-013
8.03	-1.848959e-013
8.06	-1.883703e-013
8.09	-1.884167e-013
8.13	-1.835700e-013
8.16	-1.780465e-013
8.19	-1.757729e-013
8.22	-1.769566e-013
8.25	-1.808843e-013
8.28	-1.873190e-013
8.31	-1.948925e-013
8.34	-2.008132e-013
8.38	-2.032308e-013
8.41	-2.027352e-013
8.44	-2.009424e-013
8.47	-1.993269e-013
8.50	-1.988325e-013
8.53	-1.986467e-013
8.56	-1.969191e-013
8.59	-1.934482e-013
8.63	-1.901649e-013
8.66	-1.889325e-013
8.69	-1.893800e-013
8.72	-1.891310e-013
8.75	-1.866400e-013
8.78	-1.829305e-013
8.81	-1.794347e-013
8.84	-1.757901e-013
8.88	-1.718643e-013
8.91	-1.705057e-013
8.94	-1.745208e-013
8.97	-1.815256e-013
9.00	-1.858548e-013
9.03	-1.853788e-013
9.06	-1.835864e-013
9.09	-1.841986e-013
9.13	-1.855839e-013
9.16	-1.839504e-013
9.19	-1.805275e-013
9.22	-1.794341e-013
9.25	-1.800633e-013
9.28	-1.781408e-013
9.31	-1.731725e-013
9.34	-1.700156e-013
9.38	-1.730975e-013
9.41	-1.814046e-013
9.44	-1.896106e-013
9.47	-1.931325e-013
9.50	-1.908591e-013
9.53	-1.840990e-013
9.56	-1.760305e-013
9.59	-1.710097e-013
9.63	-1.714109e-013
9.66	-1.758586e-013
9.69	-1.812009e-013
9.72	-1.852869e-013
9.75	-1.880345e-013
9.78	-1.902750e-013
9.81	-1.913689e-013
9.84	-1.890958e-013
9.88	-1.830865e-013
9.91	-1.767932e-013
9.94	-1.740662e-013
9.97	-1.743714e-013
10.00	-1.732126e-013
10.03	-1.683899e-013
10.06	-1.637160e-013
10.09	-1.636179e-013
10.13	-1.674479e-013
10.16	-1.724262e-013
10.19	-1.781702e-013
10.22	-1.854337e-013
10.25	-1.927070e-013
10.28	-1.968094e-013
10.31	-1.970582e-013
10.34	-1.963402e-013
10.38	-1.963267e-013
10.41	-1.944969e-013
10.44	-1.883582e-013
10.47	-1.800906e-013
10.50	-1.751291e-013
10.53	-1.771298e-013
10.56	-1.844708e-013
10.59	-1.914391e-013
10.63	-1.931482e-013
10.66	-1.889982e-013
10.69	-1.819576e-013
10.72	-1.757057e-013
10.75	-1.727116e-013
10.78	-1.739421e-013
10.81	-1.783434e-013
10.84	-1.822981e-013
10.88	-1.823780e-013
10.91	-1.793494e-013
10.94	-1.762020e-013
10.97	-1.738431e-013
11.00	-1.724347e-013
11.03	-1.732415e-013
11.06	-1.761985e-013
11.09	-1.788895e-013
11.13	-1.799284e-013
11.16	-1.813653e-013
11.19	-1.849978e-013
11.22	-1.881174e-013
11.25	-1.872559e-013
11.28	-1.833426e-013
11.31	-1.788885e-013
11.34	-1.743419e-013
11.38	-1.700063e-013
11.41	-1.673956e-013
11.44	-1.673183e-013
11.47	-1.681716e-013
11.50	-1.665649e-013
11.53	-1.604123e-013
11.56	-1.505742e-013
11.59	-1.378976e-013
11.63	-1.221137e-013
11.66	-1.060002e-013
11.69	-9.465275e-014
11.72	-8.902425e-014
11.75	-8.610187e-014
11.78	-8.347720e-014
11.81	-7.961114e-014
11.84	-7.369483e-014
11.88	-6.761724e-014
11.91	-6.471345e-014
11.94	-6.563588e-014
11.97	-6.798991e-014
12.00	-7.009966e-014
12.03	-7.289795e-014
12.06	-7.795821e-014
12.09	-8.536981e-014
12.13	-9.372618e-014
12.16	-1.007532e-013
12.19	-1.048204e-013
12.22	-1.071928e-013
12.25	-1.107602e-013
12.28	-1.157649e-013
12.31	-1.199750e-013
12.34	-1.228354e-013
12.38	-1.257028e-013
12.41	-1.302302e-013
12.44	-1.383081e-013
12.47	-1.501215e-013
12.50	-1.628368e-013
12.53	-1.729499e-013
12.56	-1.788804e-013
12.59	-1.815747e-013
12.63	-1.825006e-013
12.66	-1.810351e-013
12.69	-1.764100e-013
12.72	-1.713375e-013
12.75	-1.696138e-013
12.78	-1.705080e-013
12.81	-1.679526e-013
12.84	-1.546762e-013
12.88	-1.261768e-013
12.91	-8.212971e-014
12.94	-2.693093e-014
12.97	3.086882e-014
13.00	8.284175e-014
13.03	1.249087e-013
13.06	1.565328e-013
13.09	1.782475e-013
13.13	1.918361e-013
13.16	2.003713e-013
13.19	2.060449e-013
13.22	2.098322e-013
13.25	2.129739e-013
13.28	2.161195e-013
13.31	2.182666e-013
13.34	2.178009e-013
13.38	2.125769e-013
13.41	2.000764e-013
13.44	1.803840e-013
13.47	1.575492e-013
13.50	1.382479e-013
13.53	1.311500e-013
13.56	1.425846e-013
13.59	1.696950e-013
13.63	2.023922e-013
13.66	2.320479e-013
13.69	2.545739e-013
13.72	2.674222e-013
13.75	2.677721e-013
13.78	2.549133e-013
13.81	2.336293e-013
13.84	2.126546e-013
13.88	1.989604e-013
13.91	1.934167e-013
13.94	1.911649e-013
13.97	1.870288e-013
14.00	1.801387e-013
14.03	1.722886e-013
14.06	1.637694e-013
14.09	1.521732e-013
14.13	1.344983e-013
14.16	1.106555e-013
14.19	8.469837e-014
14.22	6.143147e-014
14.25	4.291136e-014
14.28	2.877516e-014
14.31	1.726218e-014
14.34	5.491210e-015
14.38	-9.238525e-015
14.41	-2.904155e-014
14.44	-5.567218e-014
14.47	-8.792559e-014
14.50	-1.199747e-013
14.53	-1.451969e-013
14.56	-1.608242e-013
14.59	-1.682960e-013
14.63	-1.707507e-013
14.66	-1.706853e-013
14.69	-1.695587e-013
14.72	-1.687564e-013
14.75	-1.689745e-013
14.78	-1.689120e-013
14.81	-1.667842e-013
14.84	-1.628463e-013
14.88	-1.590405e-013
14.91	-1.568376e-013
14.94	-1.566600e-013
14.97	-1.583927e-013
15.00	-1.610575e-013
15.03	-1.630505e-013
15.06	-1.638753e-013
15.09	-1.644513e-013
15.13	-1.647949e-013
15.16	-1.634164e-013
15.19	-1.603407e-013
15.22	-1.583865e-013
15.25	-1.601579e-013
15.28	-1.658657e-013
15.31	-1.733498e-013
15.34	-1.787244e-013
15.38	-1.798603e-013
15.41	-1.786526e-013
15.44	-1.771223e-013
15.47	-1.734898e-013
15.50	-1.633290e-013
15.53	-1.427569e-013
15.56	-1.100890e-013
15.59	-6.633938e-014
15.63	-1.685178e-014
15.66	2.911796e-014
15.69	6.463756e-014
15.72	9.020249e-014
15.75	1.107795e-013
15.78	1.297514e-013
15.81	1.466049e-013
15.84	1.588233e-013
15.88	1.657691e-013
15.91	1.695120e-013
15.94	1.709251e-013
15.97	1.687857e-013
16.00	1.628824e-013
16.03	1.538501e-013
16.06	1.418240e-013
16.09	1.273900e-013
16.13	1.106269e-013
16.16	9.001516e-014
16.19	6.631910e-014
16.22	4.510577e-014
16.25	3.174937e-014
16.28	2.609719e-014
16.31	2.355786e-014
16.34	1.899588e-014
16.38	8.407890e-015
16.41	-1.096933e-014
16.44	-3.939062e-014
16.47	-7.262999e-014
16.50	-1.024696e-013
16.53	-1.202685e-013
16.56	-1.208963e-013
16.59	-1.054483e-013
16.63	-8.116733e-014
16.66	-5.665005e-014
16.69	-3.629131e-014
16.72	-1.994885e-014
16.75	-6.047988e-015
16.78	6.841549e-015
16.81	1.919461e-014
16.84	2.923963e-014
16.88	3.436507e-014
16.91	3.492175e-014
16.94	3.471582e-014
16.97	3.623095e-014
17.00	3.733925e-014
17.03	3.463973e-014
17.06	2.749464e-014
17.09	1.751399e-014
17.13	6.656945e-015
17.16	-4.119565e-015
17.19	-1.490732e-014
17.22	-2.436710e-014
17.25	-2.986040e-014
17.28	-3.249793e-014
17.31	-3.798554e-014
17.34	-5.012157e-014
17.38	-6.679644e-014
17.41	-8.315786e-014
17.44	-9.679237e-014
17.47	-1.080521e-013
17.50	-1.142759e-013
17.53	-1.063412e-013
17.56	-7.395841e-014
17.59	-1.414247e-014
17.63	6.530194e-014
17.66	1.495340e-013
17.69	2.252688e-013
17.72	2.870506e-013
17.75	3.354780e-013
17.78	3.715568e-013
17.81	3.948457e-013
17.84	4.055727e-013
17.88	4.062589e-013
17.91	4.015539e-013
17.94	3.966754e-013
17.97	3.949543e-013
18.00	3.956075e-013
18.03	3.936626e-013
18.06	3.837866e-013
18.09	3.647051e-013
18.13	3.383678e-013
18.16	3.062388e-013
18.19	2.697740e-013
18.22	2.336181e-013
18.25	2.049965e-013
18.28	1.877071e-013
18.31	1.767077e-013
18.34	1.610085e-013
18.38	1.331928e-013
18.41	9.508082e-014
18.44	5.304921e-014
18.47	9.682091e-015
18.50	-3.672627e-014
18.53	-8.472775e-014
18.56	-1.259486e-013
18.59	-1.519405e-013
18.63	-1.625083e-013
18.66	-1.639924e-013
18.69	-1.617358e-013
18.72	-1.576120e-013
18.75	-1.528853e-013
18.78	-1.496050e-013
18.81	-1.494228e-013
18.84	-1.524824e-013
18.88	-1.566184e-013
18.91	-1.585364e-013
18.94	-1.567497e-013
18.97	-1.521791e-013
19.00	-1.470274e-013
19.03	-1.440468e-013
19.06	-1.452419e-013
19.09	-1.503850e-013
19.13	-1.575161e-013
19.16	-1.644873e-013
19.19	-1.688011e-013
19.22	-1.679718e-013
19.25	-1.622655e-013
19.28	-1.553449e-013
19.31	-1.505450e-013
19.34	-1.482047e-013
19.38	-1.474486e-013
19.41	-1.465726e-013
19.44	-1.375526e-013
19.47	-9.799714e-014
19.50	1.419696e-014
19.53	2.518659e-013
19.56	6.451678e-013
19.59	1.166618e-012
19.63	1.736712e-012
19.66	2.270009e-012
19.69	2.715623e-012
19.72	3.064022e-012
19.75	3.331412e-012
19.78	3.536501e-012
19.81	3.682154e-012
19.84	3.761673e-012
19.88	3.782136e-012
19.91	3.768379e-012
19.94	3.742583e-012
19.97	3.709070e-012
20.00	3.657723e-012
20.03	3.575736e-012
20.06	3.455752e-012
20.09	3.293233e-012
20.13	3.079579e-012
20.16	2.815070e-012
20.19	2.539080e-012
20.22	2.321264e-012
20.25	2.196687e-012
20.28	2.127673e-012
20.31	2.045077e-012
20.34	1.907165e-012
20.38	1.710060e-012
20.41	1.461279e-012
20.44	1.162237e-012
20.47	8.214526e-013
20.50	4.765642e-013
20.53	1.867412e-013
20.56	-5.657613e-015
20.59	-1.021339e-013
20.63	-1.366884e-013
20.66	-1.452961e-013
20.69	-1.473084e-013
20.72	-1.472982e-013
20.75	-1.459852e-013
20.78	-1.460230e-013
20.81	-1.497141e-013
20.84	-1.565327e-013
20.88	-1.643493e-013
20.91	-1.708640e-013
20.94	-1.739145e-013
20.97	-1.729024e-013
21.00	-1.699766e-013
21.03	-1.684526e-013
21.06	-1.702604e-013
21.09	-1.735892e-013
21.13	-1.733440e-013
21.16	-1.674411e-013
21.19	-1.607678e-013
21.22	-1.591241e-013
21.25	-1.619492e-013
21.28	-1.641564e-013
21.31	-1.634871e-013
21.34	-1.628435e-013
21.38	-1.651911e-013
21.41	-1.694882e-013
21.44	-1.727264e-013
21.47	-1.733655e-013
21.50	-1.712925e-013
21.53	-1.664373e-013
21.56	-1.600353e-013
21.59	-1.552583e-013
21.63	-1.537353e-013
21.66	-1.535690e-013
21.69	-1.523922e-013
21.72	-1.504775e-013
21.75	-1.500971e-013
21.78	-1.522555e-013
21.81	-1.550822e-013
21.84	-1.563045e-013
21.88	-1.557378e-013
21.91	-1.549137e-013
21.94	-1.551066e-013
21.97	-1.554247e-013
22.00	-1.536649e-013
22.03	-1.496173e-013
22.06	-1.459507e-013
22.09	-1.455871e-013
22.13	-1.493124e-013
22.16	-1.549945e-013
22.19	-1.590084e-013
22.22	-1.592546e-013
22.25	-1.562045e-013
22.28	-1.524003e-013
22.31	-1.518508e-013
22.34	-1.564936e-013
22.38	-1.631336e-013
22.41	-1.673228e-013
22.44	-1.684789e-013
22.47	-1.689737e-013
22.50	-1.705128e-013
22.53	-1.724660e-013
22.56	-1.730384e-013
22.59	-1.717642e-013
22.63	-1.694208e-013
22.66	-1.665153e-013
22.69	-1.641083e-013
22.72	-1.632363e-013
22.75	-1.626660e-013
22.78	-1.608974e-013
22.81	-1.586309e-013
22.84	-1.566475e-013
22.88	-1.552096e-013
22.91	-1.559096e-013
22.94	-1.597875e-013
22.97	-1.642017e-013
23.00	-1.644377e-013
23.03	-1.594965e-013
23.06	-1.542191e-013
23.09	-1.533427e-013
23.13	-1.565107e-013
23.16	-1.611496e-013
23.19	-1.658340e-013
23.22	-1.691451e-013
23.25	-1.696930e-013
23.28	-1.686979e-013
23.31	-1.687940e-013
23.34	-1.696981e-013
23.38	-1.686424e-013
23.41	-1.652741e-013
23.44	-1.628075e-013
23.47	-1.638721e-013
23.50	-1.683122e-013
23.53	-1.752734e-013
23.56	-1.833914e-013
23.59	-1.889296e-013
23.63	-1.877906e-013
23.66	-1.797208e-013
23.69	-1.689814e-013
23.72	-1.612845e-013
23.75	-1.596124e-013
23.78	-1.622384e-013
23.81	-1.652718e-013
23.84	-1.662592e-013
23.88	-1.654189e-013
23.91	-1.649428e-013
23.94	-1.664511e-013
23.97	-1.692698e-013
24.00	-1.721757e-013
24.03	-1.745010e-013
24.06	-1.751890e-013
24.09	-1.737203e-013
24.13	-1.714588e-013
24.16	-1.701764e-013
24.19	-1.698074e-013
24.22	-1.686737e-013
24.25	-1.658196e-013
24.28	-1.626049e-013
24.31	-1.616741e-013
24.34	-1.644167e-013
24.38	-1.695166e-013
24.41	-1.735027e-013
24.44	-1.731058e-013
24.47	-1.682275e-013
24.50	-1.628444e-013
24.53	-1.620699e-013
24.56	-1.672952e-013
24.59	-1.748232e-013
24.63	-1.800051e-013
24.66	-1.809997e-013
24.69	-1.781355e-013
24.72	-1.727392e-013
24.75	-1.668020e-013
24.78	-1.617592e-013
24.81	-1.580759e-013
24.84	-1.561977e-013
24.88	-1.566819e-013
24.91	-1.590679e-013
24.94	-1.618307e-013
24.97	-1.637685e-013
25.00	-1.637928e-013
25.03	-1.605762e-013
25.06	-1.548833e-013
25.09	-1.502710e-013
25.13	-1.499063e-013
25.16	-1.537607e-013
25.19	-1.588460e-013
25.22	-1.613482e-013
25.25	-1.592888e-013
25.28	-1.546085e-013
25.31	-1.516180e-013
25.34	-1.527884e-013
25.38	-1.572790e-013
25.41	-1.625479e-013
25.44	-1.663339e-013
25.47	-1.678834e-013
25.50	-1.681298e-013
25.53	-1.691843e-013
25.56	-1.724014e-013
25.59	-1.758437e-013
25.63	-1.754168e-013
25.66	-1.699229e-013
25.69	-1.631937e-013
25.72	-1.591021e-013
25.75	-1.565377e-013
25.78	-1.524553e-013
25.81	-1.475989e-013
25.84	-1.450693e-013
25.88	-1.450414e-013
25.91	-1.452902e-013
25.94	-1.448140e-013
25.97	-1.436160e-013
26.00	-1.418754e-013
26.03	-1.405733e-013
26.06	-1.408191e-013
26.09	-1.429511e-013
26.13	-1.463501e-013
26.16	-1.497315e-013
26.19	-1.525594e-013
26.22	-1.552409e-013
26.25	-1.572330e-013
26.28	-1.571313e-013
26.31	-1.551948e-013
26.34	-1.537388e-013
26.38	-1.542253e-013
26.41	-1.552784e-013
26.44	-1.545420e-013
26.47	-1.519144e-013
26.50	-1.493541e-013
26.53	-1.477698e-013
26.56	-1.466539e-013
26.59	-1.461050e-013
26.63	-1.465733e-013
26.66	-1.480771e-013
26.69	-1.507185e-013
26.72	-1.539660e-013
26.75	-1.560037e-013
26.78	-1.551108e-013
26.81	-1.507759e-013
26.84	-1.437489e-013
26.88	-1.358750e-013
26.91	-1.294153e-013
26.94	-1.261107e-013
26.97	-1.264421e-013
27.00	-1.296158e-013
27.03	-1.341972e-013
27.06	-1.387218e-013
27.09	-1.420788e-013
27.13	-1.436110e-013
27.16	-1.436165e-013
27.19	-1.430656e-013
27.22	-1.421360e-013
27.25	-1.408203e-013
27.28	-1.399349e-013
27.31	-1.394986e-013
27.34	-1.388879e-013
27.38	-1.391672e-013
27.41	-1.412925e-013
27.44	-1.418624e-013
27.47	-1.309153e-013
27.50	-8.742262e-014
27.53	2.812323e-014
27.56	2.690968e-013
27.59	6.730779e-013
27.63	1.223724e-012
27.66	1.846222e-012
27.69	2.448964e-012
27.72	2.965600e-012
27.75	3.363177e-012
27.78	3.638453e-012
27.81	3.815747e-012
27.84	3.929609e-012
27.88	4.001527e-012
27.91	4.037301e-012
27.94	4.041118e-012
27.97	4.022504e-012
28.00	3.989146e-012
28.03	3.940008e-012
28.06	3.869225e-012
28.09	3.771431e-012
28.13	3.638280e-012
28.16	3.455308e-012
28.19	3.216323e-012
28.22	2.949838e-012
28.25	2.716199e-012
28.28	2.556138e-012
28.31	2.450066e-012
28.34	2.342120e-012
28.38	2.189317e-012
28.41	1.977949e-012
28.44	1.709928e-012
28.47	1.389440e-012
28.50	1.025437e-012
28.53	6.471017e-013
28.56	3.104265e-013
28.59	7.014153e-014
28.63	-6.071193e-014
28.66	-1.122369e-013
28.69	-1.245765e-013
28.72	-1.235186e-013
28.75	-1.190266e-013
28.78	-1.139418e-013
28.81	-1.097222e-013
28.84	-1.075429e-013
28.88	-1.081355e-013
28.91	-1.101270e-013
28.94	-1.105444e-013
28.97	-1.082077e-013
29.00	-1.046133e-013
29.03	-1.028900e-013
29.06	-1.055862e-013
29.09	-1.115044e-013
29.13	-1.165785e-013
29.16	-1.185744e-013
29.19	-1.189330e-013
29.22	-1.197656e-013
29.25	-1.207961e-013
29.28	-1.206109e-013
29.31	-1.200865e-013
29.34	-1.222965e-013
29.38	-1.286714e-013
29.41	-1.374848e-013
29.44	-1.463364e-013
29.47	-1.536162e-013
29.50	-1.578185e-013
29.53	-1.574387e-013
29.56	-1.514677e-013
29.59	-1.407059e-013
29.63	-1.293198e-013
29.66	-1.215439e-013
29.69	-1.158296e-013
29.72	-1.077113e-013
29.75	-9.766974e-014
29.78	-8.969571e-014
29.81	-8.496385e-014
29.84	-8.183452e-014
29.88	-7.869076e-014
29.91	-7.520007e-014
29.94	-7.273407e-014
29.97	-7.259900e-014
30.00	-7.389089e-014
30.03	-7.454694e-014
30.06	-7.409528e-014
30.09	-7.462277e-014
30.13	-7.823916e-014
30.16	-8.380534e-014
30.19	-8.833420e-014
30.22	-9.111769e-014
30.25	-9.398394e-014
30.28	-9.823643e-014
30.31	-1.033630e-013
30.34	-1.084972e-013
30.38	-1.141686e-013
30.41	-1.222006e-013
30.44	-1.333865e-013
30.47	-1.457788e-013
30.50	-1.560276e-013
30.53	-1.617086e-013
30.56	-1.623183e-013
30.59	-1.598141e-013
30.63	-1.580474e-013
30.66	-1.597286e-013
30.69	-1.639707e-013
30.72	-1.676379e-013
30.75	-1.689980e-013
30.78	-1.687361e-013
30.81	-1.679032e-013
30.84	-1.670443e-013
30.88	-1.663794e-013
30.91	-1.652636e-013
30.94	-1.628254e-013
30.97	-1.601836e-013
31.00	-1.602063e-013
31.03	-1.637505e-013
31.06	-1.681999e-013
31.09	-1.709505e-013
31.13	-1.719133e-013
31.16	-1.717898e-013
31.19	-1.701714e-013
31.22	-1.666070e-013
31.25	-1.620936e-013
31.28	-1.574851e-013
31.31	-1.526087e-013
31.34	-1.491380e-013
31.38	-1.505013e-013
31.41	-1.569708e-013
31.44	-1.638149e-013
31.47	-1.636946e-013
31.50	-1.478191e-013
31.53	-1.055453e-013
31.56	-2.580967e-014
31.59	9.629802e-014
31.63	2.505468e-013
31.66	4.130508e-013
31.69	5.611417e-013
31.72	6.845696e-013
31.75	7.834259e-013
31.78	8.612993e-013
31.81	9.207014e-013
31.84	9.619307e-013
31.88	9.855878e-013
31.91	9.942610e-013
31.94	9.914980e-013
31.97	9.819253e-013
32.00	9.694921e-013
32.03	9.535005e-013
32.06	9.312839e-013
32.09	9.032216e-013
32.13	8.702431e-013
32.16	8.298705e-013
32.19	7.783713e-013
32.22	7.172188e-013
32.25	6.564264e-013
32.28	6.061674e-013
32.31	5.652071e-013
32.34	5.236958e-013
32.38	4.736488e-013
32.41	4.113501e-013
32.44	3.347268e-013
32.47	2.433378e-013
32.50	1.406747e-013
32.53	3.736947e-014
32.56	-4.993793e-014
32.59	-1.087130e-013
32.63	-1.396131e-013
32.66	-1.535080e-013
32.69	-1.613532e-013
32.72	-1.677761e-013
32.75	-1.724940e-013
32.78	-1.748694e-013
32.81	-1.752378e-013
32.84	-1.738407e-013
32.88	-1.710542e-013
32.91	-1.678272e-013
32.94	-1.645855e-013
32.97	-1.605987e-013
33.00	-1.563024e-013
33.03	-1.550725e-013
33.06	-1.586645e-013
33.09	-1.629187e-013
33.13	-1.633077e-013
33.16	-1.614071e-013
33.19	-1.610990e-013
33.22	-1.621571e-013
33.25	-1.609572e-013
33.28	-1.561843e-013
33.31	-1.522669e-013
33.34	-1.547672e-013
33.38	-1.629630e-013
33.41	-1.705523e-013
33.44	-1.723354e-013
33.47	-1.676561e-013
33.50	-1.595896e-013
33.53	-1.531811e-013
33.56	-1.523105e-013
33.59	-1.561289e-013
33.63	-1.605693e-013
33.66	-1.634852e-013
33.69	-1.654847e-013
33.72	-1.668150e-013
33.75	-1.664269e-013
33.78	-1.634789e-013
33.81	-1.587204e-013
33.84	-1.543189e-013
33.88	-1.519177e-013
33.91	-1.516586e-013
33.94	-1.529157e-013
33.97	-1.548862e-013
34.00	-1.565643e-013
34.03	-1.565087e-013
34.06	-1.539884e-013
34.09	-1.511851e-013
34.13	-1.517238e-013
34.16	-1.558773e-013
34.19	-1.602184e-013
34.22	-1.625933e-013
34.25	-1.637492e-013
34.28	-1.639040e-013
34.31	-1.620471e-013
34.34	-1.586105e-013
34.38	-1.558118e-013
34.41	-1.556455e-013
34.44	-1.582343e-013
34.47	-1.620840e-013
34.50	-1.660887e-013
34.53	-1.700959e-013
34.56	-1.735317e-013
34.59	-1.749428e-013
34.63	-1.723406e-013
34.66	-1.648820e-013
34.69	-1.557884e-013
34.72	-1.507929e-013
34.75	-1.522354e-013
34.78	-1.572376e-013
34.81	-1.613203e-013
34.84	-1.620164e-013
34.88	-1.602370e-013
34.91	-1.583328e-013
34.94	-1.572911e-013
34.97	-1.574746e-013
35.00	-1.598528e-013
35.03	-1.646983e-013
35.06	-1.701843e-013
35.09	-1.726347e-013
35.13	-1.694823e-013
35.16	-1.629512e-013
35.19	-1.582153e-013
35.22	-1.575260e-013
35.25	-1.587190e-013
35.28	-1.583561e-013
35.31	-1.548415e-013
35.34	-1.503187e-013
35.38	-1.489725e-013
35.41	-1.520038e-013
35.44	-1.573345e-013
35.47	-1.632792e-013
35.50	-1.679212e-013
35.53	-1.675817e-013
35.56	-1.593659e-013
35.59	-1.442869e-013
35.63	-1.274272e-013
35.66	-1.139749e-013
35.69	-1.049522e-013
35.72	-9.861775e-014
35.75	-9.408221e-014
35.78	-9.134560e-014
35.81	-9.046955e-014
35.84	-9.042334e-014
35.88	-8.753159e-014
35.91	-7.955476e-014
35.94	-7.054891e-014
35.97	-6.629391e-014
36.00	-6.769519e-014
36.03	-7.190165e-014
36.06	-7.675378e-014
36.09	-8.264406e-014
36.13	-9.077539e-014
36.16	-9.989093e-014
36.19	-1.062802e-013
36.22	-1.080603e-013
36.25	-1.077646e-013
36.28	-1.093175e-013
36.31	-1.130651e-013
36.34	-1.157248e-013
36.38	-1.160603e-013
36.41	-1.168643e-013
36.44	-1.200632e-013
36.47	-1.256563e-013
36.50	-1.348889e-013
36.53	-1.477175e-013
36.56	-1.598209e-013
36.59	-1.666553e-013
36.63	-1.675602e-013
36.66	-1.651304e-013
36.69	-1.617471e-013
36.72	-1.572445e-013
36.75	-1.522850e-013
36.78	-1.509394e-013
36.81	-1.553359e-013
36.84	-1.617120e-013
36.88	-1.642697e-013
36.91	-1.602091e-013
36.94	-1.518185e-013
36.97	-1.439852e-013
37.00	-1.389568e-013
37.03	-1.362243e-013
37.06	-1.363515e-013
37.09	-1.401202e-013
37.13	-1.454209e-013
37.16	-1.496362e-013
37.19	-1.534962e-013
37.22	-1.590338e-013
37.25	-1.657626e-013
37.28	-1.711539e-013
37.31	-1.731453e-013
37.34	-1.716265e-013
37.38	-1.686022e-013
37.41	-1.666703e-013
37.44	-1.668759e-013
37.47	-1.681151e-013
37.50	-1.683362e-013
37.53	-1.662782e-013
37.56	-1.621822e-013
37.59	-1.571656e-013
37.63	-1.531886e-013
37.66	-1.525153e-013
37.69	-1.545638e-013
37.72	-1.552226e-013
37.75	-1.517052e-013
37.78	-1.459261e-013
37.81	-1.416407e-013
37.84	-1.401369e-013
37.88	-1.400663e-013
37.91	-1.405226e-013
37.94	-1.420238e-013
37.97	-1.444373e-013
38.00	-1.466012e-013
38.03	-1.475899e-013
38.06	-1.465689e-013
38.09	-1.433887e-013
38.13	-1.404001e-013
38.16	-1.409775e-013
38.19	-1.458923e-013
38.22	-1.528118e-013
38.25	-1.579966e-013
38.28	-1.587228e-013
38.31	-1.562317e-013
38.34	-1.548579e-013
38.38	-1.574784e-013
38.41	-1.634212e-013
38.44	-1.693020e-013
38.47	-1.710732e-013
38.50	-1.679366e-013
38.53	-1.633961e-013
38.56	-1.608306e-013
38.59	-1.604553e-013
38.63	-1.605613e-013
38.66	-1.594044e-013
38.69	-1.564808e-013
38.72	-1.526095e-013
38.75	-1.491142e-013
38.78	-1.472775e-013
38.81	-1.468759e-013
38.84	-1.465460e-013
38.88	-1.472842e-013
38.91	-1.514057e-013
38.94	-1.576816e-013
38.97	-1.621898e-013
39.00	-1.625454e-013
39.03	-1.586704e-013
39.06	-1.522442e-013
39.09	-1.458309e-013
39.13	-1.407162e-013
39.16	-1.367275e-013
39.19	-1.333084e-013
39.22	-1.295995e-013
39.25	-1.253313e-013
39.28	-1.207643e-013
39.31	-1.149380e-013
39.34	-1.063041e-013
39.38	-9.313381e-014
39.41	-6.926381e-014
39.44	-1.401373e-014
39.47	1.348628e-013
39.50	5.297975e-013
39.53	1.445979e-012
39.56	3.228981e-012
39.59	6.088574e-012
39.63	9.772912e-012
39.66	1.349924e-011
39.69	1.649629e-011
39.72	1.858566e-011
39.75	2.003731e-011
39.78	2.109790e-011
39.81	2.185135e-011
39.84	2.232252e-011
39.88	2.254798e-011
39.91	2.257860e-011
39.94	2.246623e-011
39.97	2.224931e-011
40.00	2.193906e-011
40.03	2.152655e-011
40.06	2.100474e-011
40.09	2.036018e-011
40.13	1.953733e-011
40.16	1.846624e-011
40.19	1.719928e-011
40.22	1.598887e-011
40.25	1.508946e-011
40.28	1.446642e-011
40.31	1.381228e-011
40.34	1.283655e-011
40.38	1.149711e-011
40.41	9.988658e-012
40.44	8.479750e-012
40.47	6.904899e-012
40.50	5.146323e-012
40.53	3.328401e-012
40.56	1.774358e-012
40.59	7.224676e-013
40.63	1.695348e-013
40.66	-5.105766e-014
40.69	-1.145542e-013
40.72	-1.255819e-013
40.75	-1.254369e-013
40.78	-1.234082e-013
40.81	-1.191653e-013
40.84	-1.144040e-013
40.88	-1.133949e-013
40.91	-1.179479e-013
40.94	-1.255663e-013
40.97	-1.320633e-013
41.00	-1.347325e-013
41.03	-1.330031e-013
41.06	-1.272807e-013
41.09	-1.196807e-013
41.13	-1.147667e-013
41.16	-1.156944e-013
41.19	-1.211627e-013
41.22	-1.280032e-013
41.25	-1.337832e-013
41.28	-1.371979e-013
41.31	-1.391412e-013
41.34	-1.417202e-013
41.38	-1.447516e-013
41.41	-1.460681e-013
41.44	-1.454371e-013
41.47	-1.451863e-013
41.50	-1.471402e-013
41.53	-1.510469e-013
41.56	-1.555794e-013
41.59	-1.594570e-013
41.63	-1.616891e-013
41.66	-1.620629e-013
41.69	-1.616244e-013
41.72	-1.609520e-013
41.75	-1.585463e-013
41.78	-1.538182e-013
41.81	-1.495218e-013
41.84	-1.483169e-013
41.88	-1.499652e-013
41.91	-1.526824e-013
41.94	-1.549385e-013
41.97	-1.566365e-013
42.00	-1.580546e-013
42.03	-1.574284e-013
42.06	-1.532048e-013
42.09	-1.478390e-013
42.13	-1.450547e-013
42.16	-1.455511e-013
42.19	-1.482269e-013
42.22	-1.520164e-013
42.25	-1.551154e-013
42.28	-1.557360e-013
42.31	-1.544215e-013
42.34	-1.543686e-013
42.38	-1.583529e-013
42.41	-1.647304e-013
42.44	-1.684991e-013
42.47	-1.670935e-013
42.50	-1.624844e-013
42.53	-1.577512e-013
42.56	-1.543405e-013
42.59	-1.525979e-013
42.63	-1.531624e-013
42.66	-1.560024e-013
42.69	-1.589674e-013
42.72	-1.606487e-013
42.75	-1.626395e-013
42.78	-1.655762e-013
42.81	-1.664577e-013
42.84	-1.630545e-013
42.88	-1.577368e-013
42.91	-1.547005e-013
42.94	-1.559516e-013
42.97	-1.604821e-013
43.00	-1.645827e-013
43.03	-1.638789e-013
43.06	-1.576531e-013
43.09	-1.499949e-013
43.13	-1.460421e-013
43.16	-1.475845e-013
43.19	-1.517998e-013
43.22	-1.549461e-013
43.25	-1.564477e-013
43.28	-1.576824e-013
43.31	-1.587327e-013
43.34	-1.579961e-013
43.38	-1.545750e-013
43.41	-1.502320e-013
43.44	-1.474654e-013
43.47	-1.462395e-013
43.50	-1.438593e-013
43.53	-1.348737e-013
43.56	-1.088795e-013
43.59	-5.265036e-014
43.63	4.094148e-014
43.66	1.646632e-013
43.69	2.983414e-013
43.72	4.213766e-013
43.75	5.238006e-013
43.78	6.041680e-013
43.81	6.629208e-013
43.84	7.022513e-013
43.88	7.266698e-013
43.91	7.394679e-013
43.94	7.417776e-013
43.97	7.354135e-013
44.00	7.232898e-013
44.03	7.086472e-013
44.06	6.948261e-013
44.09	6.821463e-013
44.13	6.664648e-013
44.16	6.435736e-013
44.19	6.116257e-013
44.22	5.703294e-013
44.25	5.232655e-013
44.28	4.781133e-013
44.31	4.399288e-013
44.34	4.068709e-013
44.38	3.735032e-013
44.41	3.347479e-013
44.44	2.869271e-013
44.47	2.275614e-013
44.50	1.556620e-013
44.53	7.421608e-014
44.56	-7.343887e-015
44.59	-7.570982e-014
44.63	-1.216689e-013
44.66	-1.457470e-013
44.69	-1.551107e-013
44.72	-1.564611e-013
44.75	-1.530491e-013
44.78	-1.466411e-013
44.81	-1.401290e-013
44.84	-1.368856e-013
44.88	-1.373615e-013
44.91	-1.386172e-013
44.94	-1.381693e-013
44.97	-1.358448e-013
45.00	-1.319459e-013
45.03	-1.276703e-013
45.06	-1.268204e-013
45.09	-1.320157e-013
45.13	-1.405102e-013
45.16	-1.480424e-013
45.19	-1.539527e-013
45.22	-1.590754e-013
45.25	-1.618853e-013
45.28	-1.604143e-013
45.31	-1.563554e-013
45.34	-1.535729e-013
45.38	-1.530517e-013
45.41	-1.533860e-013
45.44	-1.550392e-013
45.47	-1.587041e-013
45.50	-1.616266e-013
45.53	-1.609877e-013
45.56	-1.581425e-013
45.59	-1.561399e-013
45.63	-1.560303e-013
45.66	-1.572625e-013
45.69	-1.593635e-013
45.72	-1.616120e-013
45.75	-1.622684e-013
45.78	-1.601546e-013
45.81	-1.562937e-013
45.84	-1.519145e-013
45.88	-1.470223e-013
45.91	-1.429921e-013
45.94	-1.425809e-013
45.97	-1.462843e-013
46.00	-1.526005e-013
46.03	-1.601991e-013
46.06	-1.665929e-013
46.09	-1.687276e-013
46.13	-1.669478e-013
46.16	-1.647880e-013
46.19	-1.649732e-013
46.22	-1.675126e-013
46.25	-1.702614e-013
46.28	-1.707096e-013
46.31	-1.677648e-013
46.34	-1.621256e-013
46.38	-1.562846e-013
46.41	-1.533368e-013
46.44	-1.541580e-013
46.47	-1.570702e-013
46.50	-1.602584e-013
46.53	-1.628520e-013
46.56	-1.644457e-013
46.59	-1.650528e-013
46.63	-1.650872e-013
46.66	-1.648874e-013
46.69	-1.645739e-013
46.72	-1.636006e-013
46.75	-1.604876e-013
46.78	-1.551653e-013
46.81	-1.509245e-013
46.84	-1.515091e-013
46.88	-1.570125e-013
46.91	-1.638075e-013
46.94	-1.679846e-013
46.97	-1.687068e-013
47.00	-1.676418e-013
47.03	-1.663515e-013
47.06	-1.661249e-013
47.09	-1.675364e-013
47.13	-1.688723e-013
47.16	-1.674352e-013
47.19	-1.629284e-013
47.22	-1.587902e-013
47.25	-1.583757e-013
47.28	-1.602513e-013
47.31	-1.603986e-013
47.34	-1.574861e-013
47.38	-1.537733e-013
47.41	-1.528836e-013
47.44	-1.567619e-013
47.47	-1.636719e-013
47.50	-1.698626e-013
47.53	-1.727072e-013
47.56	-1.720688e-013
47.59	-1.696842e-013
47.63	-1.673344e-013
47.66	-1.660894e-013
47.69	-1.669014e-013
47.72	-1.699310e-013
47.75	-1.731790e-013
47.78	-1.733911e-013
47.81	-1.690133e-013
47.84	-1.616293e-013
47.88	-1.539576e-013
47.91	-1.477182e-013
47.94	-1.446725e-013
47.97	-1.473839e-013
48.00	-1.562315e-013
48.03	-1.672215e-013
48.06	-1.743894e-013
48.09	-1.738822e-013
48.13	-1.667074e-013
48.16	-1.583672e-013
48.19	-1.545280e-013
48.22	-1.567397e-013
48.25	-1.630428e-013
48.28	-1.707051e-013
48.31	-1.764552e-013
48.34	-1.767958e-013
48.38	-1.711235e-013
48.41	-1.631597e-013
48.44	-1.572355e-013
48.47	-1.547178e-013
48.50	-1.546845e-013
48.53	-1.556114e-013
48.56	-1.568648e-013
48.59	-1.597328e-013
48.63	-1.645964e-013
48.66	-1.678589e-013
48.69	-1.653295e-013
48.72	-1.573159e-013
48.75	-1.485208e-013
48.78	-1.440047e-013
48.81	-1.456134e-013
48.84	-1.517852e-013
48.88	-1.588333e-013
48.91	-1.619251e-013
48.94	-1.588771e-013
48.97	-1.539029e-013
49.00	-1.532481e-013
49.03	-1.576063e-013
49.06	-1.626725e-013
49.09	-1.651820e-013
49.13	-1.652337e-013
49.16	-1.639350e-013
49.19	-1.614098e-013
49.22	-1.580792e-013
49.25	-1.555210e-013
49.28	-1.545942e-013
49.31	-1.552162e-013
49.34	-1.579910e-013
49.38	-1.627359e-013
49.41	-1.662638e-013
49.44	-1.653021e-013
49.47	-1.610948e-013
49.50	-1.584917e-013
49.53	-1.601979e-013
49.56	-1.637126e-013
49.59	-1.652357e-013
49.63	-1.646327e-013
49.66	-1.640320e-013
49.69	-1.637867e-013
49.72	-1.626310e-013
49.75	-1.597654e-013
49.78	-1.555861e-013
49.81	-1.516549e-013
49.84	-1.495402e-013
49.88	-1.499011e-013
49.91	-1.526018e-013
49.94	-1.561602e-013
49.97	-1.584447e-013